           1   3.00000000      0.149419397    
          21   2.99149656      0.150547966    
          41   2.97448969      0.151675478    
          61   2.94896603      0.152804434    
          81   2.91490221      0.153940633    
         101   2.87227225      0.155095771    
         121   2.82105923      0.156290993    
         141   2.76127505      0.157563835    
         161   2.69298887      0.158978194    
         181   2.61637092      0.160640582    
         201   2.53175688      0.162724480    
         221   2.43974328      0.165504351    
         241   2.34132361      0.169397712    
         261   2.23808241      0.175004721    
         281   2.13245893      0.183114097    
         301   2.02807856      0.194617435    
         321   1.93011892      0.210271865    
         341   1.84559083      0.230359674    
         361   1.78327632      0.254588783    
         381   1.75291157      0.282710761    
         401   1.76322842      0.315325320    
         421   1.81903112      0.352760911    
         441   1.91864443      0.392122269    
         461   2.05375338      0.427413017    
         481   2.21226978      0.453941971    
         501   2.38229108      0.471066087    
         521   2.55466843      0.480885863    
         541   2.72354221      0.485999107    
         561   2.88570142      0.488400519    
         581   3.03969407      0.489347339    
         601   3.18510747      0.489556581    
         621   3.32209349      0.489415437    
         641   3.45108271      0.489125580    
         661   3.57262421      0.488789082    
         681   3.68729830      0.488455117    
         701   3.79567075      0.488145590    
         721   3.89827251      0.487868667    
         741   3.99559045      0.487625599    
         761   4.08806562      0.487414569    
         781   4.17609501      0.487232208    
         801   4.26003504      0.487075210    
         821   4.34020519      0.486940086    
         841   4.41689110      0.486823648    
         861   4.49034929      0.486723304    
         881   4.56081057      0.486636609    
         901   4.62848186      0.486561626    
         921   4.69355106      0.486496508    
         941   4.75618744      0.486439973    
         961   4.81654406      0.486390650    
         981   4.87476063      0.486347675    
        1001   4.93096399      0.486309946    
        1021   4.98527002      0.486276984    
        1041   5.03778458      0.486247957    
        1061   5.08860493      0.486222416    
        1081   5.13782024      0.486199886    
        1101   5.18551302      0.486180067    
        1121   5.23175859      0.486162513    
        1141   5.27662706      0.486146986    
        1161   5.32018328      0.486133218    
        1181   5.36248732      0.486121058    
        1201   5.40359497      0.486110210    
        1221   5.44355774      0.486100614    
        1241   5.48242474      0.486092120    
        1261   5.52024031      0.486084521    
        1281   5.55704737      0.486077785    
        1301   5.59288502      0.486071855    
        1321   5.62778997      0.486066550    
        1341   5.66179752      0.486061871    
        1361   5.69493961      0.486057788    
        1381   5.72724724      0.486054093    
        1401   5.75874901      0.486050904    
        1421   5.78947210      0.486048043    
        1441   5.81944275      0.486045569    
        1461   5.84868431      0.486043394    
        1481   5.87722015      0.486041516    
        1501   5.90507174      0.486039907    
        1521   5.93226004      0.486038566    
        1541   5.95880413      0.486037374    
        1561   5.98472214      0.486036360    
        1581   6.01003170      0.486035585    
        1601   6.03474998      0.486034930    
        1621   6.05889225      0.486034423    
        1641   6.08247375      0.486034095    
        1661   6.10550833      0.486033797    
        1681   6.12801027      0.486033678    
        1701   6.14999199      0.486033618    
        1721   6.17146635      0.486033648    
        1741   6.19244480      0.486033767    
        1761   6.21293879      0.486033976    
        1781   6.23295927      0.486034274    
        1801   6.25251627      0.486034572    
        1821   6.27161980      0.486034900    
        1841   6.29027939      0.486035377    
        1861   6.30850363      0.486035854    
        1881   6.32630157      0.486036390    
        1901   6.34368134      0.486036927    
        1921   6.36065102      0.486037552    
        1941   6.37721777      0.486038178    
        1961   6.39338923      0.486038834    
        1981   6.40917206      0.486039490    
        2001   6.42457342      0.486040235    
        2021   6.43959951      0.486040980    
        2041   6.45425653      0.486041695    
        2061   6.46855021      0.486042470    
        2081   6.48248672      0.486043274    
        2101   6.49607086      0.486044049    
        2121   6.50930834      0.486044914    
        2141   6.52220392      0.486045688    
        2161   6.53476286      0.486046582    
        2181   6.54698944      0.486047447    
        2201   6.55888844      0.486048251    
        2221   6.57046366      0.486049205    
        2241   6.58171940      0.486050099    
        2261   6.59265995      0.486050993    
        2281   6.60328913      0.486051857    
        2301   6.61361027      0.486052781    
        2321   6.62362671      0.486053675    
        2341   6.63334227      0.486054569    
        2361   6.64275980      0.486055493    
        2381   6.65188265      0.486056387    
        2401   6.66071367      0.486057341    
        2421   6.66925573      0.486058265    
        2441   6.67751169      0.486059248    
        2461   6.68548441      0.486060172    
        2481   6.69317579      0.486061066    
        2501   6.70058870      0.486062050    
        2521   6.70772552      0.486063004    
        2541   6.71458817      0.486063927    
        2561   6.72117853      0.486064851    
        2581   6.72749901      0.486065775    
        2601   6.73355150      0.486066729    
        2621   6.73933792      0.486067712    
        2641   6.74485970      0.486068606    
        2661   6.75011873      0.486069590    
        2681   6.75511646      0.486070544    
        2701   6.75985432      0.486071438    
        2721   6.76433372      0.486072451    
        2741   6.76855564      0.486073345    
        2761   6.77252197      0.486074269    
        2781   6.77623367      0.486075282    
        2801   6.77969170      0.486076206    
        2821   6.78289700      0.486077100    
        2841   6.78585052      0.486078084    
        2861   6.78855324      0.486079037    
        2881   6.79100609      0.486079991    
        2901   6.79320955      0.486080915    
        2921   6.79516459      0.486081839    
        2941   6.79687166      0.486082822    
        2961   6.79833126      0.486083776    
        2981   6.79954386      0.486084700    
        3001   6.80050993      0.486085653    
        3021   6.80122948      0.486086607    
        3041   6.80170298      0.486087531    
        3061   6.80193043      0.486088485    
        3081   6.80191231      0.486089468    
        3101   6.80164862      0.486090362    
        3121   6.80113888      0.486091316    
        3141   6.80038357      0.486092269    
        3161   6.79938221      0.486093163    
        3181   6.79813480      0.486094147    
        3201   6.79664135      0.486095101    
        3221   6.79490089      0.486096054    
        3241   6.79291344      0.486096978    
        3261   6.79067850      0.486097872    
        3281   6.78819561      0.486098826    
        3301   6.78546381      0.486099809    
        3321   6.78248262      0.486100703    
        3341   6.77925158      0.486101657    
        3361   6.77576923      0.486102611    
        3381   6.77203512      0.486103535    
        3401   6.76804829      0.486104488    
        3421   6.76380777      0.486105442    
        3441   6.75931263      0.486106306    
        3461   6.75456142      0.486107290    
        3481   6.74955273      0.486108243    
        3501   6.74428558      0.486109167    
        3521   6.73875856      0.486110091    
        3541   6.73297024      0.486110985    
        3561   6.72691870      0.486111969    
        3581   6.72060251      0.486112863    
        3601   6.71401978      0.486113787    
        3621   6.70716906      0.486114711    
        3641   6.70004797      0.486115634    
        3661   6.69265461      0.486116618    
        3681   6.68498707      0.486117542    
        3701   6.67704296      0.486118436    
        3721   6.66882038      0.486119360    
        3741   6.66031647      0.486120224    
        3761   6.65152884      0.486121118    
        3781   6.64245510      0.486122042    
        3801   6.63309240      0.486122996    
        3821   6.62343788      0.486123830    
        3841   6.61348820      0.486124754    
        3861   6.60324097      0.486125618    
        3881   6.59269238      0.486126482    
        3901   6.58183956      0.486127377    
        3921   6.57067871      0.486128241    
        3941   6.55920601      0.486129075    
        3961   6.54741812      0.486129910    
        3981   6.53531122      0.486130744    
        4001   6.52288103      0.486131579    
        4021   6.51012278      0.486132354    
        4041   6.49703264      0.486133158    
        4061   6.48360586      0.486133933    
        4081   6.46983767      0.486134738    
        4101   6.45572329      0.486135483    
        4121   6.44125748      0.486136168    
        4141   6.42643452      0.486136913    
        4161   6.41124916      0.486137599    
        4181   6.39569521      0.486138254    
        4201   6.37976694      0.486138850    
        4221   6.36345816      0.486139506    
        4241   6.34676170      0.486140072    
        4261   6.32967138      0.486140609    
        4281   6.31217957      0.486141056    
        4301   6.29427910      0.486141503    
        4321   6.27596188      0.486141950    
        4341   6.25722027      0.486142308    
        4361   6.23804569      0.486142635    
        4381   6.21842909      0.486142844    
        4401   6.19836140      0.486143053    
        4421   6.17783308      0.486143172    
        4441   6.15683413      0.486143202    
        4461   6.13535404      0.486143112    
        4481   6.11338186      0.486142993    
        4501   6.09090614      0.486142755    
        4521   6.06791496      0.486142397    
        4541   6.04439545      0.486141890    
        4561   6.02033472      0.486141324    
        4581   5.99571896      0.486140549    
        4601   5.97053337      0.486139685    
        4621   5.94476318      0.486138612    
        4641   5.91839218      0.486137301    
        4661   5.89140368      0.486135840    
        4681   5.86378002      0.486134142    
        4701   5.83550262      0.486132115    
        4721   5.80655193      0.486129880    
        4741   5.77690744      0.486127317    
        4761   5.74654722      0.486124426    
        4781   5.71544886      0.486121088    
        4801   5.68358755      0.486117393    
        4821   5.65093803      0.486113161    
        4841   5.61747313      0.486108482    
        4861   5.58316374      0.486103177    
        4881   5.54797983      0.486097276    
        4901   5.51188898      0.486090600    
        4921   5.47485638      0.486083150    
        4941   5.43684578      0.486074805    
        4961   5.39781857      0.486065388    
        4981   5.35773277      0.486054927    
        5001   5.31654406      0.486043155    
        5021   5.27420521      0.486029923    
        5041   5.23066521      0.486015201    
        5061   5.18586969      0.485998511    
        5081   5.13976049      0.485979795    
        5101   5.09227467      0.485958636    
        5121   5.04334450      0.485934943    
        5141   4.99289751      0.485908061    
        5161   4.94085455      0.485877782    
        5181   4.88713074      0.485843480    
        5201   4.83163357      0.485804558    
        5221   4.77426291      0.485760391    
        5241   4.71490955      0.485710114    
        5261   4.65345526      0.485652864    
        5281   4.58976984      0.485587507    
        5301   4.52371120      0.485512704    
        5321   4.45512390      0.485427052    
        5341   4.38383722      0.485328674    
        5361   4.30966282      0.485215753    
        5381   4.23239374      0.485085845    
        5401   4.15180159      0.484936625    
        5421   4.06763268      0.484765202    
        5441   3.97960758      0.484568954    
        5461   3.88741612      0.484345227    
        5481   3.79071546      0.484092593    
        5501   3.68912649      0.483811677    
        5521   3.58223176      0.483507514    
        5541   3.46957469      0.483193457    
        5561   3.35066104      0.482899249    
        5581   3.22496533      0.482684076    
        5601   3.09194684      0.482662112    
        5621   2.95108080      0.483049124    
        5641   2.80191779      0.484247625    
        5661   2.64419031      0.487002254    
        5681   2.47800398      0.492675215    
        5701   2.30417156      0.503706574    
        5721   2.12478685      0.524281442    
        5741   1.94418347      0.560984671    
        5761   1.77044606      0.622529328    
        5781   1.61750913      0.716893792    
        5801   1.50723732      0.847002447    
        5821   1.46912789       1.01613224    
        5841   1.53279555       1.23979855    
        5861   1.71051776       1.50176632    
        5881   1.98240924       1.71511924    
        5901   2.30716324       1.82902610    
        5921   2.64914441       1.87062788    
        5941   2.98980784       1.87881029    
        5961   3.32278490       1.87515712    
        5981   3.64724255       1.86854005    
        6001   3.96425557       1.86208296    
        6021   4.27531385       1.85668385    
        6041   4.58180094       1.85244679    
        6061   4.88485432       1.84922361    
        6081   5.18535900       1.84681344    
        6101   5.48398542       1.84502912    
        6121   5.78123474       1.84371638    
        6141   6.07747698       1.84275413    
        6161   6.37298393       1.84205079    
        6181   6.66795492       1.84153771    
        6201   6.96253586       1.84116387    
        6221   7.25683308       1.84089148    
        6241   7.55092382       1.84069347    
        6261   7.84486437       1.84054947    
        6281   8.13869572       1.84044468    
        6301   8.43244743       1.84036863    
        6321   8.72614193       1.84031320    
        6341   9.01979446       1.84027302    
        6361   9.31341648       1.84024382    
        6381   9.60701656       1.84022260    
        6401   9.90060043       1.84020710    
        6421   10.1941719       1.84019589    
        6441   10.4877357       1.84018779    
        6461   10.7812929       1.84018171    
        6481   11.0748453       1.84017730    
        6501   11.3683949       1.84017432    
        6521   11.6619425       1.84017205    
        6541   11.9554882       1.84017038    
        6561   12.2490320       1.84016919    
        6581   12.5425749       1.84016836    
        6601   12.8361177       1.84016764    
        6621   13.1296597       1.84016728    
        6641   13.4232016       1.84016669    
        6661   13.7167435       1.84016657    
        6681   14.0102844       1.84016633    
        6701   14.3038254       1.84016633    
        6721   14.5973663       1.84016609    
        6741   14.8909073       1.84016609    
        6761   15.1844482       1.84016597    
        6781   15.4779892       1.84016585    
        6801   15.7715302       1.84016597    
        6821   16.0650711       1.84016585    
        6841   16.3586121       1.84016585    
        6861   16.6521530       1.84016585    
        6881   16.9456940       1.84016585    
        6901   17.2392349       1.84016597    
        6921   17.5327759       1.84016597    
        6941   17.8263168       1.84016597    
        6961   18.1198578       1.84016597    
        6981   18.4133987       1.84016609    
        7001   18.7069397       1.84016609    
        7021   19.0004807       1.84016609    
        7041   19.2940216       1.84016609    
        7061   19.5875626       1.84016609    
        7081   19.8811035       1.84016609    
        7101   20.1746445       1.84016609    
        7121   20.4681854       1.84016609    
        7141   20.7617264       1.84016609    
        7161   21.0552673       1.84016609    
        7181   21.3488083       1.84016609    
        7201   21.6423492       1.84016609    
        7221   21.9358902       1.84016609    
        7241   22.2294312       1.84016609    
        7261   22.5229721       1.84016609    
        7281   22.8165131       1.84016609    
        7301   23.1100540       1.84016609    
        7321   23.4035950       1.84016609    
        7341   23.6971359       1.84016609    
        7361   23.9906769       1.84016609    
        7381   24.2842178       1.84016609    
        7401   24.5777588       1.84016609    
        7421   24.8712997       1.84016609    
        7441   25.1648407       1.84016609    
        7461   25.4583817       1.84016609    
        7481   25.7519226       1.84016609    
        7501   26.0454636       1.84016609    
        7521   26.3390045       1.84016609    
        7541   26.6325455       1.84016609    
        7561   26.9260864       1.84016609    
        7581   27.2196274       1.84016609    
        7601   27.5131683       1.84016609    
        7621   27.8067093       1.84016609    
        7641   28.1002502       1.84016609    
        7661   28.3937912       1.84016609    
        7681   28.6873322       1.84016609    
        7701   28.9808731       1.84016609    
        7721   29.2744141       1.84016609    
        7741   29.5679550       1.84016609    
        7761   29.8614960       1.84016609    
        7781   30.1550369       1.84016609    
        7801   30.4485779       1.84016609    
        7821   30.7421188       1.84016609    
        7841   31.0356598       1.84016609    
        7861   31.3292007       1.84016609    
        7881   31.6227417       1.84016609    
        7901   31.9162827       1.84016609    
        7921   32.2098236       1.84016609    
        7941   32.5033646       1.84016609    
        7961   32.7969055       1.84016609    
        7981   33.0904465       1.84016609    
        8001   33.3839874       1.84016609    
        8021   33.6775284       1.84016609    
        8041   33.9710693       1.84016609    
        8061   34.2646103       1.84016609    
        8081   34.5581512       1.84016609    
        8101   34.8516922       1.84016609    
        8121   35.1452332       1.84016609    
        8141   35.4387741       1.84016609    
        8161   35.7323151       1.84016609    
        8181   36.0258560       1.84016609    
        8201   36.3193970       1.84016609    
        8221   36.6129379       1.84016609    
        8241   36.9064789       1.84016609    
        8261   37.2000198       1.84016609    
        8281   37.4935608       1.84016609    
        8301   37.7871017       1.84016609    
        8321   38.0806427       1.84016609    
        8341   38.3741837       1.84016609    
        8361   38.6677246       1.84016609    
        8381   38.9612656       1.84016609    
        8401   39.2548065       1.84016609    
        8421   39.5483475       1.84016609    
        8441   39.8418884       1.84016609    
        8461   40.1354294       1.84016609    
        8481   40.4289703       1.84016609    
        8501   40.7225113       1.84016609    
        8521   41.0160522       1.84016609    
        8541   41.3095932       1.84016609    
        8561   41.6031342       1.84016609    
        8581   41.8966751       1.84016609    
        8601   42.1902161       1.84016609    
        8621   42.4837570       1.84016609    
        8641   42.7772980       1.84016609    
        8661   43.0708389       1.84016609    
        8681   43.3643799       1.84016609    
        8701   43.6579208       1.84016609    
        8721   43.9514618       1.84016609    
        8741   44.2450027       1.84016609    
        8761   44.5385437       1.84016609    
        8781   44.8320847       1.84016609    
        8801   45.1256256       1.84016609    
        8821   45.4191666       1.84016609    
        8841   45.7127075       1.84016609    
        8861   46.0062485       1.84016609    
        8881   46.2997894       1.84016609    
        8901   46.5933304       1.84016609    
        8921   46.8868713       1.84016609    
        8941   47.1804123       1.84016609    
        8961   47.4739532       1.84016609    
        8981   47.7674942       1.84016609    
        9001   48.0610352       1.84016609    
        9021   48.3545761       1.84016609    
        9041   48.6481171       1.84016609    
        9061   48.9416580       1.84016609    
        9081   49.2351990       1.84016609    
        9101   49.5287399       1.84016609    
        9121   49.8222809       1.84016609    
        9141   50.1158218       1.84016609    
        9161   50.4093628       1.84016609    
        9181   50.7029037       1.84016609    
        9201   50.9964447       1.84016609    
        9221   51.2899857       1.84016609    
        9241   51.5835266       1.84016609    
        9261   51.8770676       1.84016609    
        9281   52.1706085       1.84016609    
        9301   52.4641495       1.84016609    
        9321   52.7576904       1.84016609    
        9341   53.0512314       1.84016609    
        9361   53.3447723       1.84016609    
        9381   53.6383133       1.84016609    
        9401   53.9318542       1.84016609    
        9421   54.2253952       1.84016609    
        9441   54.5189362       1.84016609    
        9461   54.8124771       1.84016609    
        9481   55.1060181       1.84016609    
        9501   55.3995590       1.84016609    
        9521   55.6931000       1.84016609    
        9541   55.9866409       1.84016609    
        9561   56.2801819       1.84016609    
        9581   56.5737228       1.84016609    
        9601   56.8672638       1.84016609    
        9621   57.1608047       1.84016609    
        9641   57.4543457       1.84016609    
        9661   57.7478867       1.84016609    
        9681   58.0414276       1.84016609    
        9701   58.3349686       1.84016609    
        9721   58.6285095       1.84016609    
        9741   58.9220505       1.84016609    
        9761   59.2155914       1.84016609    
        9781   59.5091324       1.84016609    
        9801   59.8026733       1.84016609    
        9821   60.0962143       1.84016609    
        9841   60.3897552       1.84016609    
        9861   60.6832962       1.84016609    
        9881   60.9768372       1.84016609    
        9901   61.2703781       1.84016609    
        9921   61.5639191       1.84016609    
        9941   61.8574600       1.84016609    
        9961   62.1510010       1.84016609    
        9981   62.4445419       1.84016609    
