           1   2.49925947       2.42443141E-02  -1.47820683E-04
          11   2.49704528       2.42439043E-02  -2.95038219E-04
          21   2.49336648       2.42434833E-02  -4.41043172E-04
          31   2.48823833       2.42430195E-02  -5.85209171E-04
          41   2.48168254       2.42424887E-02  -7.26884580E-04
          51   2.47372770       2.42419150E-02  -8.65384296E-04
          61   2.46440911       2.42412295E-02  -9.99982236E-04
          71   2.45376992       2.42404304E-02  -1.12990336E-03
          81   2.44186115       2.42394805E-02  -1.25431747E-03
          91   2.42874265       2.42383685E-02  -1.37233327E-03
         101   2.41448331       2.42370591E-02  -1.48299395E-03
         111   2.39916182       2.42354795E-02  -1.58527470E-03
         121   2.38286781       2.42336281E-02  -1.67808216E-03
         131   2.36570215       2.42314935E-02  -1.76025811E-03
         141   2.34777713       2.42290124E-02  -1.83058577E-03
         151   2.32921791       2.42261887E-02  -1.88780145E-03
         161   2.31016207       2.42230110E-02  -1.93061202E-03
         171   2.29076028       2.42194813E-02  -1.95771898E-03
         181   2.27117610       2.42156293E-02  -1.96784944E-03
         191   2.25158501       2.42114794E-02  -1.95979583E-03
         201   2.23217416       2.42070947E-02  -1.93246256E-03
         211   2.21314073       2.42025293E-02  -1.88492017E-03
         221   2.19468975       2.41978634E-02  -1.81646575E-03
         231   2.17703176       2.41931528E-02  -1.72668719E-03
         241   2.16037965       2.41884515E-02  -1.61552639E-03
         251   2.14494419       2.41838340E-02  -1.48333958E-03
         261   2.13093019       2.41793636E-02  -1.33094657E-03
         271   2.11853218       2.41749864E-02  -1.15966564E-03
         281   2.10792828       2.41707377E-02  -9.71328293E-04
         291   2.09927607       2.41665859E-02  -7.68266967E-04
         301   2.09270763       2.41624434E-02  -5.53275982E-04
         311   2.08832502       2.41583362E-02  -3.29543633E-04
         321   2.08619738       2.41542086E-02  -1.00557154E-04
         331   2.08635831       2.41500773E-02   1.30012282E-04
         341   2.08880472       2.41459906E-02   3.58437916E-04
         351   2.09349680       2.41420530E-02   5.81070490E-04
         361   2.10035992       2.41383594E-02   7.94465537E-04
         371   2.10928679       2.41350029E-02   9.95494658E-04
         381   2.12014103       2.41320916E-02   1.18143542E-03
         391   2.13276148       2.41297260E-02   1.35003531E-03
         401   2.14696741       2.41279323E-02   1.49954529E-03
         411   2.16256309       2.41267122E-02   1.62872719E-03
         421   2.17934251       2.41260454E-02   1.73683546E-03
         431   2.19709492       2.41258573E-02   1.82358013E-03
         441   2.21560812       2.41260771E-02   1.88907515E-03
         451   2.23467278       2.41266116E-02   1.93377794E-03
         461   2.25408554       2.41273399E-02   1.95842562E-03
         471   2.27365136       2.41281856E-02   1.96397211E-03
         481   2.29318500       2.41290592E-02   1.95152825E-03
         491   2.31251287       2.41298974E-02   1.92230975E-03
         501   2.33147407       2.41306517E-02   1.87759113E-03
         511   2.34991980       2.41312757E-02   1.81866786E-03
         521   2.36771488       2.41317805E-02   1.74682657E-03
         531   2.38473606       2.41321176E-02   1.66332175E-03
         541   2.40087271       2.41323151E-02   1.56935980E-03
         551   2.41602588       2.41323821E-02   1.46608788E-03
         561   2.43010783       2.41323281E-02   1.35458761E-03
         571   2.44304109       2.41321810E-02   1.23587274E-03
         581   2.45475817       2.41319556E-02   1.11088937E-03
         591   2.46520042       2.41316259E-02   9.80519224E-04
         601   2.47431827       2.41312794E-02   8.45583796E-04
         611   2.48206949       2.41308808E-02   7.06850493E-04
         621   2.48841977       2.41304543E-02   5.65039227E-04
         631   2.49334168       2.41300389E-02   4.20830096E-04
         641   2.49681425       2.41296031E-02   2.74870836E-04
         651   2.49882317       2.41291728E-02   1.27785330E-04
         661   2.49936032       2.41287779E-02  -1.98182097E-05
         671   2.49842334       2.41283849E-02  -1.67338992E-04
         681   2.49601603       2.41279770E-02  -3.14174918E-04
         691   2.49214840       2.41275392E-02  -4.59714327E-04
         701   2.48683643       2.41270568E-02  -6.03327528E-04
         711   2.48010302       2.41265371E-02  -7.44358520E-04
         721   2.47197723       2.41259355E-02  -8.82117020E-04
         731   2.46249580       2.41252296E-02  -1.01587060E-03
         741   2.45170283       2.41244193E-02  -1.14483747E-03
         751   2.43965054       2.41234768E-02  -1.26818009E-03
         761   2.42639971       2.41223387E-02  -1.38499914E-03
         771   2.41202068       2.41210014E-02  -1.49433000E-03
         781   2.39659357       2.41193920E-02  -1.59514009E-03
         791   2.38020945       2.41175164E-02  -1.68632925E-03
         801   2.36297059       2.41153445E-02  -1.76673324E-03
         811   2.34499097       2.41128374E-02  -1.83513132E-03
         821   2.32639718       2.41099801E-02  -1.89025851E-03
         831   2.30732846       2.41067670E-02  -1.93082390E-03
         841   2.28793716       2.41032168E-02  -1.95553550E-03
         851   2.26838779       2.40993444E-02  -1.96313276E-03
         861   2.24885750       2.40951851E-02  -1.95242604E-03
         871   2.22953463       2.40907855E-02  -1.92234537E-03
         881   2.21061683       2.40862202E-02  -1.87199528E-03
         891   2.19230938       2.40815673E-02  -1.80071488E-03
         901   2.17482305       2.40768753E-02  -1.70814176E-03
         911   2.15836978       2.40722168E-02  -1.59427547E-03
         921   2.14315915       2.40676627E-02  -1.45953579E-03
         931   2.12939453       2.40632202E-02  -1.30480970E-03
         941   2.11726737       2.40589008E-02  -1.13148428E-03
         951   2.10695291       2.40546875E-02  -9.41456819E-04
         961   2.09860492       2.40505356E-02  -7.37119350E-04
         971   2.09235072       2.40464695E-02  -5.21315786E-04
         981   2.08828807       2.40423847E-02  -2.97269726E-04
         991   2.08648086       2.40382571E-02  -6.84876868E-05
        1001   2.08695745       2.40341965E-02   1.61357850E-04
        1011   2.08970976       2.40301751E-02   3.88558197E-04
        1021   2.09469342       2.40262579E-02   6.09499053E-04
        1031   2.10182929       2.40225941E-02   8.20785877E-04
        1041   2.11100602       2.40193121E-02   1.01935258E-03
        1051   2.12208414       2.40165181E-02   1.20254757E-03
        1061   2.13490033       2.40142383E-02   1.36819272E-03
        1071   2.14927197       2.40125135E-02   1.51461316E-03
        1081   2.16500235       2.40113642E-02   1.64064171E-03
        1091   2.18188524       2.40107402E-02   1.74559723E-03
        1101   2.19970989       2.40106080E-02   1.82924629E-03
        1111   2.21826506       2.40108650E-02   1.89174979E-03
        1121   2.23734260       2.40114145E-02   1.93360250E-03
        1131   2.25674057       2.40121558E-02   1.95556949E-03
        1141   2.27626562       2.40129977E-02   1.95862376E-03
        1151   2.29573464       2.40138583E-02   1.94388791E-03
        1161   2.31497622       2.40146797E-02   1.91258255E-03
        1171   2.33383107       2.40154043E-02   1.86598173E-03
        1181   2.35215282       2.40160003E-02   1.80537673E-03
        1191   2.36980796       2.40164734E-02   1.73204660E-03
        1201   2.38667512       2.40167808E-02   1.64723629E-03
        1211   2.40264559       2.40169447E-02   1.55214162E-03
        1221   2.41762209       2.40169857E-02   1.44789834E-03
        1231   2.43151832       2.40169130E-02   1.33557653E-03
        1241   2.44425845       2.40167603E-02   1.21617888E-03
        1251   2.45577598       2.40164921E-02   1.09064125E-03
        1261   2.46601391       2.40161661E-02   9.59835888E-04
        1271   2.47492361       2.40158234E-02   8.24575895E-04
        1281   2.48246408       2.40154471E-02   6.85621169E-04
        1291   2.48860168       2.40150336E-02   5.43685746E-04
        1301   2.49331021       2.40146331E-02   3.99444776E-04
        1311   2.49656963       2.40142383E-02   2.53542501E-04
        1321   2.49836636       2.40138359E-02   1.06600433E-04
        1331   2.49869299       2.40134355E-02  -4.07742773E-05
        1341   2.49754810       2.40130145E-02  -1.87980593E-04
        1351   2.49493647       2.40125693E-02  -3.34415119E-04
        1361   2.49086905       2.40121316E-02  -4.79463546E-04
        1371   2.48536277       2.40116492E-02  -6.22492633E-04
        1381   2.47844124       2.40110941E-02  -7.62841664E-04
        1391   2.47013497       2.40105074E-02  -8.99814710E-04
        1401   2.46048141       2.40098089E-02  -1.03267282E-03
        1411   2.44952583       2.40089856E-02  -1.16062677E-03
        1421   2.43732166       2.40080245E-02  -1.28283107E-03
        1431   2.42393112       2.40068734E-02  -1.39837817E-03
        1441   2.40942574       2.40055025E-02  -1.50629506E-03
        1451   2.39388728       2.40038745E-02  -1.60554075E-03
        1461   2.37740827       2.40019709E-02  -1.69500790E-03
        1471   2.36009240       2.39997543E-02  -1.77352643E-03
        1481   2.34205556       2.39972100E-02  -1.83987140E-03
        1491   2.32342601       2.39943191E-02  -1.89277681E-03
        1501   2.30434465       2.39910819E-02  -1.93095440E-03
        1511   2.28496504       2.39874963E-02  -1.95311976E-03
        1521   2.26545382       2.39836033E-02  -1.95802539E-03
        1531   2.24598908       2.39794310E-02  -1.94450212E-03
        1541   2.22676015       2.39750389E-02  -1.91150780E-03
        1551   2.20796585       2.39704847E-02  -1.85818318E-03
        1561   2.18981171       2.39658505E-02  -1.78391277E-03
        1571   2.17250800       2.39612143E-02  -1.68838783E-03
        1581   2.15626621       2.39566229E-02  -1.57166948E-03
        1591   2.14129472       2.39521116E-02  -1.43424468E-03
        1601   2.12779474       2.39477120E-02  -1.27707247E-03
        1611   2.11595488       2.39434689E-02  -1.10161211E-03
        1621   2.10594702       2.39392947E-02  -9.09829512E-04
        1631   2.09792066       2.39351969E-02  -7.04179052E-04
        1641   2.09199882       2.39311643E-02  -4.87555109E-04
        1651   2.08827400       2.39270441E-02  -2.63217604E-04
        1661   2.08680463       2.39229668E-02  -3.46915331E-05
        1671   2.08761382       2.39189100E-02   1.94351815E-04
        1681   2.09068799       2.39149164E-02   4.20223747E-04
        1691   2.09597778       2.39111185E-02   6.39348757E-04
        1701   2.10339952       2.39075571E-02   8.48387077E-04
        1711   2.11283827       2.39043236E-02   1.04433892E-03
        1721   2.12415099       2.39015855E-02   1.22462702E-03
        1731   2.13717175       2.38993876E-02   1.38715154E-03
        1741   2.15171623       2.38977745E-02   1.53031573E-03
        1751   2.16758657       2.38967221E-02   1.65302632E-03
        1761   2.18457651       2.38961950E-02   1.75466936E-03
        1771   2.20247555       2.38961279E-02   1.83506962E-03
        1781   2.22107339       2.38964334E-02   1.89443678E-03
        1791   2.24016309       2.38970071E-02   1.93330355E-03
        1801   2.25954437       2.38977615E-02   1.95246364E-03
        1811   2.27902579       2.38986015E-02   1.95290940E-03
        1821   2.29842615       2.38994509E-02   1.93577493E-03
        1831   2.31757617       2.39002500E-02   1.90228573E-03
        1841   2.33631873       2.39009541E-02   1.85371516E-03
        1851   2.35450959       2.39015315E-02   1.79134961E-03
        1861   2.37201715       2.39019766E-02   1.71646033E-03
        1871   2.38872218       2.39022747E-02   1.63028226E-03
        1881   2.40451765       2.39024237E-02   1.53399992E-03
        1891   2.41930819       2.39024609E-02   1.42873719E-03
        1901   2.43300891       2.39023790E-02   1.31555239E-03
        1911   2.44554543       2.39021927E-02   1.19543681E-03
        1921   2.45685291       2.39019096E-02   1.06931571E-03
        1931   2.46687555       2.39015818E-02   9.38051264E-04
        1941   2.47556591       2.39012148E-02   8.02448078E-04
        1951   2.48288417       2.39008367E-02   6.63258601E-04
        1961   2.48879790       2.39004456E-02   5.21190581E-04
        1971   2.49328136       2.39000134E-02   3.76914191E-04
        1981   2.49631596       2.38996092E-02   2.31070211E-04
        1991   2.49788880       2.38991883E-02   8.42778536E-05
        2001   2.49799347       2.38987524E-02  -6.28567068E-05
        2011   2.49662971       2.38983519E-02  -2.09732083E-04
        2021   2.49380302       2.38979198E-02  -3.55743367E-04
        2031   2.48952508       2.38974635E-02  -5.00273542E-04
        2041   2.48381400       2.38969624E-02  -6.42685336E-04
        2051   2.47669458       2.38964465E-02  -7.82312942E-04
        2061   2.46819806       2.38958336E-02  -9.18454432E-04
        2071   2.45836306       2.38951109E-02  -1.05036364E-03
        2081   2.44723630       2.38942802E-02  -1.17724354E-03
        2091   2.43487239       2.38933023E-02  -1.29824015E-03
        2101   2.42133474       2.38921028E-02  -1.41243706E-03
        2111   2.40669656       2.38906834E-02  -1.51885231E-03
        2121   2.39104128       2.38890238E-02  -1.61643641E-03
        2131   2.37446284       2.38870829E-02  -1.70407444E-03
        2141   2.35706687       2.38848329E-02  -1.78059004E-03
        2151   2.33897066       2.38822363E-02  -1.84475456E-03
        2161   2.32030439       2.38792971E-02  -1.89530104E-03
        2171   2.30121088       2.38760225E-02  -1.93094462E-03
        2181   2.28184557       2.38724109E-02  -1.95040938E-03
        2191   2.26237607       2.38684937E-02  -1.95246271E-03
        2201   2.24298239       2.38643065E-02  -1.93595758E-03
        2211   2.22385478       2.38599107E-02  -1.89988245E-03
        2221   2.20519257       2.38553733E-02  -1.84341730E-03
        2231   2.18720198       2.38507539E-02  -1.76599505E-03
        2241   2.17009306       2.38461420E-02  -1.66736497E-03
        2251   2.15407634       2.38415841E-02  -1.54765369E-03
        2261   2.13935876       2.38371231E-02  -1.40742026E-03
        2271   2.12613916       2.38327794E-02  -1.24769867E-03
        2281   2.11460352       2.38285325E-02  -1.07002398E-03
        2291   2.10491967       2.38243826E-02  -8.76434555E-04
        2301   2.09723282       2.38203332E-02  -6.69448404E-04
        2311   2.09166098       2.38163285E-02  -4.52011562E-04
        2321   2.08829141       2.38122642E-02  -2.27419427E-04
        2331   2.08717704       2.38081627E-02   7.85745215E-07
        2341   2.08833504       2.38041207E-02   2.28935605E-04
        2351   2.09174633       2.38002203E-02   4.53365152E-04
        2361   2.09735656       2.37964205E-02   6.70541485E-04
        2371   2.10507703       2.37929393E-02   8.77183047E-04
        2381   2.11478877       2.37897970E-02   1.07036124E-03
        2391   2.12634540       2.37871669E-02   1.24757760E-03
        2401   2.13957858       2.37850584E-02   1.40681444E-03
        2411   2.15430212       2.37835310E-02   1.54655613E-03
        2421   2.17031717       2.37825848E-02   1.66578614E-03
        2431   2.18741727       2.37821229E-02   1.76395988E-03
        2441   2.20539236       2.37821098E-02   1.84096221E-03
        2451   2.22403288       2.37824582E-02   1.89705205E-03
        2461   2.24313354       2.37830542E-02   1.93280180E-03
        2471   2.26249576       2.37838142E-02   1.94903370E-03
        2481   2.28192973       2.37846486E-02   1.94675964E-03
        2491   2.30125666       2.37854887E-02   1.92712538E-03
        2501   2.32030916       2.37862598E-02   1.89136073E-03
        2511   2.33893275       2.37869434E-02   1.84073835E-03
        2521   2.35698509       2.37874873E-02   1.77653902E-03
        2531   2.37433672       2.37878859E-02   1.70002563E-03
        2541   2.39087081       2.37881653E-02   1.61242287E-03
        2551   2.40648198       2.37882994E-02   1.51490315E-03
        2561   2.42107654       2.37882957E-02   1.40857813E-03
        2571   2.43457150       2.37881877E-02   1.29449391E-03
        2581   2.44689417       2.37880051E-02   1.17363001E-03
        2591   2.45798087       2.37877145E-02   1.04690029E-03
        2601   2.46777749       2.37874053E-02   9.15157201E-04
        2611   2.47623730       2.37870235E-02   7.79196154E-04
        2621   2.48332214       2.37866398E-02   6.39762147E-04
        2631   2.48900032       2.37862170E-02   4.97556466E-04
        2641   2.49324751       2.37857848E-02   3.53244483E-04
        2651   2.49604583       2.37853602E-02   2.07463279E-04
        2661   2.49738359       2.37849336E-02   6.08299306E-05
        2671   2.49725533       2.37845127E-02  -8.60502478E-05
        2681   2.49566150       2.37840824E-02  -2.32575447E-04
        2691   2.49260879       2.37836372E-02  -3.78138851E-04
        2701   2.48810983       2.37831660E-02  -5.22120274E-04
        2711   2.48218393       2.37826798E-02  -6.63878222E-04
        2721   2.47485662       2.37821359E-02  -8.02741502E-04
        2731   2.46616054       2.37815175E-02  -9.38001438E-04
        2741   2.45613551       2.37807930E-02  -1.06890441E-03
        2751   2.44482923       2.37799138E-02  -1.19464507E-03
        2761   2.43229795       2.37788986E-02  -1.31436030E-03
        2771   2.41860676       2.37776805E-02  -1.42712437E-03
        2781   2.40383029       2.37762518E-02  -1.53194601E-03
        2791   2.38805342       2.37745680E-02  -1.62776711E-03
        2801   2.37137175       2.37725750E-02  -1.71346474E-03
        2811   2.35389280       2.37702671E-02  -1.78785599E-03
        2821   2.33573604       2.37676296E-02  -1.84970873E-03
        2831   2.31703329       2.37646513E-02  -1.89775554E-03
        2841   2.29792905       2.37613376E-02  -1.93071598E-03
        2851   2.27858067       2.37576924E-02  -1.94732344E-03
        2861   2.25915766       2.37537492E-02  -1.94636197E-03
        2871   2.23984122       2.37495471E-02  -1.92670897E-03
        2881   2.22082257       2.37451587E-02  -1.88738608E-03
        2891   2.20230222       2.37406287E-02  -1.82761578E-03
        2901   2.18448639       2.37360317E-02  -1.74688362E-03
        2911   2.16758490       2.37314366E-02  -1.64500019E-03
        2921   2.15180731       2.37269159E-02  -1.52216211E-03
        2931   2.13735890       2.37225071E-02  -1.37900421E-03
        2941   2.12443614       2.37181820E-02  -1.21664000E-03
        2951   2.11322165       2.37139892E-02  -1.03668380E-03
        2961   2.10387945       2.37098709E-02  -8.41248140E-04
        2971   2.09654999       2.37058643E-02  -6.32916985E-04
        2981   2.09134626       2.37018168E-02  -4.14688344E-04
        2991   2.08834934       2.36977935E-02  -1.89893239E-04
        3001   2.08760667       2.36937404E-02   3.79114645E-05
        3011   2.08912945       2.36897152E-02   2.65063252E-04
        3021   2.09289289       2.36857701E-02   4.87924321E-04
        3031   2.09883666       2.36820932E-02   7.03008031E-04
        3041   2.10686779       2.36786678E-02   9.07096663E-04
        3051   2.11686277       2.36756373E-02   1.09733641E-03
        3061   2.12867212       2.36730985E-02   1.27131189E-03
        3071   2.14212465       2.36711055E-02   1.42709143E-03
        3081   2.15703249       2.36696862E-02   1.56324380E-03
        3091   2.17319608       2.36688051E-02   1.67883176E-03
        3101   2.19040847       2.36684177E-02   1.77338184E-03
        3111   2.20846009       2.36684661E-02   1.84684061E-03
        3121   2.22714257       2.36688480E-02   1.89951784E-03
        3131   2.24625206       2.36694720E-02   1.93202519E-03
        3141   2.26559162       2.36702394E-02   1.94521388E-03
        3151   2.28497386       2.36710720E-02   1.94011559E-03
        3161   2.30422187       2.36718915E-02   1.91788678E-03
        3171   2.32317090       2.36726571E-02   1.87976181E-03
        3181   2.34166837       2.36733072E-02   1.82701135E-03
        3191   2.35957456       2.36738380E-02   1.76091061E-03
        3201   2.37676215       2.36742273E-02   1.68271351E-03
        3211   2.39311624       2.36744769E-02   1.59363355E-03
        3221   2.40853357       2.36745887E-02   1.49483094E-03
        3231   2.42292237       2.36745775E-02   1.38740463E-03
        3241   2.43620133       2.36744508E-02   1.27238804E-03
        3251   2.44829941       2.36742403E-02   1.15074834E-03
        3261   2.45915461       2.36739628E-02   1.02338823E-03
        3271   2.46871376       2.36736182E-02   8.91149510E-04
        3281   2.47693205       2.36732382E-02   7.54818728E-04
        3291   2.48377204       2.36728434E-02   6.15132973E-04
        3301   2.48920369       2.36724578E-02   4.72787127E-04
        3311   2.49320340       2.36720480E-02   3.28441500E-04
        3321   2.49575448       2.36716513E-02   1.82729738E-04
        3331   2.49684620       2.36712601E-02   3.62667633E-05
        3341   2.49647403       2.36708634E-02  -1.10342851E-04
        3351   2.49463940       2.36704312E-02  -2.56496540E-04
        3361   2.49135017       2.36700103E-02  -4.01585305E-04
        3371   2.48661995       2.36695334E-02  -5.44985640E-04
        3381   2.48046899       2.36690119E-02  -6.86051208E-04
        3391   2.47292423       2.36684494E-02  -8.24104878E-04
        3401   2.46401930       2.36677788E-02  -9.58430930E-04
        3411   2.45379567       2.36670431E-02  -1.08826766E-03
        3421   2.44230223       2.36661546E-02  -1.21280085E-03
        3431   2.42959666       2.36651152E-02  -1.33115798E-03
        3441   2.41574550       2.36638710E-02  -1.44240353E-03
        3451   2.40082502       2.36623976E-02  -1.54553633E-03
        3461   2.38492203       2.36606635E-02  -1.63948920E-03
        3471   2.36813402       2.36586407E-02  -1.72313093E-03
        3481   2.35057020       2.36562863E-02  -1.79527269E-03
        3491   2.33235216       2.36536153E-02  -1.85467850E-03
        3501   2.31361365       2.36505996E-02  -1.90008164E-03
        3511   2.29450107       2.36472487E-02  -1.93020632E-03
        3521   2.27517343       2.36435737E-02  -1.94379757E-03
        3531   2.25580215       2.36396100E-02  -1.93965749E-03
        3541   2.23656964       2.36354005E-02  -1.91669015E-03
        3551   2.21766877       2.36310028E-02  -1.87395292E-03
        3561   2.19930029       2.36264803E-02  -1.81071484E-03
        3571   2.18167090       2.36219186E-02  -1.72651734E-03
        3581   2.16498995       2.36173756E-02  -1.62123691E-03
        3591   2.14946604       2.36128904E-02  -1.49514398E-03
        3601   2.13530254       2.36085262E-02  -1.34895404E-03
        3611   2.12269306       2.36043036E-02  -1.18386361E-03
        3621   2.11181712       2.36001536E-02  -1.00156874E-03
        3631   2.10283422       2.35961005E-02  -8.04259500E-04
        3641   2.09588003       2.35921256E-02  -5.94586250E-04
        3651   2.09106183       2.35881340E-02  -3.75599775E-04
        3661   2.08845496       2.35841498E-02  -1.50664680E-04
        3671   2.08810043       2.35801339E-02   7.66490120E-05
        3681   2.09000325       2.35761795E-02   3.02688131E-04
        3691   2.09413266       2.35723536E-02   5.23846247E-04
        3701   2.10042310       2.35686973E-02   7.36688147E-04
        3711   2.10877609       2.35653576E-02   9.38062440E-04
        3721   2.11906409       2.35624239E-02   1.12519611E-03
        3731   2.13113403       2.35600006E-02   1.29576062E-03
        3741   2.14481235       2.35580932E-02   1.44791359E-03
        3751   2.15990925       2.35567540E-02   1.58031157E-03
        3761   2.17622423       2.35559568E-02   1.69209868E-03
        3771   2.19355035       2.35556588E-02   1.78287504E-03
        3781   2.21167874       2.35557500E-02   1.85264961E-03
        3791   2.23040199       2.35561673E-02   1.90178328E-03
        3801   2.24951768       2.35568117E-02   1.93092774E-03
        3811   2.26883101       2.35575866E-02   1.94096344E-03
        3821   2.28815651       2.35584136E-02   1.93294114E-03
        3831   2.30731988       2.35592183E-02   1.90802827E-03
        3841   2.32615852       2.35599484E-02   1.86746242E-03
        3851   2.34452248       2.35605668E-02   1.81251252E-03
        3861   2.36227441       2.35610679E-02   1.74444739E-03
        3871   2.37928915       2.35614199E-02   1.66451104E-03
        3881   2.39545393       2.35616248E-02   1.57390558E-03
        3891   2.41066790       2.35617198E-02   1.47377851E-03
        3901   2.42484093       2.35616863E-02   1.36521540E-03
        3911   2.43789363       2.35615484E-02   1.24923652E-03
        3921   2.44975662       2.35613380E-02   1.12679659E-03
        3931   2.46036935       2.35610306E-02   9.98786418E-04
        3941   2.46968031       2.35606786E-02   8.66037561E-04
        3951   2.47764587       2.35603005E-02   7.29327090E-04
        3961   2.48423004       2.35599149E-02   5.89384174E-04
        3971   2.48940372       2.35595219E-02   4.46897349E-04
        3981   2.49314475       2.35591233E-02   3.02521948E-04
        3991   2.49543715       2.35587060E-02   1.56888040E-04
        4001   2.49627161       2.35583112E-02   1.06086518E-05
        4011   2.49564457       2.35579107E-02  -1.35712122E-04
        4021   2.49355865       2.35575158E-02  -2.81470740E-04
        4031   2.49002242       2.35570706E-02  -4.26055863E-04
        4041   2.48505092       2.35566050E-02  -5.68840187E-04
        4051   2.47866559       2.35561132E-02  -7.09172280E-04
        4061   2.47089434       2.35555582E-02  -8.46368610E-04
        4071   2.46177220       2.35549100E-02  -9.79705947E-04
        4081   2.45134187       2.35541500E-02  -1.10841403E-03
        4091   2.43965364       2.35532224E-02  -1.23166922E-03
        4101   2.42676687       2.35521365E-02  -1.34858885E-03
        4111   2.41274977       2.35508457E-02  -1.45822705E-03
        4121   2.39768052       2.35493369E-02  -1.55957276E-03
        4131   2.38164759       2.35475712E-02  -1.65154901E-03
        4141   2.36475039       2.35454980E-02  -1.73301657E-03
        4151   2.34710026       2.35431083E-02  -1.80278043E-03
        4161   2.32882071       2.35403944E-02  -1.85960159E-03
        4171   2.31004739       2.35373322E-02  -1.90221402E-03
        4181   2.29092884       2.35339347E-02  -1.92934822E-03
        4191   2.27162623       2.35302281E-02  -1.93976169E-03
        4201   2.25231242       2.35262420E-02  -1.93227688E-03
        4211   2.23317170       2.35220157E-02  -1.90582732E-03
        4221   2.21439767       2.35176217E-02  -1.85950997E-03
        4231   2.19619203       2.35131122E-02  -1.79264299E-03
        4241   2.17876148       2.35085860E-02  -1.70482823E-03
        4251   2.16231513       2.35040709E-02  -1.59601227E-03
        4261   2.14705992       2.34996565E-02  -1.46654411E-03
        4271   2.13319755       2.34953351E-02  -1.31722307E-03
        4281   2.12091875       2.34911479E-02  -1.14933297E-03
        4291   2.11039901       2.34870706E-02  -9.64655133E-04
        4301   2.10179353       2.34830491E-02  -7.65458448E-04
        4311   2.09523273       2.34790631E-02  -5.54461149E-04
        4321   2.09081769       2.34751273E-02  -3.34765995E-04
        4331   2.08861780       2.34711487E-02  -1.09769695E-04
        4341   2.08866739       2.34672166E-02   1.16947384E-04
        4351   2.09096527       2.34633088E-02   3.41745617E-04
        4361   2.09547448       2.34594904E-02   5.61053923E-04
        4371   2.10212350       2.34558992E-02   7.71492545E-04
        4381   2.11080885       2.34526508E-02   9.69983230E-04
        4391   2.12139845       2.34498195E-02   1.15383673E-03
        4401   2.13373590       2.34475061E-02   1.32081599E-03
        4411   2.14764500       2.34457292E-02   1.46917196E-03
        4421   2.16293454       2.34444849E-02   1.59765128E-03
        4431   2.17940283       2.34437902E-02   1.70548167E-03
        4441   2.19684315       2.34435573E-02   1.79233821E-03
        4451   2.21504712       2.34437156E-02   1.85829308E-03
        4461   2.23380852       2.34441832E-02   1.90375885E-03
        4471   2.25292683       2.34448481E-02   1.92942750E-03
        4481   2.27220917       2.34456323E-02   1.93620834E-03
        4491   2.29147267       2.34464500E-02   1.92517054E-03
        4501   2.31054497       2.34472323E-02   1.89749163E-03
        4511   2.32926631       2.34479383E-02   1.85441237E-03
        4521   2.34748912       2.34485418E-02   1.79719878E-03
        4531   2.36507821       2.34489944E-02   1.72711245E-03
        4541   2.38191128       2.34493278E-02   1.64538762E-03
        4551   2.39787745       2.34494992E-02   1.55321392E-03
        4561   2.41287804       2.34495439E-02   1.45172584E-03
        4571   2.42682505       2.34494749E-02   1.34199520E-03
        4581   2.43964100       2.34493166E-02   1.22502889E-03
        4591   2.45125818       2.34490819E-02   1.10176846E-03
        4601   2.46161771       2.34487820E-02   9.73092974E-04
        4611   2.47066951       2.34484188E-02   8.39823042E-04
        4621   2.47837138       2.34480463E-02   7.02726422E-04
        4631   2.48468852       2.34476607E-02   5.62524307E-04
        4641   2.48959327       2.34472621E-02   4.19898774E-04
        4651   2.49306440       2.34468635E-02   2.75500235E-04
        4661   2.49508739       2.34464575E-02   1.29955486E-04
        4671   2.49565363       2.34460253E-02  -1.61242788E-05
        4681   2.49476099       2.34456174E-02  -1.62135184E-04
        4691   2.49241304       2.34451797E-02  -3.07472481E-04
        4701   2.48861980       2.34447476E-02  -4.51522064E-04
        4711   2.48339725       2.34442763E-02  -5.93652483E-04
        4721   2.47676778       2.34437361E-02  -7.33206747E-04
        4731   2.46876097       2.34431569E-02  -8.69494455E-04
        4741   2.45941305       2.34424658E-02  -1.00178423E-03
        4751   2.44876814       2.34416649E-02  -1.12929684E-03
        4761   2.43687844       2.34407447E-02  -1.25119870E-03
        4771   2.42380452       2.34396420E-02  -1.36659667E-03
        4781   2.40961647       2.34383270E-02  -1.47453428E-03
        4791   2.39439416       2.34367922E-02  -1.57398975E-03
        4801   2.37822795       2.34349687E-02  -1.66387646E-03
        4811   2.36121941       2.34328378E-02  -1.74304680E-03
        4821   2.34348202       2.34303903E-02  -1.81029981E-03
        4831   2.32514143       2.34276243E-02  -1.86439371E-03
        4841   2.30633545       2.34245136E-02  -1.90406444E-03
        4851   2.28721476       2.34210808E-02  -1.92804984E-03
        4861   2.26794243       2.34173387E-02  -1.93512160E-03
        4871   2.24869323       2.34133266E-02  -1.92412536E-03
        4881   2.22965264       2.34090947E-02  -1.89402665E-03
        4891   2.21101570       2.34047044E-02  -1.84396480E-03
        4901   2.19298458       2.34002285E-02  -1.77331164E-03
        4911   2.17576623       2.33957320E-02  -1.68173353E-03
        4921   2.15956903       2.33912505E-02  -1.56925130E-03
        4931   2.14459872       2.33868584E-02  -1.43629697E-03
        4941   2.13105440       2.33825836E-02  -1.28375855E-03
        4951   2.11912370       2.33784541E-02  -1.11300999E-03
        4961   2.10897827       2.33743861E-02  -9.25920613E-04
        4971   2.10076833       2.33704075E-02  -7.24839862E-04
        4981   2.09461856       2.33664755E-02  -5.12554077E-04
        4991   2.09062433       2.33625416E-02  -2.92216835E-04
        5001   2.08884811       2.33585741E-02  -6.72550523E-05
        5011   2.08931756       2.33546365E-02   1.58744107E-04
        5021   2.09202480       2.33507585E-02   3.82158498E-04
        5031   2.09692645       2.33469959E-02   5.99457533E-04
        5041   2.10394502       2.33434811E-02   8.07322562E-04
        5051   2.11297202       2.33403277E-02   1.00275269E-03
        5061   2.12387085       2.33376157E-02   1.18314754E-03
        5071   2.13648176       2.33353861E-02   1.34636555E-03
        5081   2.15062594       2.33337078E-02   1.49075361E-03
        5091   2.16611028       2.33325865E-02   1.61515130E-03
        5101   2.18273282       2.33319830E-02   1.71887258E-03
        5111   2.20028663       2.33318433E-02   1.80166762E-03
        5121   2.21856427       2.33320594E-02   1.86367298E-03
        5131   2.23736095       2.33325586E-02   1.90535316E-03
        5141   2.25647783       2.33332422E-02   1.92743936E-03
        5151   2.27572417       2.33340245E-02   1.93086930E-03
        5161   2.29491925       2.33348329E-02   1.91673054E-03
        5171   2.31389356       2.33355984E-02   1.88621006E-03
        5181   2.33248973       2.33362764E-02   1.84055069E-03
        5191   2.35056281       2.33368408E-02   1.78101507E-03
        5201   2.36798048       2.33372822E-02   1.70885713E-03
        5211   2.38462234       2.33375765E-02   1.62530004E-03
        5221   2.40038013       2.33377255E-02   1.53152097E-03
        5231   2.41515732       2.33377442E-02   1.42864033E-03
        5241   2.42886806       2.33376641E-02   1.31771609E-03
        5251   2.44143677       2.33375058E-02   1.19974103E-03
        5261   2.45279717       2.33372450E-02   1.07564370E-03
        5271   2.46289253       2.33369395E-02   9.46291024E-04
        5281   2.47167397       2.33365707E-02   8.12492741E-04
        5291   2.47910094       2.33361833E-02   6.75007002E-04
        5301   2.48513985       2.33357735E-02   5.34547085E-04
        5311   2.48976445       2.33353972E-02   3.91788577E-04
        5321   2.49295473       2.33349819E-02   2.47377029E-04
        5331   2.49469733       2.33345907E-02   1.01936050E-04
        5341   2.49498487       2.33341847E-02  -4.39248251E-05
        5351   2.49381614       2.33337618E-02  -1.89601691E-04
        5361   2.49119616       2.33333409E-02  -3.34488112E-04
        5371   2.48713589       2.33328957E-02  -4.77966969E-04
        5381   2.48165274       2.33324319E-02  -6.19402213E-04
        5391   2.47477031       2.33318992E-02  -7.58130918E-04
        5401   2.46651936       2.33312920E-02  -8.93455232E-04
        5411   2.45693779       2.33305879E-02  -1.02463528E-03
        5421   2.44607115       2.33297795E-02  -1.15088199E-03
        5431   2.43397307       2.33288035E-02  -1.27135147E-03
        5441   2.42070603       2.33276561E-02  -1.38513953E-03
        5451   2.40634203       2.33263113E-02  -1.49127853E-03
        5461   2.39096260       2.33247001E-02  -1.58873573E-03
        5471   2.37466049       2.33228263E-02  -1.67641463E-03
        5481   2.35753942       2.33206563E-02  -1.75315933E-03
        5491   2.33971477       2.33181566E-02  -1.81776332E-03
        5501   2.32131457       2.33153440E-02  -1.86898280E-03
        5511   2.30247879       2.33121850E-02  -1.90555630E-03
        5521   2.28336048       2.33087074E-02  -1.92623062E-03
        5531   2.26412439       2.33049337E-02  -1.92979409E-03
        5541   2.24494743       2.33008973E-02  -1.91511714E-03
        5551   2.22601652       2.32966505E-02  -1.88120082E-03
        5561   2.20752764       2.32922770E-02  -1.82723079E-03
        5571   2.18968391       2.32877955E-02  -1.75263640E-03
        5581   2.17269182       2.32833419E-02  -1.65715290E-03
        5591   2.15675902       2.32789516E-02  -1.54088007E-03
        5601   2.14208984       2.32746303E-02  -1.40433689E-03
        5611   2.12888098       2.32704096E-02  -1.24850404E-03
        5621   2.11731648       2.32663341E-02  -1.07484940E-03
        5631   2.10756350       2.32623592E-02  -8.85332702E-04
        5641   2.09976745       2.32584067E-02  -6.82384882E-04
        5651   2.09404683       2.32545063E-02  -4.68860497E-04
        5661   2.09049058       2.32506189E-02  -2.47962365E-04
        5671   2.08915424       2.32467167E-02  -2.31447630E-05
        5681   2.09005880       2.32427660E-02   2.02002528E-04
        5691   2.09318900       2.32389700E-02   4.23878897E-04
        5701   2.09849524       2.32352838E-02   6.39000093E-04
        5711   2.10589385       2.32318640E-02   8.44113412E-04
        5721   2.11527109       2.32288074E-02   1.03630056E-03
        5731   2.12648606       2.32262090E-02   1.21305475E-03
        5741   2.13937545       2.32241005E-02   1.37233362E-03
        5751   2.15375781       2.32225526E-02   1.51258323E-03
        5761   2.16943884       2.32215337E-02   1.63273874E-03
        5771   2.18621588       2.32210197E-02   1.73220097E-03
        5781   2.20388222       2.32209284E-02   1.81079668E-03
        5791   2.22223091       2.32212022E-02   1.86872680E-03
        5801   2.24105906       2.32217312E-02   1.90650776E-03
        5811   2.26016951       2.32224297E-02   1.92490988E-03
        5821   2.27937388       2.32232139E-02   1.92489871E-03
        5831   2.29849386       2.32240055E-02   1.90757914E-03
        5841   2.31736279       2.32247561E-02   1.87414687E-03
        5851   2.33582568       2.32254006E-02   1.82584580E-03
        5861   2.35374045       2.32259333E-02   1.76393474E-03
        5871   2.37097716       2.32263263E-02   1.68965885E-03
        5881   2.38741827       2.32265927E-02   1.60423003E-03
        5891   2.40295792       2.32267324E-02   1.50881195E-03
        5901   2.41750145       2.32267324E-02   1.40451081E-03
        5911   2.43096519       2.32266150E-02   1.29237003E-03
        5921   2.44327569       2.32264213E-02   1.17336831E-03
        5931   2.45436859       2.32261606E-02   1.04842079E-03
        5941   2.46418858       2.32258271E-02   9.18381906E-04
        5951   2.47268867       2.32254658E-02   7.84050382E-04
        5961   2.47982955       2.32250579E-02   6.46174769E-04
        5971   2.48557925       2.32246630E-02   5.05460426E-04
        5981   2.48991251       2.32242458E-02   3.62576509E-04
        5991   2.49281096       2.32238360E-02   2.18163972E-04
        6001   2.49426222       2.32234187E-02   7.28432933E-05
        6011   2.49426031       2.32230164E-02  -7.27772422E-05
        6021   2.49280524       2.32226048E-02  -2.18093497E-04
        6031   2.48990297       2.32221708E-02  -3.62497231E-04
        6041   2.48556590       2.32217032E-02  -5.05367701E-04
        6051   2.47981262       2.32212171E-02  -6.46063767E-04
        6061   2.47266841       2.32206844E-02  -7.83915981E-04
        6071   2.46416521       2.32200846E-02  -9.18218750E-04
        6081   2.45434237       2.32193712E-02  -1.04822300E-03
        6091   2.44324708       2.32185498E-02  -1.17312977E-03
        6101   2.43093467       2.32175607E-02  -1.29208388E-03
        6111   2.41746926       2.32163761E-02  -1.40416983E-03
        6121   2.40292501       2.32149847E-02  -1.50840811E-03
        6131   2.38738561       2.32133530E-02  -1.60375505E-03
        6141   2.37094545       2.32114270E-02  -1.68910413E-03
        6151   2.35371089       2.32092030E-02  -1.76329107E-03
        6161   2.33579969       2.32066680E-02  -1.82510423E-03
        6171   2.31734180       2.32037939E-02  -1.87329843E-03
        6181   2.29847980       2.32005864E-02  -1.90661615E-03
        6191   2.27936888       2.31970679E-02  -1.92381465E-03
        6201   2.26017594       2.31932607E-02  -1.92370079E-03
        6211   2.24107957       2.31892038E-02  -1.90517330E-03
        6221   2.22226834       2.31849626E-02  -1.86727149E-03
        6231   2.20393944       2.31805891E-02  -1.80923112E-03
        6241   2.18629622       2.31761523E-02  -1.73054368E-03
        6251   2.16954541       2.31717099E-02  -1.63101754E-03
        6261   2.15389347       2.31673382E-02  -1.51083688E-03
        6271   2.13954282       2.31630486E-02  -1.37061207E-03
        6281   2.12668729       2.31588893E-02  -1.21142017E-03
        6291   2.11550736       2.31548697E-02  -1.03482604E-03
        6301   2.10616565       2.31509078E-02  -8.42881855E-04
        6311   2.09880185       2.31469925E-02  -6.38101134E-04
        6321   2.09352827       2.31431127E-02  -4.23405436E-04
        6331   2.09042716       2.31392160E-02  -2.02045325E-04
        6341   2.08954692       2.31352970E-02   2.25013209E-05
        6351   2.09090090       2.31314451E-02   2.46646348E-04
        6361   2.09446716       2.31276862E-02   4.66817059E-04
        6371   2.10018921       2.31240448E-02   6.79579796E-04
        6381   2.10797739       2.31207050E-02   8.81753978E-04
        6391   2.11771250       2.31177434E-02   1.07050885E-03
        6401   2.12924933       2.31152400E-02   1.24343601E-03
        6411   2.14242101       2.31132656E-02   1.39859586E-03
        6421   2.15704393       2.31118165E-02   1.53453706E-03
        6431   2.17292213       2.31109038E-02   1.65029173E-03
        6441   2.18985248       2.31104791E-02   1.74534926E-03
        6451   2.20762849       2.31104717E-02   1.81961362E-03
        6461   2.22604465       2.31107995E-02   1.87335012E-03
        6471   2.24489927       2.31113620E-02   1.90712640E-03
        6481   2.26399732       2.31120773E-02   1.92175142E-03
        6491   2.28315306       2.31128596E-02   1.91821752E-03
        6501   2.30219054       2.31136363E-02   1.89764600E-03
        6511   2.32094574       2.31143516E-02   1.86124002E-03
        6521   2.33926678       2.31149755E-02   1.81024440E-03
        6531   2.35701418       2.31154785E-02   1.74591225E-03
        6541   2.37406063       2.31158547E-02   1.66947965E-03
        6551   2.39029098       2.31160894E-02   1.58214627E-03
        6561   2.40560198       2.31161937E-02   1.48506206E-03
        6571   2.41990137       2.31161732E-02   1.37931854E-03
        6581   2.43310761       2.31160484E-02   1.26594398E-03
        6591   2.44514918       2.31158528E-02   1.14590267E-03
        6601   2.45596361       2.31155790E-02   1.02009601E-03
        6611   2.46549726       2.31152307E-02   8.89366143E-04
        6621   2.47370481       2.31148377E-02   7.54500506E-04
        6631   2.48054862       2.31144447E-02   6.16238220E-04
        6641   2.48599792       2.31140107E-02   4.75276553E-04
        6651   2.49002910       2.31135953E-02   3.32278578E-04
        6661   2.49262500       2.31132042E-02   1.87880520E-04
        6671   2.49377441       2.31127795E-02   4.27000923E-05
        6681   2.49347258       2.31123511E-02  -1.02655453E-04
        6691   2.49172091       2.31119264E-02  -2.47581367E-04
        6701   2.48852682       2.31115110E-02  -3.91467038E-04
        6711   2.48390365       2.31110491E-02  -5.33687940E-04
        6721   2.47787142       2.31105387E-02  -6.73597388E-04
        6731   2.47045684       2.31099911E-02  -8.10518861E-04
        6741   2.46169329       2.31093429E-02  -9.43738269E-04
        6751   2.45162177       2.31085941E-02  -1.07249699E-03
        6761   2.44029117       2.31077317E-02  -1.19598513E-03
        6771   2.42775869       2.31067128E-02  -1.31333608E-03
        6781   2.41409039       2.31054965E-02  -1.42362248E-03
        6791   2.39936209       2.31040530E-02  -1.52585283E-03
        6801   2.38365984       2.31023580E-02  -1.61897205E-03
        6811   2.36708045       2.31003761E-02  -1.70186337E-03
        6821   2.34973240       2.30981000E-02  -1.77335483E-03
        6831   2.33173585       2.30955034E-02  -1.83222967E-03
        6841   2.31322336       2.30925791E-02  -1.87724258E-03
        6851   2.29433990       2.30893269E-02  -1.90714118E-03
        6861   2.27524257       2.30857637E-02  -1.92069553E-03
        6871   2.25610065       2.30819266E-02  -1.91673345E-03
        6881   2.23709464       2.30778493E-02  -1.89418439E-03
        6891   2.21841455       2.30736006E-02  -1.85213028E-03
        6901   2.20025849       2.30692476E-02  -1.78986089E-03
        6911   2.18283033       2.30648424E-02  -1.70693430E-03
        6921   2.16633630       2.30604652E-02  -1.60323712E-03
        6931   2.15098190       2.30561383E-02  -1.47904130E-03
        6941   2.13696742       2.30519287E-02  -1.33505417E-03
        6951   2.12448382       2.30478011E-02  -1.17245258E-03
        6961   2.11370730       2.30438430E-02  -9.92901507E-04
        6971   2.10479569       2.30398923E-02  -7.98546709E-04
        6981   2.09788251       2.30360273E-02  -5.91985066E-04
        6991   2.09307384       2.30321866E-02  -3.76203738E-04
        7001   2.09044456       2.30283216E-02  -1.54497684E-04
        7011   2.09003568       2.30244584E-02   6.96352217E-05
        7021   2.09185314       2.30206419E-02   2.92613870E-04
        7031   2.09586787       2.30169035E-02   5.10898244E-04
        7041   2.10201621       2.30133515E-02   7.21111719E-04
        7051   2.11020231       2.30101161E-02   9.20151710E-04
        7061   2.12030196       2.30072513E-02   1.10528024E-03
        7071   2.13216519       2.30048858E-02   1.27419143E-03
        7081   2.14562201       2.30030231E-02   1.42505229E-03
        7091   2.16048646       2.30017081E-02   1.55651674E-03
        7101   2.17656136       2.30009016E-02   1.66771573E-03
        7111   2.19364309       2.30005700E-02   1.75822782E-03
        7121   2.21152568       2.30006389E-02   1.82803418E-03
        7131   2.23000479       2.30010077E-02   1.87746447E-03
        7141   2.24888039       2.30016075E-02   1.90713676E-03
        7151   2.26795983       2.30023321E-02   1.91789784E-03
        7161   2.28705955       2.30031088E-02   1.91076554E-03
        7171   2.30600667       2.30038725E-02   1.88687665E-03
        7181   2.32463980       2.30045710E-02   1.84744084E-03
        7191   2.34280992       2.30051670E-02   1.79370225E-03
        7201   2.36038017       2.30056401E-02   1.72690814E-03
        7211   2.37722611       2.30059661E-02   1.64828449E-03
        7221   2.39323545       2.30061617E-02   1.55901851E-03
        7231   2.40830731       2.30062455E-02   1.46024534E-03
        7241   2.42235184       2.30062045E-02   1.35304127E-03
        7251   2.43528962       2.30060685E-02   1.23841933E-03
        7261   2.44705105       2.30058394E-02   1.11732900E-03
        7271   2.45757580       2.30055433E-02   9.90657834E-04
        7281   2.46681213       2.30051987E-02   8.59235355E-04
        7291   2.47471619       2.30048224E-02   7.23837875E-04
        7301   2.48125196       2.30044443E-02   5.85194852E-04
        7311   2.48639011       2.30040345E-02   4.43995668E-04
        7321   2.49010849       2.30036415E-02   3.00897285E-04
        7331   2.49239087       2.30032131E-02   1.56531663E-04
        7341   2.49322796       2.30027996E-02   1.15140283E-05
        7351   2.49261618       2.30023935E-02  -1.33549212E-04
        7361   2.49055815       2.30019949E-02  -2.78052321E-04
        7371   2.48706245       2.30015777E-02  -4.21381992E-04
        7381   2.48214388       2.30010971E-02  -5.62909234E-04
        7391   2.47582412       2.30006017E-02  -7.01981364E-04
        7401   2.46813107       2.30000466E-02  -8.37914238E-04
        7411   2.45909977       2.29993872E-02  -9.69984918E-04
        7421   2.44877291       2.29986347E-02  -1.09742442E-03
        7431   2.43720102       2.29977351E-02  -1.21941161E-03
        7441   2.42444324       2.29966827E-02  -1.33506791E-03
        7451   2.41056776       2.29954366E-02  -1.44345337E-03
        7461   2.39565229       2.29939483E-02  -1.54356449E-03
        7471   2.37978530       2.29922030E-02  -1.63433421E-03
        7481   2.36306596       2.29901709E-02  -1.71463587E-03
        7491   2.34560513       2.29878444E-02  -1.78328983E-03
        7501   2.32752538       2.29851883E-02  -1.83907524E-03
        7511   2.30896187       2.29822081E-02  -1.88074750E-03
        7521   2.29006195       2.29789056E-02  -1.90706109E-03
        7531   2.27098513       2.29753014E-02  -1.91680051E-03
        7541   2.25190306       2.29714233E-02  -1.90881721E-03
        7551   2.23299766       2.29673311E-02  -1.88207545E-03
        7561   2.21446085       2.29630694E-02  -1.83570303E-03
        7571   2.19649148       2.29587127E-02  -1.76904863E-03
        7581   2.17929363       2.29543224E-02  -1.68174133E-03
        7591   2.16307306       2.29499526E-02  -1.57375098E-03
        7601   2.14803386       2.29456797E-02  -1.44544302E-03
        7611   2.13437390       2.29415409E-02  -1.29762455E-03
        7621   2.12228084       2.29374971E-02  -1.13157649E-03
        7631   2.11192679       2.29335651E-02  -9.49065958E-04
        7641   2.10346389       2.29297187E-02  -7.52334367E-04
        7651   2.09701967       2.29259096E-02  -5.44060080E-04
        7661   2.09269333       2.29220893E-02  -3.27294692E-04
        7671   2.09055233       2.29182169E-02  -1.05374580E-04
        7681   2.09062982       2.29143947E-02   1.18187119E-04
        7691   2.09292412       2.29106024E-02   3.39821796E-04
        7701   2.09739852       2.29069293E-02   5.56028332E-04
        7711   2.10398245       2.29034778E-02   7.63493939E-04
        7721   2.11257410       2.29003504E-02   9.59198980E-04
        7731   2.12304354       2.28976309E-02   1.14050391E-03
        7741   2.13523698       2.28953641E-02   1.30521005E-03
        7751   2.14898086       2.28936113E-02   1.45159382E-03
        7761   2.16408706       2.28923839E-02   1.57841644E-03
        7771   2.18035722       2.28916705E-02   1.68490910E-03
        7781   2.19758749       2.28914171E-02   1.77074037E-03
        7791   2.21557260       2.28915419E-02   1.83596881E-03
        7801   2.23410916       2.28919722E-02   1.88098731E-03
        7811   2.25299954       2.28925906E-02   1.90646399E-03
        7821   2.27205300       2.28933264E-02   1.91328186E-03
        7831   2.29108882       2.28940975E-02   1.90248352E-03
        7841   2.30993676       2.28948388E-02   1.87521963E-03
        7851   2.32843852       2.28955038E-02   1.83270546E-03
        7861   2.34644794       2.28960626E-02   1.77618337E-03
        7871   2.36383128       2.28965059E-02   1.70689367E-03
        7881   2.38046670       2.28968021E-02   1.62605150E-03
        7891   2.39624453       2.28969734E-02   1.53483043E-03
        7901   2.41106653       2.28970144E-02   1.43435062E-03
        7911   2.42484522       2.28969418E-02   1.32567273E-03
        7921   2.43750358       2.28967890E-02   1.20979419E-03
        7931   2.44897389       2.28965357E-02   1.08764949E-03
        7941   2.45919800       2.28962302E-02   9.60112200E-04
        7951   2.46812582       2.28958782E-02   8.27999029E-04
        7961   2.47571540       2.28955112E-02   6.92075118E-04
        7971   2.48193192       2.28951015E-02   5.53060439E-04
        7981   2.48674798       2.28947047E-02   4.11636720E-04
        7991   2.49014258       2.28942875E-02   2.68454896E-04
        8001   2.49210119       2.28938702E-02   1.24142913E-04
        8011   2.49261570       2.28934567E-02  -2.06863187E-05
        8021   2.49168372       2.28930321E-02  -1.65426754E-04
        8031   2.48930955       2.28926260E-02  -3.09471216E-04
        8041   2.48550296       2.28921957E-02  -4.52203327E-04
        8051   2.48028040       2.28917301E-02  -5.92989149E-04
        8061   2.47366452       2.28911992E-02  -7.31169479E-04
        8071   2.46568513       2.28906032E-02  -8.66051996E-04
        8081   2.45637894       2.28899270E-02  -9.96904098E-04
        8091   2.44579029       2.28891335E-02  -1.12294615E-03
        8101   2.43397164       2.28882097E-02  -1.24334509E-03
        8111   2.42098403       2.28871219E-02  -1.35720987E-03
        8121   2.40689754       2.28858031E-02  -1.46358763E-03
        8131   2.39179254       2.28842720E-02  -1.56146218E-03
        8141   2.37575960       2.28824727E-02  -1.64975494E-03
        8151   2.35890031       2.28803828E-02  -1.72732922E-03
        8161   2.34132814       2.28779893E-02  -1.79299805E-03
        8171   2.32316828       2.28752792E-02  -1.84553757E-03
        8181   2.30455828       2.28722338E-02  -1.88370480E-03
        8191   2.28564811       2.28688754E-02  -1.90626294E-03
        8201   2.26659989       2.28652284E-02  -1.91201339E-03
        8211   2.24758720       2.28613280E-02  -1.89983461E-03
        8221   2.22879410       2.28572153E-02  -1.86872855E-03
        8231   2.21041346       2.28529647E-02  -1.81787345E-03
        8241   2.19264531       2.28486191E-02  -1.74668117E-03
        8251   2.17569375       2.28442736E-02  -1.65485742E-03
        8261   2.15976381       2.28399783E-02  -1.54245959E-03
        8271   2.14505816       2.28357427E-02  -1.40995136E-03
        8281   2.13177204       2.28316188E-02  -1.25824462E-03
        8291   2.12008929       2.28276104E-02  -1.08872785E-03
        8301   2.11017728       2.28237212E-02  -9.03272361E-04
        8311   2.10218263       2.28198562E-02  -7.04215607E-04
        8321   2.09622622       2.28160322E-02  -4.94317617E-04
        8331   2.09239984       2.28121970E-02  -2.76691397E-04
        8341   2.09076309       2.28083692E-02  -5.47102827E-05
        8351   2.09134126       2.28045974E-02   1.68103375E-04
        8361   2.09412503       2.28008330E-02   3.88199056E-04
        8371   2.09906983       2.27972046E-02   6.02121232E-04
        8381   2.10609818       2.27938201E-02   8.06626922E-04
        8391   2.11510181       2.27907784E-02   9.98786185E-04
        8401   2.12594581       2.27881446E-02   1.17606285E-03
        8411   2.13847160       2.27860212E-02   1.33636896E-03
        8421   2.15250301       2.27843840E-02   1.47809461E-03
        8431   2.16784954       2.27833055E-02   1.60011032E-03
        8441   2.18431187       2.27827206E-02   1.70174870E-03
        8451   2.20168638       2.27825604E-02   1.78276841E-03
        8461   2.21976829       2.27827672E-02   1.84330472E-03
        8471   2.23835611       2.27832347E-02   1.88381318E-03
        8481   2.25725365       2.27838811E-02   1.90500997E-03
        8491   2.27627301       2.27846168E-02   1.90781325E-03
        8501   2.29523611       2.27853768E-02   1.89328881E-03
        8511   2.31397581       2.27861032E-02   1.86259998E-03
        8521   2.33233643       2.27867402E-02   1.81696599E-03
        8531   2.35017514       2.27872692E-02   1.75762654E-03
        8541   2.36736083       2.27876622E-02   1.68581388E-03
        8551   2.38377500       2.27879323E-02   1.60273165E-03
        8561   2.39931035       2.27880664E-02   1.50953897E-03
        8571   2.41387153       2.27880869E-02   1.40734063E-03
        8581   2.42737317       2.27879807E-02   1.29718101E-03
        8591   2.43974066       2.27877777E-02   1.18004181E-03
        8601   2.45090866       2.27874964E-02   1.05684227E-03
        8611   2.46082091       2.27871910E-02   9.28441761E-04
        8621   2.46942902       2.27868333E-02   7.95644126E-04
        8631   2.47669268       2.27864310E-02   6.59203506E-04
        8641   2.48257899       2.27860101E-02   5.19830501E-04
        8651   2.48706198       2.27855854E-02   3.78199242E-04
        8661   2.49012232       2.27851868E-02   2.34954961E-04
        8671   2.49174666       2.27847621E-02   9.07217618E-05
        8681   2.49192834       2.27843486E-02  -5.38893073E-05
        8691   2.49066663       2.27839388E-02  -1.98272290E-04
        8701   2.48796678       2.27835309E-02  -3.41818260E-04
        8711   2.48384023       2.27830820E-02  -4.83907002E-04
        8721   2.47830486       2.27825847E-02  -6.23899163E-04
        8731   2.47138524       2.27820687E-02  -7.61128380E-04
        8741   2.46311235       2.27814838E-02  -8.94893834E-04
        8751   2.45352459       2.27807686E-02  -1.02445274E-03
        8761   2.44266844       2.27799620E-02  -1.14901387E-03
        8771   2.43059802       2.27790046E-02  -1.26773189E-03
        8781   2.41737652       2.27778703E-02  -1.37970271E-03
        8791   2.40307641       2.27765180E-02  -1.48396008E-03
        8801   2.38778019       2.27749422E-02  -1.57947512E-03
        8811   2.37158084       2.27730833E-02  -1.66515750E-03
        8821   2.35458255       2.27709282E-02  -1.73986086E-03
        8831   2.33690143       2.27684714E-02  -1.80239161E-03
        8841   2.31866550       2.27657016E-02  -1.85152330E-03
        8851   2.30001473       2.27625985E-02  -1.88601669E-03
        8861   2.28110194       2.27591917E-02  -1.90464559E-03
        8871   2.26209164       2.27555018E-02  -1.90623116E-03
        8881   2.24315929       2.27515697E-02  -1.88968191E-03
        8891   2.22449088       2.27474477E-02  -1.85404171E-03
        8901   2.20628071       2.27431990E-02  -1.79854338E-03
        8911   2.18872952       2.27388870E-02  -1.72266713E-03
        8921   2.17204142       2.27345675E-02  -1.62619969E-03
        8931   2.15642047       2.27303058E-02  -1.50929217E-03
        8941   2.14206743       2.27261260E-02  -1.37251068E-03
        8951   2.12917471       2.27220580E-02  -1.21687632E-03
        8961   2.11792183       2.27181464E-02  -1.04388758E-03
        8971   2.10847139       2.27143113E-02  -8.55521590E-04
        8981   2.10096383       2.27104984E-02  -6.54211675E-04
        8991   2.09551311       2.27067284E-02  -4.42797900E-04
        9001   2.09220338       2.27029752E-02  -2.24451418E-04
        9011   2.09108639       2.26991698E-02  -2.57755164E-06
        9021   2.09217906       2.26954110E-02   2.19296897E-04
        9031   2.09546375       2.26917472E-02   4.37646697E-04
        9041   2.10088849       2.26881951E-02   6.49069378E-04
        9051   2.10836864       2.26848759E-02   8.50397861E-04
        9061   2.11778951       2.26819664E-02   1.03879778E-03
        9071   2.12901092       2.26794798E-02   1.21184159E-03
        9081   2.14187050       2.26774700E-02   1.36755675E-03
        9091   2.15618873       2.26759966E-02   1.50444871E-03
        9101   2.17177343       2.26750318E-02   1.62149919E-03
        9111   2.18842459       2.26745363E-02   1.71814277E-03
        9121   2.20593834       2.26744674E-02   1.79422798E-03
        9131   2.22411108       2.26747338E-02   1.84996601E-03
        9141   2.24274278       2.26752441E-02   1.88587361E-03
        9151   2.26163983       2.26759110E-02   1.90271414E-03
        9161   2.28061652       2.26766504E-02   1.90143916E-03
        9171   2.29949760       2.26773992E-02   1.88313588E-03
        9181   2.31811905       2.26780996E-02   1.84897904E-03
        9191   2.33632851       2.26787105E-02   1.80019042E-03
        9201   2.35398579       2.26791892E-02   1.73800590E-03
        9211   2.37096334       2.26795562E-02   1.66364899E-03
        9221   2.38714504       2.26797797E-02   1.57831039E-03
        9231   2.40242696       2.26798803E-02   1.48313458E-03
        9241   2.41671586       2.26798467E-02   1.37921015E-03
        9251   2.42992949       2.26797424E-02   1.26756518E-03
        9261   2.44199514       2.26795338E-02   1.14916475E-03
        9271   2.45284963       2.26792358E-02   1.02491281E-03
        9281   2.46243858       2.26788931E-02   8.95654666E-04
        9291   2.47071600       2.26785466E-02   7.62181473E-04
        9301   2.47764301       2.26781536E-02   6.25236251E-04
        9311   2.48318839       2.26777382E-02   4.85520315E-04
        9321   2.48732781       2.26773359E-02   3.43700463E-04
        9331   2.49004316       2.26769038E-02   2.00416500E-04
        9341   2.49132299       2.26764809E-02   5.62890928E-05
        9351   2.49116206       2.26760861E-02  -8.80722509E-05
        9361   2.48956084       2.26756707E-02  -2.32061255E-04
        9371   2.48652601       2.26752255E-02  -3.75066535E-04
        9381   2.48207092       2.26747934E-02  -5.16463711E-04
        9391   2.47621465       2.26742886E-02  -6.55607553E-04
        9401   2.46898341       2.26737689E-02  -7.91823957E-04
        9411   2.46040988       2.26731393E-02  -9.24402731E-04
        9421   2.45053458       2.26724446E-02  -1.05259032E-03
        9431   2.43940544       2.26716101E-02  -1.17558357E-03
        9441   2.42707872       2.26706155E-02  -1.29252428E-03
        9451   2.41361976       2.26694215E-02  -1.40249461E-03
        9461   2.39910364       2.26680376E-02  -1.50451483E-03
        9471   2.38361502       2.26664022E-02  -1.59754301E-03
        9481   2.36724949       2.26644948E-02  -1.68047717E-03
        9491   2.35011387       2.26622764E-02  -1.75216154E-03
        9501   2.33232689       2.26597488E-02  -1.81139656E-03
        9511   2.31401944       2.26569064E-02  -1.85695477E-03
        9521   2.29533434       2.26537473E-02  -1.88760192E-03
        9531   2.27642703       2.26502903E-02  -1.90212496E-03
        9541   2.25746417       2.26465613E-02  -1.89936743E-03
        9551   2.23862386       2.26426013E-02  -1.87827146E-03
        9561   2.22009373       2.26384625E-02  -1.83792715E-03
        9571   2.20206928       2.26342101E-02  -1.77762716E-03
        9581   2.18475175       2.26299018E-02  -1.69692491E-03
        9591   2.16834497       2.26256121E-02  -1.59569387E-03
        9601   2.15305185       2.26214118E-02  -1.47418340E-03
        9611   2.13907099       2.26173028E-02  -1.33306708E-03
        9621   2.12659168       2.26132758E-02  -1.17347855E-03
        9631   2.11578918       2.26093568E-02  -9.97029245E-04
        9641   2.10682034       2.26055309E-02  -8.05804098E-04
        9651   2.09981918       2.26017535E-02  -6.02331944E-04
        9661   2.09489226       2.25979909E-02  -3.89529770E-04
        9671   2.09211588       2.25942787E-02  -1.70623069E-04
        9681   2.09153342       2.25905180E-02   5.09562087E-05
        9691   2.09315348       2.25868076E-02   2.71684141E-04
        9701   2.09695005       2.25831885E-02   4.88067570E-04
        9711   2.10286331       2.25797091E-02   6.96763629E-04
        9721   2.11080146       2.25765109E-02   8.94688885E-04
        9731   2.12064385       2.25736760E-02   1.07911043E-03
        9741   2.13224483       2.25713141E-02   1.24771381E-03
        9751   2.14543819       2.25694478E-02   1.39864569E-03
        9761   2.16004157       2.25680973E-02   1.53052970E-03
        9771   2.17586112       2.25672387E-02   1.64245977E-03
        9781   2.19269609       2.25668438E-02   1.73397269E-03
        9791   2.21034288       2.25668624E-02   1.80500641E-03
        9801   2.22859931       2.25671791E-02   1.85584708E-03
        9811   2.24726701       2.25677229E-02   1.88707106E-03
        9821   2.26615429       2.25684047E-02   1.89948687E-03
        9831   2.28507876       2.25691460E-02   1.89407798E-03
        9841   2.30386782       2.25698780E-02   1.87195127E-03
        9851   2.32236052       2.25705449E-02   1.83429103E-03
        9861   2.34040785       2.25711167E-02   1.78232067E-03
        9871   2.35787296       2.25715749E-02   1.71727082E-03
        9881   2.37463093       2.25718897E-02   1.64035463E-03
        9891   2.39056921       2.25720964E-02   1.55274966E-03
        9901   2.40558624       2.25721635E-02   1.45558466E-03
        9911   2.41959167       2.25721095E-02   1.34993182E-03
        9921   2.43250561       2.25719642E-02   1.23680220E-03
        9931   2.44425797       2.25717537E-02   1.11714471E-03
        9941   2.45478773       2.25714762E-02   9.91847599E-04
        9951   2.46404243       2.25711409E-02   8.61741835E-04
        9961   2.47197771       2.25707702E-02   7.27606006E-04
        9971   2.47855687       2.25703586E-02   5.90172247E-04
        9981   2.48375034       2.25699227E-02   4.50132822E-04
        9991   2.48753548       2.25695260E-02   3.08147457E-04
