           1   2.48815036       2.42086370E-02
          41   2.45338750       2.40935106E-02
          81   2.39824605       2.38896683E-02
         121   2.32751274       2.36239750E-02
         161   2.24891186       2.34261770E-02
         201   2.17352152       2.35345997E-02
         241   2.11495376       2.40386054E-02
         281   2.08619261       2.45012622E-02
         321   2.09449601       2.43497491E-02
         361   2.13770509       2.37829201E-02
         401   2.20540309       2.34345552E-02
         441   2.28377271       2.34906171E-02
         481   2.36008286       2.37431079E-02
         521   2.42472911       2.39899103E-02
         561   2.47136092       2.41546165E-02
         601   2.49625993       2.42334660E-02
         641   2.49770355       2.42378004E-02
         681   2.47559714       2.41684802E-02
         721   2.43145275       2.40147170E-02
         761   2.36871576       2.37759463E-02
         801   2.29337907       2.35159080E-02
         841   2.21463370       2.34220717E-02
         881   2.14489007       2.37192065E-02
         921   2.09802985       2.42898017E-02
         961   2.08517241       2.45208740E-02
        1001   2.10964847       2.41112113E-02
        1041   2.16522384       2.35776044E-02
        1081   2.23932433       2.34179311E-02
        1121   2.31819177       2.35921089E-02
        1161   2.39035869       2.38591917E-02
        1201   2.44770193       2.40733288E-02
        1241   2.48511553       2.41989642E-02
        1281   2.49982333       2.42440533E-02
        1321   2.49084330       2.42168494E-02
        1361   2.45876789       2.41120048E-02
        1401   2.40589857       2.39188056E-02
        1441   2.33671284       2.36563925E-02
        1481   2.25854349       2.34388206E-02
        1521   2.18206859       2.34979894E-02
        1561   2.12070704       2.39655152E-02
        1601   2.08777332       2.44710706E-02
        1641   2.09148908       2.44026706E-02
        1681   2.13088608       2.38504000E-02
        1721   2.19632792       2.34533101E-02
        1761   2.27413082       2.34679449E-02
        1801   2.35127258       2.37098150E-02
        1841   2.41773534       2.39636265E-02
        1881   2.46680021       2.41392590E-02
        1921   2.49446726       2.42279191E-02
        1961   2.49879718       2.42409855E-02
        2001   2.47950578       2.41810884E-02
        2041   2.43789911       2.40382049E-02
        2081   2.37715936       2.38083415E-02
        2121   2.30293155       2.35435832E-02
        2161   2.22399521       2.34158300E-02
        2201   2.15241599       2.36604437E-02
        2241   2.10207558       2.42245011E-02
        2281   2.08471560       2.45298017E-02
        2321   2.10480976       2.41823401E-02
        2361   2.15720034       2.36271471E-02
        2401   2.22980380       2.34150160E-02
        2441   2.30876803       2.35616677E-02
        2481   2.38224983       2.38280464E-02
        2521   2.44172096       2.40521114E-02
        2561   2.48174477       2.41883695E-02
        2601   2.49929643       2.42425986E-02
        2641   2.49319434       2.42241733E-02
        2681   2.46383977       2.41294485E-02
        2721   2.41330743       2.39470713E-02
        2761   2.34577632       2.36895382E-02
        2801   2.26819634       2.34558452E-02
        2841   2.19083786       2.34683678E-02
        2881   2.12688565       2.38936990E-02
        2921   2.08990622       2.44315676E-02
        2961   2.08901930       2.44479142E-02
        3001   2.12445593       2.39212159E-02
        3041   2.18743420       2.34790519E-02
        3081   2.26447606       2.34488994E-02
        3121   2.34230161       2.36768108E-02
        3161   2.41048265       2.39363853E-02
        3201   2.46192288       2.41229534E-02
        3241   2.49232960       2.42215525E-02
        3281   2.49954152       2.42433660E-02
        3321   2.48308372       2.41926871E-02
        3361   2.44406056       2.40605250E-02
        3401   2.38540006       2.38402225E-02
        3441   2.31241035       2.35733036E-02
        3481   2.23346281       2.34155748E-02
        3521   2.16025782       2.36073881E-02
        3561   2.10661745       2.41553020E-02
        3601   2.08482432       2.45277863E-02
        3641   2.10045671       2.42503136E-02
        3681   2.14947701       2.36825775E-02
        3721   2.22037387       2.34176498E-02
        3761   2.29925847       2.35327985E-02
        3801   2.37392950       2.37960666E-02
        3841   2.43544912       2.40294598E-02
        3881   2.47803950       2.41765324E-02
        3921   2.49841809       2.42400318E-02
        3961   2.49519992       2.42303330E-02
        4001   2.46859622       2.41454560E-02
        4041   2.42046213       2.39740424E-02
        4081   2.35468769       2.37227753E-02
        4121   2.27784896       2.34764274E-02
        4161   2.19980454       2.34454200E-02
        4201   2.13346839       2.38241013E-02
        4241   2.09258413       2.43832860E-02
        4281   2.08709788       2.44840421E-02
        4321   2.11843824       2.39937641E-02
        4361   2.17874742       2.35114377E-02
        4401   2.25482869       2.34335735E-02
        4441   2.33318353       2.36439686E-02
        4481   2.40297890       2.39078589E-02
        4521   2.45673180       2.41051894E-02
        4561   2.48984694       2.42139734E-02
        4601   2.49993396       2.42445935E-02
        4641   2.48632574       2.42029689E-02
        4681   2.44992876       2.40813866E-02
        4721   2.39342523       2.38711685E-02
        4761   2.32179666       2.36043781E-02
        4801   2.24301195       2.34206412E-02
        4841   2.16838980       2.35603787E-02
        4881   2.11163807       2.40834709E-02
        4921   2.08549857       2.45146863E-02
        4961   2.09660649       2.43137032E-02
        5001   2.14207959       2.37433277E-02
        5041   2.21106005       2.34262403E-02
        5081   2.28968310       2.35059652E-02
        5121   2.36541152       2.37634499E-02
        5161   2.42889500       2.40054317E-02
        5201   2.47400403       2.41633989E-02
        5241   2.49718928       2.42363736E-02
        5281   2.49685812       2.42353845E-02
        5321   2.47303224       2.41602138E-02
        5361   2.42735267       2.39997506E-02
        5401   2.36343122       2.37559285E-02
        5441   2.28747940       2.35001650E-02
        5481   2.20894265       2.34290995E-02
        5521   2.14043140       2.37579383E-02
        5561   2.09579587       2.43274495E-02
        5601   2.08573270       2.45101433E-02
        5641   2.11285520       2.40667686E-02
        5681   2.17029333       2.35504396E-02
        5721   2.24521112       2.34224722E-02
        5761   2.32393456       2.36116275E-02
        5801   2.39523411       2.38780864E-02
        5841   2.45123243       2.40859259E-02
        5881   2.48702121       2.42050625E-02
        5921   2.49997377       2.42446195E-02
        5961   2.48922849       2.42119282E-02
        6001   2.45549703       2.41007991E-02
        6041   2.40122318       2.39010341E-02
        6081   2.33107305       2.36364007E-02
        6121   2.25261927       2.34305374E-02
        6161   2.17678690       2.35197060E-02
        6201   2.11711884       2.40104012E-02
        6241   2.08673573       2.44908351E-02
        6281   2.09327435       2.43710056E-02
        6321   2.13503289       2.38085110E-02
        6361   2.20188618       2.34410334E-02
        6401   2.28006029       2.34815497E-02
        6441   2.35670805       2.37303264E-02
        6481   2.42206573       2.39799730E-02
        6521   2.46964169       2.41488814E-02
        6561   2.49561048       2.42314916E-02
        6601   2.49816656       2.42391713E-02
        6641   2.47714257       2.41735335E-02
        6681   2.43397021       2.40239613E-02
        6721   2.37199283       2.37885453E-02
        6761   2.29706764       2.35263668E-02
        6801   2.21822691       2.34189965E-02
        6841   2.14775109       2.36959718E-02
        6881   2.09952903       2.42652129E-02
        6921   2.08492947       2.45256200E-02
        6961   2.10772753       2.41388865E-02
        7001   2.16209817       2.35959254E-02
        7041   2.23564625       2.34161541E-02
        7081   2.31457138       2.35801954E-02
        7121   2.38725948       2.38472726E-02
        7161   2.44543195       2.40653232E-02
        7201   2.48385644       2.41950396E-02
        7241   2.49966192       2.42436249E-02
        7281   2.49179006       2.42198054E-02
        7321   2.46075940       2.41188966E-02
        7361   2.40878320       2.39298493E-02
        7401   2.34022260       2.36691367E-02
        7441   2.26226187       2.34449189E-02
        7481   2.18542266       2.34857760E-02
        7521   2.12303877       2.39376239E-02
        7561   2.08853006       2.44569760E-02
        7601   2.09047294       2.44211424E-02
        7641   2.12836075       2.38774549E-02
        7681   2.19287801       2.34624688E-02
        7721   2.27041101       2.34602243E-02
        7761   2.34783411       2.36971136E-02
        7801   2.41497111       2.39533298E-02
        7841   2.46495843       2.41331756E-02
        7881   2.49368477       2.42256485E-02
        7921   2.49912596       2.42420938E-02
        7961   2.48092437       2.41857767E-02
        8001   2.44030786       2.40470357E-02
        8041   2.38035965       2.38207690E-02
        8081   2.30659389       2.35548895E-02
        8121   2.22763228       2.34151129E-02
        8161   2.15540171       2.36393549E-02
        8201   2.10376787       2.41982751E-02
        8241   2.08469033       2.45303884E-02
        8281   2.10307360       2.42090374E-02
        8321   2.15418696       2.36479007E-02
        8361   2.22615767       2.34154258E-02
        8401   2.30511260       2.35504042E-02
        8441   2.37906790       2.38158759E-02
        8481   2.43933821       2.40436140E-02
        8521   2.48035669       2.41840519E-02
        8561   2.49900007       2.42418367E-02
        8601   2.49400878       2.42267791E-02
        8641   2.46571088       2.41358727E-02
        8681   2.41609573       2.39577070E-02
        8721   2.34922981       2.37024538E-02
        8761   2.27191758       2.34634783E-02
        8801   2.19427133       2.34588366E-02
        8841   2.12937570       2.38666348E-02
        8881   2.09087396       2.44140364E-02
        8921   2.08821321       2.44630203E-02
        8961   2.12208676       2.39490606E-02
        9001   2.18406057       2.34907717E-02
        9041   2.26075625       2.34425422E-02
        9081   2.33880448       2.36641336E-02
        9121   2.40762019       2.39255503E-02
        9161   2.45995927       2.41162777E-02
        9201   2.49141359       2.42187735E-02
        9241   2.49973440       2.42439676E-02
        9281   2.48437309       2.41968036E-02
        9321   2.44635725       2.40687709E-02
        9361   2.38851905       2.38522962E-02
        9401   2.31603956       2.35851705E-02
        9441   2.23713446       2.34169494E-02
        9481   2.16335869       2.35885680E-02
        9521   2.10849643       2.41279118E-02
        9561   2.08501720       2.45240405E-02
        9601   2.09891224       2.42754444E-02
        9641   2.14658618       2.37054490E-02
        9681   2.21676970       2.34202649E-02
        9721   2.29557538       2.35222243E-02
        9761   2.37066984       2.37835962E-02
        9801   2.43295646       2.40203701E-02
        9841   2.47652340       2.41716467E-02
        9881   2.49798608       2.42387708E-02
        9921   2.49588037       2.42324397E-02
        9961   2.47034407       2.41513290E-02
