           1   2.50000000       2.64397655E-02  -5.92485303E-04
          41   2.47630048       2.87816208E-02  -1.18497061E-03
          81   2.42890167       3.13551351E-02  -1.73717691E-03
         121   2.35941458       3.44397165E-02  -2.19655200E-03
         161   2.27155256       3.86563726E-02  -2.48630717E-03
         201   2.17210031       4.50626314E-02  -2.49330327E-03
         241   2.07236814       5.49744889E-02  -2.06552818E-03
         281   1.98974705       6.94007948E-02  -1.04609085E-03
         321   1.94790339       8.90688300E-02   6.12298260E-04
         361   1.97239530      0.116077006       2.65588635E-03
         401   2.07863069      0.151202977       4.46856953E-03
         441   2.25737357      0.185512215       5.44549245E-03
         481   2.47519326      0.208440870       5.49239106E-03
         521   2.69488883      0.220415056       4.94216243E-03
         561   2.89257526      0.226786643       4.14140383E-03
         601   3.05823135      0.231074572       3.28323757E-03
         641   3.18956089      0.234695673       2.44474411E-03
         681   3.28735065      0.238103360       1.64669333E-03
         721   3.35321832      0.241420940       8.87133821E-04
         761   3.38870358      0.244675875       1.55989663E-04
         801   3.39494324      0.247872323      -5.59289707E-04
         841   3.37257171      0.251011074      -1.27174845E-03
         881   3.32170177      0.254096299      -1.99427945E-03
         921   3.24193048      0.257146716      -2.73921248E-03
         961   3.13236189      0.260231137      -3.51731130E-03
        1001   2.99166942      0.263576627      -4.33493126E-03
        1041   2.81827211      0.267887145      -5.18658152E-03
        1081   2.61080885      0.275271118      -6.03621872E-03
        1121   2.36936021      0.291875988      -6.77082362E-03
        1161   2.09852719      0.334781677      -7.08753709E-03
        1201   1.81502569      0.445648432      -6.24062819E-03
        1241   1.56540060      0.698139369      -2.63537560E-03
        1281   1.45998561       1.20191288       5.87876234E-03
        1321   1.69513607       2.30836916       1.75963398E-02
        1361   2.39898968       3.36567426       2.31708903E-02
        1401   3.32582521       3.47484875       2.27793083E-02
        1441   4.23699760       3.42047381       2.20361613E-02
        1481   5.11844397       3.38882542       2.16800682E-02
        1521   5.98564672       3.37521267       2.15324201E-02
        1561   6.84694338       3.36970282       2.14733090E-02
        1601   7.70587587       3.36751342       2.14499068E-02
        1641   8.56387234       3.36664867       2.14406792E-02
        1681   9.42149925       3.36630869       2.14370470E-02
        1721   10.2789812       3.36617494       2.14356184E-02
        1761   11.1364059       3.36612201       2.14350559E-02
        1801   11.9938078       3.36610126       2.14348342E-02
        1841   12.8512011       3.36609292       2.14347467E-02
        1881   13.7085905       3.36608982       2.14347132E-02
        1921   14.5659790       3.36608863       2.14347001E-02
        1961   15.4233665       3.36608815       2.14346945E-02
        2001   16.2807541       3.36608791       2.14346927E-02
        2041   17.1381416       3.36608815       2.14346927E-02
        2081   17.9955292       3.36608815       2.14346927E-02
        2121   18.8529167       3.36608815       2.14346927E-02
        2161   19.7103043       3.36608815       2.14346927E-02
        2201   20.5676918       3.36608815       2.14346927E-02
        2241   21.4250793       3.36608815       2.14346927E-02
        2281   22.2824669       3.36608815       2.14346927E-02
        2321   23.1398544       3.36608815       2.14346927E-02
        2361   23.9972420       3.36608815       2.14346927E-02
        2401   24.8546295       3.36608815       2.14346927E-02
        2441   25.7120171       3.36608815       2.14346927E-02
        2481   26.5694046       3.36608815       2.14346927E-02
        2521   27.4267921       3.36608815       2.14346927E-02
        2561   28.2841797       3.36608815       2.14346927E-02
        2601   29.1415672       3.36608815       2.14346927E-02
        2641   29.9989548       3.36608815       2.14346927E-02
        2681   30.8563423       3.36608815       2.14346927E-02
        2721   31.7137299       3.36608815       2.14346927E-02
        2761   32.5711174       3.36608815       2.14346927E-02
        2801   33.4285049       3.36608815       2.14346927E-02
        2841   34.2858925       3.36608815       2.14346927E-02
        2881   35.1432800       3.36608815       2.14346927E-02
        2921   36.0006676       3.36608815       2.14346927E-02
        2961   36.8580551       3.36608815       2.14346927E-02
        3001   37.7154427       3.36608815       2.14346927E-02
        3041   38.5728302       3.36608815       2.14346927E-02
        3081   39.4302177       3.36608815       2.14346927E-02
        3121   40.2876053       3.36608815       2.14346927E-02
        3161   41.1449928       3.36608815       2.14346927E-02
        3201   42.0023804       3.36608815       2.14346927E-02
        3241   42.8597679       3.36608815       2.14346927E-02
        3281   43.7171555       3.36608815       2.14346927E-02
        3321   44.5745430       3.36608815       2.14346927E-02
        3361   45.4319305       3.36608815       2.14346927E-02
        3401   46.2893181       3.36608815       2.14346927E-02
        3441   47.1467056       3.36608815       2.14346927E-02
        3481   48.0040932       3.36608815       2.14346927E-02
        3521   48.8614807       3.36608815       2.14346927E-02
        3561   49.7188683       3.36608815       2.14346927E-02
        3601   50.5762558       3.36608815       2.14346927E-02
        3641   51.4336433       3.36608815       2.14346927E-02
        3681   52.2910309       3.36608815       2.14346927E-02
        3721   53.1484184       3.36608815       2.14346927E-02
        3761   54.0058060       3.36608815       2.14346927E-02
        3801   54.8631935       3.36608815       2.14346927E-02
        3841   55.7205811       3.36608815       2.14346927E-02
        3881   56.5779686       3.36608815       2.14346927E-02
        3921   57.4353561       3.36608815       2.14346927E-02
        3961   58.2927437       3.36608815       2.14346927E-02
        4001   59.1501312       3.36608815       2.14346927E-02
        4041   60.0075188       3.36608815       2.14346927E-02
        4081   60.8649063       3.36608815       2.14346927E-02
        4121   61.7222939       3.36608815       2.14346927E-02
        4161   62.5796814       3.36608815       2.14346927E-02
        4201   63.4370689       3.36608815       2.14346927E-02
        4241   64.2944565       3.36608815       2.14346927E-02
        4281   65.1518478       3.36608815       2.14346927E-02
        4321   66.0092392       3.36608815       2.14346927E-02
        4361   66.8666306       3.36608815       2.14346927E-02
        4401   67.7240219       3.36608815       2.14346927E-02
        4441   68.5814133       3.36608815       2.14346927E-02
        4481   69.4388046       3.36608815       2.14346927E-02
        4521   70.2961960       3.36608815       2.14346927E-02
        4561   71.1535873       3.36608815       2.14346927E-02
        4601   72.0109787       3.36608815       2.14346927E-02
        4641   72.8683701       3.36608815       2.14346927E-02
        4681   73.7257614       3.36608815       2.14346927E-02
        4721   74.5831528       3.36608815       2.14346927E-02
        4761   75.4405441       3.36608815       2.14346927E-02
        4801   76.2979355       3.36608815       2.14346927E-02
        4841   77.1553268       3.36608815       2.14346927E-02
        4881   78.0127182       3.36608815       2.14346927E-02
        4921   78.8701096       3.36608815       2.14346927E-02
        4961   79.7275009       3.36608815       2.14346927E-02
        5001   80.5848923       3.36608815       2.14346927E-02
        5041   81.4422836       3.36608815       2.14346927E-02
        5081   82.2996750       3.36608815       2.14346927E-02
        5121   83.1570663       3.36608815       2.14346927E-02
        5161   84.0144577       3.36608815       2.14346927E-02
        5201   84.8718491       3.36608815       2.14346927E-02
        5241   85.7292404       3.36608815       2.14346927E-02
        5281   86.5866318       3.36608815       2.14346927E-02
        5321   87.4440231       3.36608815       2.14346927E-02
        5361   88.3014145       3.36608815       2.14346927E-02
        5401   89.1588058       3.36608815       2.14346927E-02
        5441   90.0161972       3.36608815       2.14346927E-02
        5481   90.8735886       3.36608815       2.14346927E-02
        5521   91.7309799       3.36608815       2.14346927E-02
        5561   92.5883713       3.36608815       2.14346927E-02
        5601   93.4457626       3.36608815       2.14346927E-02
        5641   94.3031540       3.36608815       2.14346927E-02
        5681   95.1605453       3.36608815       2.14346927E-02
        5721   96.0179367       3.36608815       2.14346927E-02
        5761   96.8753281       3.36608815       2.14346927E-02
        5801   97.7327194       3.36608815       2.14346927E-02
        5841   98.5901108       3.36608815       2.14346927E-02
        5881   99.4475021       3.36608815       2.14346927E-02
        5921   100.304893       3.36608815       2.14346927E-02
        5961   101.162285       3.36608815       2.14346927E-02
        6001   102.019676       3.36608815       2.14346927E-02
        6041   102.877068       3.36608815       2.14346927E-02
        6081   103.734459       3.36608815       2.14346927E-02
        6121   104.591850       3.36608815       2.14346927E-02
        6161   105.449242       3.36608815       2.14346927E-02
        6201   106.306633       3.36608815       2.14346927E-02
        6241   107.164024       3.36608815       2.14346927E-02
        6281   108.021416       3.36608815       2.14346927E-02
        6321   108.878807       3.36608815       2.14346927E-02
        6361   109.736198       3.36608815       2.14346927E-02
        6401   110.593590       3.36608815       2.14346927E-02
        6441   111.450981       3.36608815       2.14346927E-02
        6481   112.308372       3.36608815       2.14346927E-02
        6521   113.165764       3.36608815       2.14346927E-02
        6561   114.023155       3.36608815       2.14346927E-02
        6601   114.880547       3.36608815       2.14346927E-02
        6641   115.737938       3.36608815       2.14346927E-02
        6681   116.595329       3.36608815       2.14346927E-02
        6721   117.452721       3.36608815       2.14346927E-02
        6761   118.310112       3.36608815       2.14346927E-02
        6801   119.167503       3.36608815       2.14346927E-02
        6841   120.024895       3.36608815       2.14346927E-02
        6881   120.882286       3.36608815       2.14346927E-02
        6921   121.739677       3.36608815       2.14346927E-02
        6961   122.597069       3.36608815       2.14346927E-02
        7001   123.454460       3.36608815       2.14346927E-02
        7041   124.311852       3.36608815       2.14346927E-02
        7081   125.169243       3.36608815       2.14346927E-02
        7121   126.026634       3.36608815       2.14346927E-02
        7161   126.884026       3.36608815       2.14346927E-02
        7201   127.741417       3.36608815       2.14346927E-02
        7241   128.598801       3.36608815       2.14346927E-02
        7281   129.456192       3.36608815       2.14346927E-02
        7321   130.313583       3.36608815       2.14346927E-02
        7361   131.170975       3.36608815       2.14346927E-02
        7401   132.028366       3.36608815       2.14346927E-02
        7441   132.885757       3.36608815       2.14346927E-02
        7481   133.743149       3.36608815       2.14346927E-02
        7521   134.600540       3.36608815       2.14346927E-02
        7561   135.457932       3.36608815       2.14346927E-02
        7601   136.315323       3.36608815       2.14346927E-02
        7641   137.172714       3.36608815       2.14346927E-02
        7681   138.030106       3.36608815       2.14346927E-02
        7721   138.887497       3.36608815       2.14346927E-02
        7761   139.744888       3.36608815       2.14346927E-02
        7801   140.602280       3.36608815       2.14346927E-02
        7841   141.459671       3.36608815       2.14346927E-02
        7881   142.317062       3.36608815       2.14346927E-02
        7921   143.174454       3.36608815       2.14346927E-02
        7961   144.031845       3.36608815       2.14346927E-02
        8001   144.889236       3.36608815       2.14346927E-02
        8041   145.746628       3.36608815       2.14346927E-02
        8081   146.604019       3.36608815       2.14346927E-02
        8121   147.461411       3.36608815       2.14346927E-02
        8161   148.318802       3.36608815       2.14346927E-02
        8201   149.176193       3.36608815       2.14346927E-02
        8241   150.033585       3.36608815       2.14346927E-02
        8281   150.890976       3.36608815       2.14346927E-02
        8321   151.748367       3.36608815       2.14346927E-02
        8361   152.605759       3.36608815       2.14346927E-02
        8401   153.463150       3.36608815       2.14346927E-02
        8441   154.320541       3.36608815       2.14346927E-02
        8481   155.177933       3.36608815       2.14346927E-02
        8521   156.035324       3.36608815       2.14346927E-02
        8561   156.892715       3.36608815       2.14346927E-02
        8601   157.750107       3.36608815       2.14346927E-02
        8641   158.607498       3.36608815       2.14346927E-02
        8681   159.464890       3.36608815       2.14346927E-02
        8721   160.322281       3.36608815       2.14346927E-02
        8761   161.179672       3.36608815       2.14346927E-02
        8801   162.037064       3.36608815       2.14346927E-02
        8841   162.894455       3.36608815       2.14346927E-02
        8881   163.751846       3.36608815       2.14346927E-02
        8921   164.609238       3.36608815       2.14346927E-02
        8961   165.466629       3.36608815       2.14346927E-02
        9001   166.324020       3.36608815       2.14346927E-02
        9041   167.181412       3.36608815       2.14346927E-02
        9081   168.038803       3.36608815       2.14346927E-02
        9121   168.896194       3.36608815       2.14346927E-02
        9161   169.753586       3.36608815       2.14346927E-02
        9201   170.610977       3.36608815       2.14346927E-02
        9241   171.468369       3.36608815       2.14346927E-02
        9281   172.325760       3.36608815       2.14346927E-02
        9321   173.183151       3.36608815       2.14346927E-02
        9361   174.040543       3.36608815       2.14346927E-02
        9401   174.897934       3.36608815       2.14346927E-02
        9441   175.755325       3.36608815       2.14346927E-02
        9481   176.612717       3.36608815       2.14346927E-02
        9521   177.470108       3.36608815       2.14346927E-02
        9561   178.327499       3.36608815       2.14346927E-02
        9601   179.184891       3.36608815       2.14346927E-02
        9641   180.042282       3.36608815       2.14346927E-02
        9681   180.899673       3.36608815       2.14346927E-02
        9721   181.757065       3.36608815       2.14346927E-02
        9761   182.614456       3.36608815       2.14346927E-02
        9801   183.471848       3.36608815       2.14346927E-02
        9841   184.329239       3.36608815       2.14346927E-02
        9881   185.186630       3.36608815       2.14346927E-02
        9921   186.044022       3.36608815       2.14346927E-02
        9961   186.901413       3.36608815       2.14346927E-02
