           1   2.32684827       3.85430595E-03
          41   2.34591103       3.89590207E-03
          81   2.35490942       3.91727639E-03
         121   2.35281849       3.91222816E-03
         161   2.33987355       3.88212409E-03
         201   2.31756973       3.83634539E-03
         241   2.28864479       3.79383052E-03
         281   2.25697064       3.78009607E-03
         321   2.22723532       3.81262600E-03
         361   2.20429897       3.87860718E-03
         401   2.19223738       3.93104134E-03
         441   2.19331384       3.92582500E-03
         481   2.20732307       3.86751816E-03
         521   2.23165274       3.80438892E-03
         561   2.26202989       3.77940619E-03
         601   2.29356408       3.79938772E-03
         641   2.32166386       3.84406350E-03
         681   2.34262419       3.88834719E-03
         721   2.35390234       3.91483540E-03
         761   2.35420442       3.91556695E-03
         801   2.34349632       3.89032951E-03
         841   2.32300425       3.84665187E-03
         881   2.29520464       3.80139262E-03
         921   2.26374459       3.77943041E-03
         961   2.23317957       3.80182313E-03
        1001   2.20840478       3.86371790E-03
        1041   2.19375324       3.92370392E-03
        1081   2.19195080       3.93245183E-03
        1121   2.20334125       3.88229545E-03
        1161   2.22578311       3.81563650E-03
        1201   2.25527334       3.78062134E-03
        1241   2.28696752       3.79213039E-03
        1281   2.31614876       3.83376144E-03
        1321   2.33889031       3.87993455E-03
        1361   2.35238934       3.91119486E-03
        1401   2.35508275       3.91767966E-03
        1441   2.34666777       3.89766158E-03
        1481   2.32810068       3.85684706E-03
        1521   2.30159378       3.81001737E-03
        1561   2.27055788       3.78087792E-03
        1601   2.23939013       3.79297184E-03
        1641   2.21297860       3.84879112E-03
        1681   2.19586492       3.91385332E-03
        1721   2.19119954       3.93620599E-03
        1761   2.19987130       3.89631256E-03
        1801   2.22023869       3.82850086E-03
        1841   2.24861741       3.78410565E-03
        1881   2.28025365       3.78629914E-03
        1921   2.31033564       3.82365147E-03
        1961   2.33472991       3.87080805E-03
        2001   2.35037827       3.90639668E-03
        2041   2.35544944       3.91858537E-03
        2081   2.34937096       3.90401809E-03
        2121   2.33283019       3.86675540E-03
        2161   2.30777240       3.81946610E-03
        2201   2.27736306       3.78430728E-03
        2241   2.24581885       3.78629402E-03
        2281   2.21798205       3.83439148E-03
        2321   2.19855332       3.90194915E-03
        2361   2.19106698       3.93688586E-03
        2401   2.19694304       3.90900951E-03
        2441   2.21506405       3.84256523E-03
        2481   2.24211025       3.78986541E-03
        2521   2.27346635       3.78212752E-03
        2561   2.30425906       3.81398038E-03
        2601   2.33016586       3.86112859E-03
        2641   2.34787989       3.90051701E-03
        2681   2.35530233       3.91824218E-03
        2721   2.35159159       3.90930753E-03
        2761   2.33716559       3.87613219E-03
        2801   2.31370211       3.82942171E-03
        2841   2.28411365       3.78946541E-03
        2881   2.25241709       3.78184160E-03
        2921   2.22337389       3.82096833E-03
        2961   2.20179558       3.88840912E-03
        3001   2.19155455       3.93444486E-03
        3041   2.19458246       3.91982077E-03
        3081   2.21030188       3.85734811E-03
        3121   2.23580074       3.79782217E-03
        3161   2.26665092       3.77982669E-03
        3201   2.29795527       3.80498869E-03
        3241   2.32522321       3.85106588E-03
        3281   2.34490681       3.89361056E-03
        3321   2.35464215       3.91665101E-03
        3361   2.35331821       3.91344540E-03
        3401   2.34108400       3.88487056E-03
        3441   2.31934834       3.83967930E-03
        3481   2.29076529       3.79615068E-03
        3521   2.25913644       3.77966976E-03
        3561   2.22911000       3.80899291E-03
        3601   2.20556259       3.87390028E-03
        3641   2.19265747       3.92902223E-03
        3681   2.19281030       3.92827392E-03
        3721   2.20599198       3.87232122E-03
        3761   2.22973728       3.80782038E-03
        3801   2.25985479       3.77956848E-03
        3841   2.29146385       3.79693648E-03
        3881   2.31992960       3.84076918E-03
        3921   2.34147453       3.88574880E-03
        3961   2.35347199       3.91380908E-03
        4001   2.35454178       3.91638465E-03
        4041   2.34456372       3.89279821E-03
        4081   2.32467723       3.84995900E-03
        4121   2.29727435       3.80406622E-03
        4161   2.26592779       3.77968163E-03
        4201   2.23514462       3.79877305E-03
        4241   2.20982242       3.85892019E-03
        4281   2.19436622       3.92081914E-03
        4321   2.19164252       3.93400481E-03
        4361   2.20217109       3.88690876E-03
        4401   2.22396731       3.81961698E-03
        4441   2.25312567       3.78149608E-03
        4481   2.28482533       3.79010011E-03
        4521   2.31431556       3.83049436E-03
        4561   2.33760166       3.87708307E-03
        4601   2.35179830       3.90978390E-03
        4641   2.35525632       3.91811412E-03
        4681   2.34758639       3.89981433E-03
        4721   2.32965875       3.86007573E-03
        4761   2.30360007       3.81298619E-03
        4801   2.27274346       3.78178922E-03
        4841   2.24143028       3.79060605E-03
        4881   2.21453834       3.84410564E-03
        4921   2.19666505       3.91026866E-03
        4961   2.19108939       3.93677875E-03
        5001   2.19887185       3.90055869E-03
        5041   2.21853685       3.83290136E-03
        5081   2.24651194       3.78571032E-03
        5121   2.27808285       3.78477294E-03
        5161   2.30841398       3.82049615E-03
        5201   2.33330917       3.86776426E-03
        5241   2.34962964       3.90462670E-03
        5281   2.35545826       3.91861424E-03
        5321   2.35013628       3.90583719E-03
        5361   2.33426452       3.86982271E-03
        5401   2.30970287       3.82261747E-03
        5441   2.27953601       3.78578319E-03
        5481   2.24791884       3.78461904E-03
        5521   2.21967101       3.82995512E-03
        5561   2.19953418       3.89774493E-03
        5601   2.19115591       3.93644208E-03
        5641   2.19612312       3.91269755E-03
        5681   2.21349001       3.84724140E-03
        5721   2.24006295       3.79216601E-03
        5761   2.27128148       3.78115894E-03
        5801   2.30226040       3.81099363E-03
        5841   2.32862067       3.85792181E-03
        5881   2.34697723       3.89839010E-03
        5921   2.35514617       3.91784683E-03
        5961   2.35219932       3.91073525E-03
        6001   2.33846855       3.87899857E-03
        6041   2.31554532       3.83268250E-03
        6081   2.28625965       3.79144354E-03
        6121   2.25456119       3.78088676E-03
        6161   2.22517824       3.81693756E-03
        6201   2.20294809       3.88382934E-03
        6241   2.19184184       3.93299758E-03
        6281   2.19394946       3.92277166E-03
        6321   2.20886874       3.86213278E-03
        6361   2.23382711       3.80078610E-03
        6401   2.26446700       3.77948349E-03
        6441   2.29589176       3.80225945E-03
        6481   2.32356191       3.84774059E-03
        6521   2.34385467       3.89114441E-03
        6561   2.35432172       3.91583610E-03
        6601   2.35376549       3.91449500E-03
        6641   2.34224844       3.88747407E-03
        6681   2.32109332       3.84295080E-03
        6721   2.29287052       3.79853835E-03
        6761   2.26130915       3.77940969E-03
        6801   2.23101544       3.80547717E-03
        6841   2.20687699       3.86909419E-03
        6881   2.19314051       3.92663432E-03
        6921   2.19236970       3.93038709E-03
        6961   2.20471191       3.87702603E-03
        7001   2.22785258       3.81138222E-03
        7041   2.25768685       3.77990701E-03
        7081   2.28934836       3.79456067E-03
        7121   2.31816196       3.83742340E-03
        7161   2.34027886       3.88300698E-03
        7201   2.35298920       3.91260721E-03
        7241   2.35482621       3.91703425E-03
        7281   2.34558344       3.89511371E-03
        7321   2.32631397       3.85318766E-03
        7361   2.29932499       3.80678568E-03
        7401   2.26811337       3.78008955E-03
        7441   2.23713565       3.79587477E-03
        7481   2.21128726       3.85408662E-03
        7521   2.19504046       3.91762611E-03
        7561   2.19139838       3.93516757E-03
        7601   2.20105505       3.89136863E-03
        7641   2.22218680       3.82368709E-03
        7681   2.25098968       3.78254987E-03
        7721   2.28267193       3.78816738E-03
        7761   2.31245208       3.82719329E-03
        7801   2.33626914       3.87411285E-03
        7841   2.35115552       3.90819227E-03
        7881   2.35537648       3.91835626E-03
        7921   2.34845591       3.90180922E-03
        7961   2.33117771       3.86319822E-03
        8001   2.30558324       3.81595828E-03
        8041   2.27492666       3.78282112E-03
        8081   2.24349165       3.78839020E-03
        8121   2.21614146       3.83941620E-03
        8161   2.19752479       3.90637433E-03
        8201   2.19104362       3.93696036E-03
        8241   2.19792938       3.90460808E-03
        8281   2.21687460       3.83737078E-03
        8321   2.24442363       3.78749450E-03
        8361   2.27590585       3.78337177E-03
        8401   2.30646610       3.81733919E-03
        8441   2.33184719       3.86461336E-03
        8481   2.34883070       3.90269933E-03
        8521   2.35541368       3.91846336E-03
        8561   2.35085106       3.90749658E-03
        8601   2.33565736       3.87280341E-03
        8641   2.31160641       3.82578350E-03
        8681   2.28170204       3.78740812E-03
        8721   2.25003481       3.78315523E-03
        8761   2.22139883       3.82561283E-03
        8801   2.20057130       3.89338145E-03
        8841   2.19130898       3.93563369E-03
        8881   2.19536257       3.91614158E-03
        8921   2.21195960       3.85195832E-03
        8961   2.23803735       3.79468035E-03
        9001   2.26909494       3.78037849E-03
        9041   2.30023909       3.80807137E-03
        9081   2.32703686       3.85465776E-03
        9121   2.34602594       3.89614981E-03
        9161   2.35493708       3.91731039E-03
        9201   2.35275602       3.91205214E-03
        9241   2.33972812       3.88178881E-03
        9281   2.31735849       3.83595470E-03
        9321   2.28839445       3.79356579E-03
        9361   2.25671649       3.78016033E-03
        9401   2.22701693       3.81306233E-03
        9441   2.20415378       3.87915922E-03
        9481   2.19219208       3.93126113E-03
        9521   2.19337726       3.92549578E-03
        9561   2.20748305       3.86693049E-03
        9601   2.23187995       3.80398124E-03
        9641   2.26228619       3.77938198E-03
        9681   2.29381013       3.79966456E-03
        9721   2.32186580       3.84444161E-03
        9761   2.34275651       3.88864009E-03
        9801   2.35394955       3.91493971E-03
        9841   2.35416126       3.91546311E-03
        9881   2.34336758       3.89004126E-03
        9921   2.32280493       3.84626770E-03
        9961   2.29495955       3.80108762E-03
