           1   2.49703765       2.42380127E-02
          21   2.48827171       2.42307838E-02
          41   2.47385359       2.42224671E-02
          61   2.45404315       2.42122114E-02
          81   2.42922187       2.41989866E-02
         101   2.39990902       2.41815634E-02
         121   2.36678076       2.41586883E-02
         141   2.33068848       2.41291858E-02
         161   2.29267335       2.40923241E-02
         181   2.25396895       2.40480080E-02
         201   2.21598721       2.39970032E-02
         221   2.18027592       2.39408612E-02
         241   2.14844584       2.38814652E-02
         261   2.12206435       2.38202550E-02
         281   2.10252404       2.37579551E-02
         301   2.09090638       2.36947760E-02
         321   2.08786440       2.36313585E-02
         341   2.09354901       2.35696826E-02
         361   2.10759425       2.35133916E-02
         381   2.12916660       2.34661698E-02
         401   2.15706086       2.34305318E-02
         421   2.18982697       2.34065857E-02
         441   2.22589970       2.33923495E-02
         461   2.26371408       2.33847313E-02
         481   2.30179453       2.33805925E-02
         501   2.33881211       2.33775228E-02
         521   2.37361550       2.33740900E-02
         541   2.40523911       2.33696848E-02
         561   2.43289709       2.33642813E-02
         581   2.45596886       2.33581606E-02
         601   2.47398138       2.33516432E-02
         621   2.48659229       2.33449899E-02
         641   2.49357581       2.33383812E-02
         661   2.49481177       2.33318303E-02
         681   2.49027967       2.33250801E-02
         701   2.48005772       2.33176891E-02
         721   2.46432757       2.33090259E-02
         741   2.44338274       2.32982356E-02
         761   2.41764188       2.32842863E-02
         781   2.38766551       2.32659541E-02
         801   2.35417438       2.32420582E-02
         821   2.31806588       2.32116245E-02
         841   2.28042436       2.31741238E-02
         861   2.24251890       2.31297519E-02
         881   2.20578051       2.30795257E-02
         901   2.17175221       2.30250377E-02
         921   2.14200687       2.29680017E-02
         941   2.11803508       2.29096003E-02
         961   2.10111570       2.28503067E-02
         981   2.09218717       2.27902588E-02
        1001   2.09174442       2.27303747E-02
        1021   2.09978437       2.26730257E-02
        1041   2.11581063       2.26217061E-02
        1061   2.13889456       2.25797631E-02
        1081   2.16777992       2.25489028E-02
        1101   2.20100689       2.25286782E-02
        1121   2.23703575       2.25168411E-02
        1141   2.27435231       2.25103926E-02
        1161   2.31154585       2.25065406E-02
        1181   2.34735799       2.25032754E-02
        1201   2.38070631       2.24994570E-02
        1221   2.41068912       2.24946700E-02
        1241   2.43657708       2.24890001E-02
        1261   2.45779872       2.24827249E-02
        1281   2.47392368       2.24761944E-02
        1301   2.48464656       2.24696267E-02
        1321   2.48977470       2.24631336E-02
        1341   2.48921871       2.24565715E-02
        1361   2.48298931       2.24497486E-02
        1381   2.47119665       2.24421378E-02
        1401   2.45405674       2.24330835E-02
        1421   2.43190074       2.24216320E-02
        1441   2.40518999       2.24067867E-02
        1461   2.37453127       2.23873798E-02
        1481   2.34069490       2.23623384E-02
        1501   2.30462813       2.23308783E-02
        1521   2.26746106       2.22927388E-02
        1541   2.23049760       2.22483948E-02
        1561   2.19518447       2.21990123E-02
        1581   2.16305065       2.21462790E-02
        1601   2.13561845       2.20916588E-02
        1621   2.11428714       2.20359769E-02
        1641   2.10020542       2.19794400E-02
        1661   2.09415317       2.19224002E-02
        1681   2.09645653       2.18660794E-02
        1701   2.10695291       2.18130834E-02
        1721   2.12501407       2.17668489E-02
        1741   2.14962053       2.17301175E-02
        1761   2.17947054       2.17038691E-02
        1781   2.21310186       2.16870774E-02
        1801   2.24900699       2.16773432E-02
        1821   2.28572798       2.16718484E-02
        1841   2.32192326       2.16681510E-02
        1861   2.35640860       2.16646045E-02
        1881   2.38817358       2.16603838E-02
        1901   2.41638255       2.16552652E-02
        1921   2.44036460       2.16493905E-02
        1941   2.45959926       2.16430575E-02
        1961   2.47370028       2.16365326E-02
        1981   2.48240185       2.16300283E-02
        2001   2.48554683       2.16235630E-02
        2021   2.48308039       2.16170345E-02
        2041   2.47504663       2.16100663E-02
        2061   2.46159196       2.16021538E-02
        2081   2.44297075       2.15925351E-02
        2101   2.41955733       2.15803124E-02
        2121   2.39186001       2.15644464E-02
        2141   2.36053705       2.15438474E-02
        2161   2.32641244       2.15175692E-02
        2181   2.29048634       2.14850586E-02
        2201   2.25393534       2.14463472E-02
        2221   2.21809554       2.14021504E-02
        2241   2.18442154       2.13538297E-02
        2261   2.15441775       2.13028938E-02
        2281   2.12953973       2.12506391E-02
        2301   2.11107755       2.11975109E-02
        2321   2.10003233       2.11436953E-02
        2341   2.09701228       2.10896395E-02
        2361   2.10216618       2.10370012E-02
        2381   2.11516976       2.09885556E-02
        2401   2.13526678       2.09474601E-02
        2421   2.16135406       2.09157672E-02
        2441   2.19209337       2.08938252E-02
        2461   2.22602916       2.08801106E-02
        2481   2.26169419       2.08721571E-02
        2501   2.29769254       2.08673719E-02
        2521   2.33275700       2.08637007E-02
        2541   2.36578012       2.08598617E-02
        2561   2.39582515       2.08552741E-02
        2581   2.42212367       2.08498538E-02
        2601   2.44406486       2.08438132E-02
        2621   2.46118045       2.08374243E-02
        2641   2.47313046       2.08309647E-02
        2661   2.47969007       2.08245534E-02
        2681   2.48074031       2.08181795E-02
        2701   2.47626281       2.08115857E-02
        2721   2.46633983       2.08044425E-02
        2741   2.45115685       2.07961164E-02
        2761   2.43101168       2.07858272E-02
        2781   2.40632629       2.07726806E-02
        2801   2.37766099       2.07556337E-02
        2821   2.34573030       2.07337178E-02
        2841   2.31141543       2.07061563E-02
        2861   2.27577114       2.06726454E-02
        2881   2.24001884       2.06334908E-02
        2901   2.20552111       2.05896534E-02
        2921   2.17373037       2.05425285E-02
        2941   2.14611053       2.04935186E-02
        2961   2.12403274       2.04435587E-02
        2981   2.10865831       2.03928594E-02
        3001   2.10082412       2.03416031E-02
        3021   2.10095453       2.02905573E-02
        3041   2.10901618       2.02417318E-02
        3061   2.12452531       2.01979876E-02
        3081   2.14660501       2.01620199E-02
        3101   2.17407966       2.01352090E-02
        3121   2.20558643       2.01171841E-02
        3141   2.23968720       2.01061293E-02
        3161   2.27496338       2.00995971E-02
        3181   2.31008768       2.00952925E-02
        3201   2.34387064       2.00915299E-02
        3221   2.37528372       2.00873464E-02
        3241   2.40346551       2.00824104E-02
        3261   2.42771578       2.00767368E-02
        3281   2.44748425       2.00705975E-02
        3301   2.46235585       2.00642124E-02
        3321   2.47203779       2.00578328E-02
        3341   2.47634816       2.00515129E-02
        3361   2.47520828       2.00451538E-02
        3381   2.46863985       2.00384837E-02
        3401   2.45676565       2.00310405E-02
        3421   2.43981528       2.00221799E-02
        3441   2.41813421       2.00110972E-02
        3461   2.39219689       1.99968871E-02
        3481   2.36262059       1.99785456E-02
        3501   2.33017969       1.99552327E-02
        3521   2.29581547       1.99263990E-02
        3541   2.26063681       1.98919903E-02
        3561   2.22590590       1.98526084E-02
        3581   2.19300294       1.98093560E-02
        3601   2.16336393       1.97636783E-02
        3621   2.13839436       1.97166409E-02
        3641   2.11935997       1.96688846E-02
        3661   2.10727310       1.96205322E-02
        3681   2.10279083       1.95718650E-02
        3701   2.10614514       1.95239857E-02
        3721   2.11711979       1.94792096E-02
        3741   2.13507795       1.94403082E-02
        3761   2.15903425       1.94093920E-02
        3781   2.18775415       1.93871409E-02
        3801   2.21986437       1.93725973E-02
        3821   2.25395560       1.93637386E-02
        3841   2.28866673       1.93582643E-02
        3861   2.32274485       1.93542093E-02
        3881   2.35508132       1.93502400E-02
        3901   2.38472843       1.93457045E-02
        3921   2.41090035       1.93404332E-02
        3941   2.43296552       1.93345733E-02
        3961   2.45043421       1.93283688E-02
        3981   2.46294522       1.93220489E-02
        4001   2.47025394       1.93157662E-02
        4021   2.47222281       1.93095095E-02
        4041   2.46881604       1.93031263E-02
        4061   2.46009803       1.92962643E-02
        4081   2.44623637       1.92884207E-02
        4101   2.42750859       1.92789100E-02
        4121   2.40431261       1.92668885E-02
        4141   2.37718010       1.92514490E-02
        4161   2.34678960       1.92317031E-02
        4181   2.31397891       1.92069616E-02
        4201   2.27974987       1.91769134E-02
        4221   2.24526310       1.91417970E-02
        4241   2.21181440       1.91024374E-02
        4261   2.18078876       1.90600678E-02
        4281   2.15358853       1.90159678E-02
        4301   2.13153863       1.89709719E-02
        4321   2.11577749       1.89253669E-02
        4341   2.10714960       1.88792255E-02
        4361   2.10611844       1.88331492E-02
        4381   2.11271906       1.87886432E-02
        4401   2.12655640       1.87481456E-02
        4421   2.14685202       1.87141411E-02
        4441   2.17252707       1.86880901E-02
        4461   2.20230508       1.86699517E-02
        4481   2.23481679       1.86583679E-02
        4501   2.26869392       1.86512414E-02
        4521   2.30264115       1.86464787E-02
        4541   2.33548474       1.86424740E-02
        4561   2.36619997       1.86382476E-02
        4581   2.39392018       1.86333749E-02
        4601   2.41793537       1.86278541E-02
        4621   2.43768191       1.86218694E-02
        4641   2.45273066       1.86156593E-02
        4661   2.46277452       1.86094027E-02
        4681   2.46761823       1.86032243E-02
        4701   2.46717024       1.85969900E-02
        4721   2.46144009       1.85905304E-02
        4741   2.45053816       1.85834318E-02
        4761   2.43468046       1.85751133E-02
        4781   2.41419697       1.85648240E-02
        4801   2.38954282       1.85517222E-02
        4821   2.36131144       1.85349509E-02
        4841   2.33024645       1.85137391E-02
        4861   2.29725051       1.84875969E-02
        4881   2.26338530       1.84564814E-02
        4901   2.22985768       1.84209049E-02
        4921   2.19798613       1.83818694E-02
        4941   2.16914415       1.83406100E-02
        4961   2.14467883       1.82981938E-02
        4981   2.12581134       1.82551313E-02
        5001   2.11352968       1.82115640E-02
        5021   2.10849261       1.81676243E-02
        5041   2.11096144       1.81242712E-02
        5061   2.12077403       1.80833898E-02
        5081   2.13736582       1.80473831E-02
        5101   2.15983224       1.80182364E-02
        5121   2.18701959       1.79967470E-02
        5141   2.21762753       1.79822408E-02
        5161   2.25030661       1.79730784E-02
        5181   2.28374100       1.79672260E-02
        5201   2.31670833       1.79628748E-02
        5221   2.34811854       1.79587733E-02
        5241   2.37703180       1.79542415E-02
        5261   2.40266299       1.79490559E-02
        5281   2.42437696       1.79433301E-02
        5301   2.44167757       1.79372840E-02
        5321   2.45419598       1.79311316E-02
        5341   2.46167922       1.79249775E-02
        5361   2.46398211       1.79188624E-02
        5381   2.46106148       1.79126747E-02
        5401   2.45297408       1.79060474E-02
        5421   2.43987989       1.78985391E-02
        5441   2.42204762       1.78895369E-02
        5461   2.39986444       1.78782865E-02
        5481   2.37384725       1.78639498E-02
        5501   2.34465528       1.78457331E-02
        5521   2.31309986       1.78230330E-02
        5541   2.28014874       1.77955814E-02
        5561   2.24691939       1.77636258E-02
        5581   2.21465588       1.77279096E-02
        5601   2.18468475       1.76895373E-02
        5621   2.15834761       1.76496394E-02
        5641   2.13691211       1.76089853E-02
        5661   2.12147045       1.75678078E-02
        5681   2.11283875       1.75261814E-02
        5701   2.11147571       1.74845494E-02
        5721   2.11743569       1.74442120E-02
        5741   2.13036561       1.74072813E-02
        5761   2.14954567       1.73759013E-02
        5781   2.17396450       1.73514746E-02
        5801   2.20241427       1.73340887E-02
        5821   2.23358941       1.73226520E-02
        5841   2.26617575       1.73153635E-02
        5861   2.29892039       1.73103660E-02
        5881   2.33068061       1.73061788E-02
        5901   2.36045218       1.73018649E-02
        5921   2.38738132       1.72970220E-02
        5941   2.41076374       1.72915831E-02
        5961   2.43003798       1.72857251E-02
        5981   2.44477415       1.72796510E-02
        6001   2.45466328       1.72735713E-02
        6021   2.45950699       1.72675122E-02
        6041   2.45921135       1.72614511E-02
        6061   2.45378304       1.72551647E-02
        6081   2.44332981       1.72482859E-02
        6101   2.42806458       1.72402933E-02
        6121   2.40831304       1.72304884E-02
        6141   2.38452363       1.72181148E-02
        6161   2.35727978       1.72024053E-02
        6181   2.32730961       1.71826705E-02
        6201   2.29549360       1.71585195E-02
        6221   2.26286221       1.71299353E-02
        6241   2.23058128       1.70974359E-02
        6261   2.19991946       1.70619376E-02
        6281   2.17219234       1.70245226E-02
        6301   2.14868546       1.69861503E-02
        6321   2.13056064       1.69472471E-02
        6341   2.11875629       1.69078466E-02
        6361   2.11389756       1.68681778E-02
        6381   2.11623359       1.68289803E-02
        6401   2.12561321       1.67919565E-02
        6421   2.14150405       1.67591535E-02
        6441   2.16304970       1.67323723E-02
        6461   2.18915439       1.67123433E-02
        6481   2.21857834       1.66985560E-02
        6501   2.25003004       1.66895799E-02
        6521   2.28224397       1.66836455E-02
        6541   2.31403971       1.66791398E-02
        6561   2.34435892       1.66749097E-02
        6581   2.37228560       1.66703425E-02
        6601   2.39705110       1.66652240E-02
        6621   2.41803074       1.66596007E-02
        6641   2.43473554       1.66537091E-02
        6661   2.44680071       1.66477226E-02
        6681   2.45397639       1.66417547E-02
        6701   2.45611930       1.66358091E-02
        6721   2.45318818       1.66297853E-02
        6741   2.44524193       1.66233592E-02
        6761   2.43244219       1.66161023E-02
        6781   2.41505885       1.66074112E-02
        6801   2.39347911       1.65966265E-02
        6821   2.36821771       1.65829957E-02
        6841   2.33992743       1.65658183E-02
        6861   2.30940795       1.65445805E-02
        6881   2.27760720       1.65191032E-02
        6901   2.24561310       1.64896511E-02
        6921   2.21462965       1.64569486E-02
        6941   2.18593240       1.64219961E-02
        6961   2.16080260       1.63858067E-02
        6981   2.14044309       1.63489822E-02
        7001   2.12588239       1.63117498E-02
        7021   2.11788177       1.62740927E-02
        7041   2.11686063       1.62364990E-02
        7061   2.12285519       1.62000451E-02
        7081   2.13551641       1.61666572E-02
        7101   2.15414977       1.61381904E-02
        7121   2.17778540       1.61159001E-02
        7141   2.20526767       1.60998274E-02
        7161   2.23534703       1.60890222E-02
        7181   2.26676345       1.60819124E-02
        7201   2.29831314       1.60768703E-02
        7221   2.32889533       1.60725676E-02
        7241   2.35753965       1.60681866E-02
        7261   2.38341832       1.60633251E-02
        7281   2.40584731       1.60579793E-02
        7301   2.42427969       1.60522498E-02
        7321   2.43829679       1.60463341E-02
        7341   2.44759822       1.60404071E-02
        7361   2.45199323       1.60345491E-02
        7381   2.45139408       1.60286687E-02
        7401   2.44581366       1.60225444E-02
        7421   2.43536615       1.60158388E-02
        7441   2.42027068       1.60080604E-02
        7461   2.40085816       1.59985423E-02
        7481   2.37758160       1.59866139E-02
        7501   2.35102558       1.59715898E-02
        7521   2.32191563       1.59529001E-02
        7541   2.29112244       1.59302223E-02
        7561   2.25965810       1.59036275E-02
        7581   2.22865915       1.58736296E-02
        7601   2.19935179       1.58411060E-02
        7621   2.17299676       1.58070382E-02
        7641   2.15081477       1.57721918E-02
        7661   2.13389659       1.57369282E-02
        7681   2.12311101       1.57012828E-02
        7701   2.11902261       1.56654175E-02
        7721   2.12183642       1.56300832E-02
        7741   2.13137841       1.55967344E-02
        7761   2.14711642       1.55672505E-02
        7781   2.16821575       1.55431228E-02
        7801   2.19361901       1.55249806E-02
        7821   2.22213554       1.55123184E-02
        7841   2.25252748       1.55038778E-02
        7861   2.28358293       1.54980924E-02
        7881   2.31417036       1.54935503E-02
        7901   2.34327412       1.54892458E-02
        7921   2.37001371       1.54846366E-02
        7941   2.39364910       1.54795377E-02
        7961   2.41357875       1.54740103E-02
        7981   2.42933178       1.54682444E-02
        8001   2.44055843       1.54624134E-02
        8021   2.44702125       1.54565983E-02
        8041   2.44858837       1.54508082E-02
        8061   2.44522905       1.54449092E-02
        8081   2.43701267       1.54386070E-02
        8101   2.42411137       1.54314842E-02
        8121   2.40680552       1.54230054E-02
        8141   2.38549185       1.54125132E-02
        8161   2.36069274       1.53993145E-02
        8181   2.33306623       1.53828431E-02
        8201   2.30341101       1.53626697E-02
        8221   2.27266669       1.53387133E-02
        8241   2.24190211       1.53113017E-02
        8261   2.21228886       1.52811585E-02
        8281   2.18505573       1.52491936E-02
        8301   2.16142297       1.52162453E-02
        8321   2.14252067       1.51828267E-02
        8341   2.12929916       1.51490383E-02
        8361   2.12244320       1.51149742E-02
        8381   2.12230682       1.50810173E-02
        8401   2.12887859       1.50482226E-02
        8421   2.14178467       1.50183039E-02
        8441   2.16032982       1.49928909E-02
        8461   2.18356562       1.49729690E-02
        8481   2.21037436       1.49585344E-02
        8501   2.23955536       1.49486810E-02
        8521   2.26990271       1.49419922E-02
        8541   2.30026603       1.49370451E-02
        8561   2.32959414       1.49326995E-02
        8581   2.35696054       1.49282720E-02
        8601   2.38157439       1.49234021E-02
        8621   2.40278268       1.49180964E-02
        8641   2.42006421       1.49124851E-02
        8661   2.43302155       1.49067426E-02
        8681   2.44137239       1.49010075E-02
        8701   2.44494200       1.48953265E-02
        8721   2.44365764       1.48896184E-02
        8741   2.43754673       1.48836449E-02
        8761   2.42673755       1.48770511E-02
        8781   2.41146398       1.48693724E-02
        8801   2.39207149       1.48600079E-02
        8821   2.36902642       1.48483394E-02
        8841   2.34292483       1.48337642E-02
        8861   2.31449914       1.48157990E-02
        8881   2.28462052       1.47942435E-02
        8901   2.25429177       1.47692552E-02
        8921   2.22462702       1.47414003E-02
        8941   2.19681501       1.47114880E-02
        8961   2.17206216       1.46803837E-02
        8981   2.15151882       1.46486964E-02
        9001   2.13619423       1.46166477E-02
        9021   2.12687039       1.45842982E-02
        9041   2.12402964       1.45518258E-02
        9061   2.12780786       1.45199737E-02
        9081   2.13798261       1.44901667E-02
        9101   2.15399814       1.44639751E-02
        9121   2.17502165       1.44426515E-02
        9141   2.20001936       1.44266058E-02
        9161   2.22784090       1.44153191E-02
        9181   2.25729942       1.44076208E-02
        9201   2.28723764       1.44021278E-02
        9221   2.31657863       1.43976333E-02
        9241   2.34435725       1.43932877E-02
        9261   2.36973763       1.43886432E-02
        9281   2.39201856       1.43835675E-02
        9301   2.41063142       1.43781463E-02
        9321   2.42513299       1.43725481E-02
        9341   2.43519735       1.43669052E-02
        9361   2.44060802       1.43612735E-02
        9381   2.44125271       1.43556809E-02
        9401   2.43711877       1.43499263E-02
        9421   2.42829394       1.43437246E-02
        9441   2.41496873       1.43366791E-02
        9461   2.39744210       1.43282600E-02
        9481   2.37612891       1.43178850E-02
        9501   2.35156846       1.43049192E-02
        9521   2.32443237       1.42888883E-02
        9541   2.29552794       1.42694935E-02
        9561   2.26579428       1.42467562E-02
        9581   2.23628783       1.42210713E-02
        9601   2.20815206       1.41931484E-02
        9621   2.18256950       1.41638070E-02
        9641   2.16069531       1.41338091E-02
        9661   2.14357877       1.41034294E-02
        9681   2.13207817       1.40727423E-02
        9701   2.12678409       1.40418429E-02
        9721   2.12796402       1.40111642E-02
        9741   2.13553667       1.39817903E-02
        9761   2.14908242       1.39552262E-02
        9781   2.16788673       1.39328884E-02
        9801   2.19100809       1.39154661E-02
        9821   2.21735740       1.39028179E-02
        9841   2.24577856       1.38940467E-02
        9861   2.27511883       1.38878971E-02
        9881   2.30428481       1.38831260E-02
        9901   2.33228087       1.38787869E-02
        9921   2.35823178       1.38742998E-02
        9941   2.38139272       1.38694365E-02
        9961   2.40115047       1.38642080E-02
        9981   2.41701794       1.38587439E-02
