           1   2.29999995       5.24355914E-04  -2.69626853E-05
          11   2.29973030       5.28940232E-04  -5.39253706E-05
          21   2.29919100       5.33562154E-04  -8.06600729E-05
          31   2.29838443       5.38224471E-04  -1.06938154E-04
          41   2.29731512       5.42931317E-04  -1.32531743E-04
          51   2.29598975       5.47677628E-04  -1.57215065E-04
          61   2.29441762       5.52473008E-04  -1.80765637E-04
          71   2.29260993       5.57316525E-04  -2.02966083E-04
          81   2.29058027       5.62217203E-04  -2.23605311E-04
          91   2.28834414       5.67176845E-04  -2.42480455E-04
         101   2.28591943       5.72206220E-04  -2.59398250E-04
         111   2.28332543       5.77308994E-04  -2.74177146E-04
         121   2.28058362       5.82492619E-04  -2.86648807E-04
         131   2.27771711       5.87765186E-04  -2.96660175E-04
         141   2.27475047       5.93132223E-04  -3.04075540E-04
         151   2.27170968       5.98600425E-04  -3.08778312E-04
         161   2.26862192       6.04174216E-04  -3.10673233E-04
         171   2.26551509       6.09857088E-04  -3.09688156E-04
         181   2.26241827       6.15650264E-04  -3.05775990E-04
         191   2.25936055       6.21554791E-04  -2.98916479E-04
         201   2.25637150       6.27568515E-04  -2.89117597E-04
         211   2.25348043       6.33690623E-04  -2.76417064E-04
         221   2.25071621       6.39919541E-04  -2.60883127E-04
         231   2.24810743       6.46243803E-04  -2.42615293E-04
         241   2.24568129       6.52664632E-04  -2.21744922E-04
         251   2.24346375       6.59176731E-04  -1.98434500E-04
         261   2.24147940       6.65771076E-04  -1.72877160E-04
         271   2.23975062       6.72443130E-04  -1.45295577E-04
         281   2.23829770       6.79188408E-04  -1.15939984E-04
         291   2.23713827       6.86013198E-04  -8.50858924E-05
         301   2.23628736       6.92913833E-04  -5.30309298E-05
         311   2.23575711       6.99876284E-04  -2.00917493E-05
         321   2.23555613       7.06918712E-04   1.33995418E-05
         331   2.23569012       7.14034541E-04   4.71003550E-05
         341   2.23616123       7.21217599E-04   8.06615135E-05
         351   2.23696780       7.28480634E-04   1.13731934E-04
         361   2.23810506       7.35815265E-04   1.45963873E-04
         371   2.23956466       7.43224344E-04   1.77017180E-04
         381   2.24133492       7.50694540E-04   2.06564175E-04
         391   2.24340057       7.58226262E-04   2.34293635E-04
         401   2.24574351       7.65815319E-04   2.59915163E-04
         411   2.24834275       7.73444423E-04   2.83162779E-04
         421   2.25117445       7.81108858E-04   3.03797511E-04
         431   2.25421238       7.88798905E-04   3.21610423E-04
         441   2.25742841       7.96503969E-04   3.36424477E-04
         451   2.26079273       8.04210256E-04   3.48095840E-04
         461   2.26427364       8.11911770E-04   3.56514414E-04
         471   2.26783872       8.19601526E-04   3.61604558E-04
         481   2.27145481       8.27274111E-04   3.63324711E-04
         491   2.27508807       8.34927603E-04   3.61666403E-04
         501   2.27870464       8.42560898E-04   3.56653589E-04
         511   2.28227115       8.50177486E-04   3.48341098E-04
         521   2.28575444       8.57782026E-04   3.36812867E-04
         531   2.28912258       8.65383481E-04   3.22180131E-04
         541   2.29234433       8.72986973E-04   3.04579327E-04
         551   2.29539013       8.80604261E-04   2.84170266E-04
         561   2.29823184       8.88243667E-04   2.61133799E-04
         571   2.30084324       8.95914040E-04   2.35669882E-04
         581   2.30320001       9.03626438E-04   2.07995472E-04
         591   2.30527997       9.11380746E-04   1.78342569E-04
         601   2.30706334       9.19186510E-04   1.46956503E-04
         611   2.30853295       9.27053043E-04   1.14094008E-04
         621   2.30967379       9.34975920E-04   8.00214912E-05
         631   2.31047392       9.42964398E-04   4.50137413E-05
         641   2.31092405       9.51019290E-04   9.35217759E-06
         651   2.31101751       9.59136349E-04  -2.66764073E-05
         661   2.31075072       9.67324479E-04  -6.27811096E-05
         671   2.31012297       9.75581119E-04  -9.86684390E-05
         681   2.30913639       9.83907725E-04  -1.34043454E-04
         691   2.30779600       9.92303248E-04  -1.68611121E-04
         701   2.30610991       1.00077328E-03  -2.02077601E-04
         711   2.30408907       1.00932410E-03  -2.34151841E-04
         721   2.30174756       1.01796712E-03  -2.64547038E-04
         731   2.29910207       1.02671026E-03  -2.92982470E-04
         741   2.29617214       1.03556493E-03  -3.19185143E-04
         751   2.29298019       1.04454998E-03  -3.42891901E-04
         761   2.28955126       1.05368125E-03  -3.63851694E-04
         771   2.28591275       1.06297503E-03  -3.81827907E-04
         781   2.28209448       1.07244810E-03  -3.96600866E-04
         791   2.27812839       1.08211557E-03  -4.07970685E-04
         801   2.27404857       1.09199400E-03  -4.15760005E-04
         811   2.26989102       1.10209628E-03  -4.19817137E-04
         821   2.26569295       1.11243117E-03  -4.20019293E-04
         831   2.26149273       1.12300774E-03  -4.16275492E-04
         841   2.25732994       1.13382505E-03  -4.08529246E-04
         851   2.25324464       1.14488439E-03  -3.96762160E-04
         861   2.24927711       1.15617644E-03  -3.80996004E-04
         871   2.24546719       1.16769900E-03  -3.61295301E-04
         881   2.24185419       1.17944158E-03  -3.37768695E-04
         891   2.23847651       1.19138323E-03  -3.10570467E-04
         901   2.23537087       1.20351766E-03  -2.79901171E-04
         911   2.23257184       1.21582625E-03  -2.46007054E-04
         921   2.23011184       1.22829992E-03  -2.09179125E-04
         931   2.22801995       1.24093448E-03  -1.69750987E-04
         941   2.22632241       1.25371618E-03  -1.28095737E-04
         951   2.22504139       1.26664201E-03  -8.46222683E-05
         961   2.22419524       1.27969857E-03  -3.97702206E-05
         971   2.22379756       1.29290274E-03   5.99543637E-06
         981   2.22385740       1.30625162E-03   5.21913680E-05
         991   2.22437930       1.31974323E-03   9.83224454E-05
        1001   2.22536254       1.33337919E-03   1.43889090E-04
        1011   2.22680140       1.34716206E-03   1.88394944E-04
        1021   2.22868538       1.36107660E-03   2.31354396E-04
        1031   2.23099899       1.37511175E-03   2.72299658E-04
        1041   2.23372197       1.38926774E-03   3.10787698E-04
        1051   2.23682976       1.40352105E-03   3.46406945E-04
        1061   2.24029374       1.41784362E-03   3.78782221E-04
        1071   2.24408150       1.43220986E-03   4.07579442E-04
        1081   2.24815726       1.44659169E-03   4.32509260E-04
        1091   2.25248241       1.46096246E-03   4.53329674E-04
        1101   2.25701571       1.47530087E-03   4.69847815E-04
        1111   2.26171422       1.48958201E-03   4.81920608E-04
        1121   2.26653337       1.50378747E-03   4.89454425E-04
        1131   2.27142787       1.51790527E-03   4.92403982E-04
        1141   2.27635193       1.53192924E-03   4.90770733E-04
        1151   2.28125954       1.54585834E-03   4.84600401E-04
        1161   2.28610563       1.55970163E-03   4.73980443E-04
        1171   2.29084539       1.57346635E-03   4.59036703E-04
        1181   2.29543567       1.58716924E-03   4.39930445E-04
        1191   2.29983497       1.60083245E-03   4.16854891E-04
        1201   2.30400348       1.61447749E-03   3.90031695E-04
        1211   2.30790377       1.62812334E-03   3.59707832E-04
        1221   2.31150079       1.64179318E-03   3.26152600E-04
        1231   2.31476235       1.65551458E-03   2.89654592E-04
        1241   2.31765890       1.66929769E-03   2.50518875E-04
        1251   2.32016420       1.68316520E-03   2.09064921E-04
        1261   2.32225490       1.69711979E-03   1.65624137E-04
        1271   2.32391119       1.71117624E-03   1.20538214E-04
        1281   2.32511663       1.72534108E-03   7.41572512E-05
        1291   2.32585812       1.73960335E-03   2.68383046E-05
        1301   2.32612658       1.75398460E-03  -2.10556718E-05
        1311   2.32591605       1.76847738E-03  -6.91574678E-05
        1321   2.32522440       1.78307376E-03  -1.17096308E-04
        1331   2.32405353       1.79779553E-03  -1.64498895E-04
        1341   2.32240844       1.81262800E-03  -2.10990824E-04
        1351   2.32029843       1.82758819E-03  -2.56197120E-04
        1361   2.31773639       1.84269156E-03  -2.99743901E-04
        1371   2.31473899       1.85795908E-03  -3.41259583E-04
        1381   2.31132650       1.87341077E-03  -3.80376528E-04
        1391   2.30752277       1.88906980E-03  -4.16732772E-04
        1401   2.30335546       1.90497190E-03  -4.49974177E-04
        1411   2.29885578       1.92115479E-03  -4.79757000E-04
        1421   2.29405832       1.93765853E-03  -5.05750824E-04
        1431   2.28900075       1.95451942E-03  -5.27641678E-04
        1441   2.28372431       1.97178381E-03  -5.45135699E-04
        1451   2.27827287       1.98948872E-03  -5.57963387E-04
        1461   2.27269316       2.00767023E-03  -5.65883995E-04
        1471   2.26703429       2.02635629E-03  -5.68690069E-04
        1481   2.26134729       2.04556901E-03  -5.66212926E-04
        1491   2.25568509       2.06532073E-03  -5.58327185E-04
        1501   2.25010180       2.08561029E-03  -5.44956245E-04
        1511   2.24465227       2.10642978E-03  -5.26077463E-04
        1521   2.23939157       2.12776475E-03  -5.01726405E-04
        1531   2.23437428       2.14959262E-03  -4.72001149E-04
        1541   2.22965431       2.17188103E-03  -4.37065493E-04
        1551   2.22528362       2.19459413E-03  -3.97151511E-04
        1561   2.22131205       2.21770816E-03  -3.52560659E-04
        1571   2.21778655       2.24116212E-03  -3.03663342E-04
        1581   2.21474981       2.26495718E-03  -2.50897836E-04
        1591   2.21224093       2.28905305E-03  -1.94765831E-04
        1601   2.21029329       2.31343927E-03  -1.35828013E-04
        1611   2.20893502       2.33811000E-03  -7.46968217E-05
        1621   2.20818806       2.36306735E-03  -1.20280456E-05
        1631   2.20806789       2.38829548E-03   5.14891799E-05
        1641   2.20858288       2.41380674E-03   1.15143062E-04
        1651   2.20973420       2.43963348E-03   1.78211514E-04
        1661   2.21151638       2.46572215E-03   2.39974848E-04
        1671   2.21391606       2.49209651E-03   2.99727049E-04
        1681   2.21691322       2.51871487E-03   3.56789067E-04
        1691   2.22048116       2.54553976E-03   4.10519424E-04
        1701   2.22458625       2.57253530E-03   4.60324489E-04
        1711   2.22918940       2.59963726E-03   5.05667645E-04
        1721   2.23424602       2.62677134E-03   5.46076102E-04
        1731   2.23970675       2.65388004E-03   5.81146043E-04
        1741   2.24551821       2.68088351E-03   6.10546791E-04
        1751   2.25162363       2.70772493E-03   6.34021882E-04
        1761   2.25796390       2.73433886E-03   6.51389593E-04
        1771   2.26447773       2.76068458E-03   6.62540842E-04
        1781   2.27110314       2.78672762E-03   6.67436980E-04
        1791   2.27777743       2.81245145E-03   6.66105479E-04
        1801   2.28443837       2.83785514E-03   6.58635225E-04
        1811   2.29102468       2.86295475E-03   6.45171211E-04
        1821   2.29747629       2.88777612E-03   6.25908782E-04
        1831   2.30373549       2.91236676E-03   6.01088046E-04
        1841   2.30974627       2.93675857E-03   5.70987817E-04
        1851   2.31545615       2.96101859E-03   5.35920786E-04
        1861   2.32081532       2.98519060E-03   4.96227702E-04
        1871   2.32577753       3.00933467E-03   4.52273292E-04
        1881   2.33030033       3.03350156E-03   4.04441729E-04
        1891   2.33434486       3.05773830E-03   3.53133102E-04
        1901   2.33787608       3.08205932E-03   2.98760337E-04
        1911   2.34086370       3.10652051E-03   2.41746922E-04
        1921   2.34328127       3.13113839E-03   1.82524323E-04
        1931   2.34510660       3.15592508E-03   1.21530691E-04
        1941   2.34632182       3.18087428E-03   5.92096621E-05
        1951   2.34691381       3.20600020E-03  -3.99046257E-06
        1961   2.34687400       3.23132449E-03  -6.76174895E-05
        1971   2.34619784       3.25682084E-03  -1.31215842E-04
        1981   2.34488559       3.28249671E-03  -1.94326436E-04
        1991   2.34294224       3.30836838E-03  -2.56487197E-04
        2001   2.34037733       3.33445426E-03  -3.17233353E-04
        2011   2.33720493       3.36077204E-03  -3.76097858E-04
        2021   2.33344388       3.38735408E-03  -4.32611851E-04
        2031   2.32911777       3.41425813E-03  -4.86305682E-04
        2041   2.32425475       3.44153726E-03  -5.36710373E-04
        2051   2.31888771       3.46926064E-03  -5.83359099E-04
        2061   2.31305408       3.49750533E-03  -6.25789689E-04
        2071   2.30679607       3.52636492E-03  -6.63547486E-04
        2081   2.30016065       3.55594419E-03  -6.96189294E-04
        2091   2.29319882       3.58633697E-03  -7.23287754E-04
        2101   2.28596592       3.61764221E-03  -7.44436576E-04
        2111   2.27852154       3.64995468E-03  -7.59256654E-04
        2121   2.27092886       3.68335564E-03  -7.67402991E-04
        2131   2.26325488       3.71791166E-03  -7.68572383E-04
        2141   2.25556922       3.75367142E-03  -7.62512034E-04
        2151   2.24794412       3.79065610E-03  -7.49027822E-04
        2161   2.24045372       3.82887665E-03  -7.27993844E-04
        2171   2.23317385       3.86829115E-03  -6.99360913E-04
        2181   2.22618032       3.90885491E-03  -6.63166109E-04
        2191   2.21954870       3.95050971E-03  -6.19539991E-04
        2201   2.21335340       3.99316195E-03  -5.68713294E-04
        2211   2.20766616       4.03674599E-03  -5.11022285E-04
        2221   2.20255589       4.08114772E-03  -4.46911115E-04
        2231   2.19808674       4.12628660E-03  -3.76932789E-04
        2241   2.19431734       4.17210814E-03  -3.01746128E-04
        2251   2.19129992       4.21854481E-03  -2.22109869E-04
        2261   2.18907881       4.26557194E-03  -1.38873904E-04
        2271   2.18769002       4.31318255E-03  -5.29666650E-05
        2281   2.18716025       4.36138175E-03   3.46202141E-05
        2291   2.18750644       4.41014906E-03   1.22849771E-04
        2301   2.18873501       4.45950264E-03   2.10659258E-04
        2311   2.19084167       4.50942572E-03   2.96981714E-04
        2321   2.19381142       4.55993740E-03   3.80767277E-04
        2331   2.19761920       4.61091986E-03   4.61004849E-04
        2341   2.20222926       4.66232561E-03   5.36740641E-04
        2351   2.20759678       4.71402332E-03   6.07097114E-04
        2361   2.21366763       4.76588728E-03   6.71287242E-04
        2371   2.22038054       4.81771724E-03   7.28626794E-04
        2381   2.22766685       4.86934558E-03   7.78541900E-04
        2391   2.23545218       4.92059579E-03   8.20574583E-04
        2401   2.24365783       4.97129047E-03   8.54383805E-04
        2411   2.25220156       5.02127735E-03   8.79743835E-04
        2421   2.26099896       5.07044001E-03   8.96539539E-04
        2431   2.26996446       5.11869462E-03   9.04759858E-04
        2441   2.27901196       5.16599929E-03   9.04489134E-04
        2451   2.28805685       5.21235308E-03   8.95898091E-04
        2461   2.29701591       5.25779603E-03   8.79232888E-04
        2471   2.30580831       5.30239334E-03   8.54804821E-04
        2481   2.31435633       5.34623768E-03   8.22980423E-04
        2491   2.32258606       5.38944453E-03   7.84171454E-04
        2501   2.33042789       5.43215731E-03   7.38825998E-04
        2511   2.33781624       5.47449617E-03   6.87420077E-04
        2521   2.34469032       5.51657844E-03   6.30451192E-04
        2531   2.35099483       5.55853778E-03   5.68432151E-04
        2541   2.35667920       5.60048828E-03   5.01886068E-04
        2551   2.36169815       5.64251794E-03   4.31342633E-04
        2561   2.36601162       5.68468962E-03   3.57335375E-04
        2571   2.36958504       5.72706340E-03   2.80399690E-04
        2581   2.37238908       5.76968072E-03   2.01071613E-04
        2591   2.37439990       5.81256580E-03   1.19887329E-04
        2601   2.37559867       5.85570512E-03   3.73832881E-05
        2611   2.37597251       5.89913409E-03  -4.59030343E-05
        2621   2.37551355       5.94285969E-03  -1.29432621E-04
        2631   2.37421918       5.98685257E-03  -2.12663523E-04
        2641   2.37209249       6.03114301E-03  -2.95049336E-04
        2651   2.36914206       6.07576501E-03  -3.76038137E-04
        2661   2.36538172       6.12074789E-03  -4.55071277E-04
        2671   2.36083102       6.16614288E-03  -5.31582104E-04
        2681   2.35551524       6.21204637E-03  -6.04995294E-04
        2691   2.34946537       6.25857385E-03  -6.74726674E-04
        2701   2.34271812       6.30585011E-03  -7.40183634E-04
        2711   2.33531618       6.35404885E-03  -8.00766051E-04
        2721   2.32730842       6.40337262E-03  -8.55868333E-04
        2731   2.31874967       6.45403843E-03  -9.04882851E-04
        2741   2.30970073       6.50627678E-03  -9.47203895E-04
        2751   2.30022860       6.56033587E-03  -9.82233672E-04
        2761   2.29040623       6.61645597E-03  -1.00938953E-03
        2771   2.28031230       6.67486480E-03  -1.02811283E-03
        2781   2.27003121       6.73576724E-03  -1.03787950E-03
        2791   2.25965238       6.79933419E-03  -1.03821245E-03
        2801   2.24927020       6.86568674E-03  -1.02869526E-03
        2811   2.23898315       6.93489658E-03  -1.00898754E-03
        2821   2.22889328       7.00695347E-03  -9.78841214E-04
        2831   2.21910477       7.08181690E-03  -9.38117562E-04
        2841   2.20972347       7.15935323E-03  -8.86803493E-04
        2851   2.20085549       7.23938365E-03  -8.25028052E-04
        2861   2.19260526       7.32169393E-03  -7.53076631E-04
        2871   2.18507457       7.40605779E-03  -6.71401969E-04
        2881   2.17836046       7.49227591E-03  -5.80632186E-04
        2891   2.17255425       7.58006610E-03  -4.81573050E-04
        2901   2.16773844       7.66933383E-03  -3.75206175E-04
        2911   2.16398644       7.75989564E-03  -2.62678426E-04
        2921   2.16135955       7.85171334E-03  -1.45287486E-04
        2931   2.15990663       7.94474874E-03  -2.44584517E-05
        2941   2.15966201       8.03901069E-03   9.82840720E-05
        2951   2.16064477       8.13452154E-03   2.21349575E-04
        2961   2.16285825       8.23126640E-03   3.43118911E-04
        2971   2.16628933       8.32923315E-03   4.61983029E-04
        2981   2.17090917       8.42826068E-03   5.76382503E-04
        2991   2.17667294       8.52817483E-03   6.84843806E-04
        3001   2.18352127       8.62870924E-03   7.86013377E-04
        3011   2.19138145       8.72944947E-03   8.78685620E-04
        3021   2.20016837       8.82999506E-03   9.61823855E-04
        3031   2.20978665       8.92987009E-03   1.03457551E-03
        3041   2.22013235       9.02858749E-03   1.09627948E-03
        3051   2.23109508       9.12570022E-03   1.14646635E-03
        3061   2.24255967       9.22080968E-03   1.18485268E-03
        3071   2.25440812       9.31359176E-03   1.21133064E-03
        3081   2.26652145       9.40383319E-03   1.22595252E-03
        3091   2.27878094       9.49141942E-03   1.22891332E-03
        3101   2.29106998       9.57634021E-03   1.22053165E-03
        3111   2.30327535       9.65868868E-03   1.20122975E-03
        3121   2.31528759       9.73863155E-03   1.17151381E-03
        3131   2.32700276       9.81641188E-03   1.13195600E-03
        3141   2.33832240       9.89232212E-03   1.08317717E-03
        3151   2.34915423       9.96666029E-03   1.02583226E-03
        3161   2.35941267       1.00397607E-02   9.60597594E-04
        3171   2.36901855       1.01119038E-02   8.88160081E-04
        3181   2.37790012       1.01834172E-02   8.09209305E-04
        3191   2.38599229       1.02545638E-02   7.24430487E-04
        3201   2.39323664       1.03255436E-02   6.34500349E-04
        3211   2.39958167       1.03965560E-02   5.40084322E-04
        3221   2.40498257       1.04677472E-02   4.41835087E-04
        3231   2.40940094       1.05392057E-02   3.40392231E-04
        3241   2.41280484       1.06110014E-02   2.36383523E-04
        3251   2.41516876       1.06831994E-02   1.30426401E-04
        3261   2.41647291       1.07557690E-02   2.31305457E-05
        3271   2.41670418       1.08287502E-02  -8.48988639E-05
        3281   2.41585517       1.09021505E-02  -1.93057931E-04
        3291   2.41392469       1.09759867E-02  -3.00740299E-04
        3301   2.41091728       1.10502532E-02  -4.07333049E-04
        3311   2.40684390       1.11249993E-02  -5.12212748E-04
        3321   2.40172172       1.12003172E-02  -6.14741584E-04
        3331   2.39557433       1.12763606E-02  -7.14263762E-04
        3341   2.38843179       1.13533055E-02  -8.10102327E-04
        3351   2.38033080       1.14313820E-02  -9.01556166E-04
        3361   2.37131524       1.15108918E-02  -9.87898093E-04
        3371   2.36143637       1.15922214E-02  -1.06837368E-03
        3381   2.35075259       1.16757862E-02  -1.14220183E-03
        3391   2.33933067       1.17621040E-02  -1.20857579E-03
        3401   2.32724500       1.18517037E-02  -1.26666762E-03
        3411   2.31457829       1.19451573E-02  -1.31563318E-03
        3421   2.30142188       1.20430635E-02  -1.35462079E-03
        3431   2.28787565       1.21460091E-02  -1.38278236E-03
        3441   2.27404785       1.22545399E-02  -1.39928819E-03
        3451   2.26005507       1.23691345E-02  -1.40334468E-03
        3461   2.24602151       1.24901710E-02  -1.39421585E-03
        3471   2.23207927       1.26179066E-02  -1.37124874E-03
        3481   2.21836686       1.27524277E-02  -1.33390178E-03
        3491   2.20502782       1.28936786E-02  -1.28177600E-03
        3501   2.19220996       1.30414329E-02  -1.21464755E-03
        3511   2.18006349       1.31952921E-02  -1.13250082E-03
        3521   2.16873837       1.33547466E-02  -1.03556050E-03
        3531   2.15838265       1.35192173E-02  -9.24319495E-04
        3541   2.14913940       1.36880577E-02  -7.99560803E-04
        3551   2.14114380       1.38607109E-02  -6.62371516E-04
        3561   2.13452005       1.40366834E-02  -5.14145242E-04
        3571   2.12937856       1.42156361E-02  -3.56572098E-04
        3581   2.12581277       1.43973436E-02  -1.91614352E-04
        3591   2.12389660       1.45817287E-02  -2.14680331E-05
        3601   2.12368202       1.47688212E-02   1.51489410E-04
        3611   2.12519693       1.49586443E-02   3.24762776E-04
        3621   2.12844467       1.51512073E-02   4.95810760E-04
        3631   2.13340282       1.53463501E-02   6.62121980E-04
        3641   2.14002395       1.55437356E-02   8.21290014E-04
        3651   2.14823675       1.57426968E-02   9.71083471E-04
        3661   2.15794754       1.59423668E-02   1.10950554E-03
        3671   2.16904259       1.61416642E-02   1.23484165E-03
        3681   2.18139100       1.63393542E-02   1.34569197E-03
        3691   2.19484782       1.65341739E-02   1.44098827E-03
        3701   2.20925760       1.67248510E-02   1.51999528E-03
        3711   2.22445750       1.69102773E-02   1.58229831E-03
        3721   2.24028039       1.70895532E-02   1.62778050E-03
        3731   2.25655818       1.72620211E-02   1.65659143E-03
        3741   2.27312398       1.74273327E-02   1.66910992E-03
        3751   2.28981519       1.75854154E-02   1.66590558E-03
        3761   2.30647421       1.77364498E-02   1.64769858E-03
        3771   2.32295108       1.78808365E-02   1.61532278E-03
        3781   2.33910441       1.80191770E-02   1.56969158E-03
        3791   2.35480142       1.81521568E-02   1.51176716E-03
        3801   2.36991906       1.82805341E-02   1.44253543E-03
        3811   2.38434434       1.84050929E-02   1.36298523E-03
        3821   2.39797425       1.85266342E-02   1.27409201E-03
        3831   2.41071510       1.86458416E-02   1.17680547E-03
        3841   2.42248321       1.87634025E-02   1.07204169E-03
        3851   2.43320370       1.88798681E-02   9.60677397E-04
        3861   2.44281054       1.89957172E-02   8.43548216E-04
        3871   2.45124602       1.91112943E-02   7.21448218E-04
        3881   2.45846057       1.92269329E-02   5.95132005E-04
        3891   2.46441197       1.93428248E-02   4.65317396E-04
        3901   2.46906519       1.94591116E-02   3.32690193E-04
        3911   2.47239208       1.95758604E-02   1.97909350E-04
        3921   2.47437119       1.96931250E-02   6.16128818E-05
        3931   2.47498727       1.98109113E-02  -7.55757501E-05
        3941   2.47423148       1.99292302E-02  -2.13040665E-04
        3951   2.47210097       2.00480651E-02  -3.50166578E-04
        3961   2.46859932       2.01674961E-02  -4.86331235E-04
        3971   2.46373606       2.02875715E-02  -6.20898267E-04
        3981   2.45752716       2.04084367E-02  -7.53209344E-04
        3991   2.44999504       2.05302723E-02  -8.82576860E-04
        4001   2.44116926       2.06534155E-02  -1.00827648E-03
        4011   2.43108654       2.07782872E-02  -1.12954003E-03
        4021   2.41979122       2.09054351E-02  -1.24554918E-03
        4031   2.40733576       2.10355371E-02  -1.35542906E-03
        4041   2.39378142       2.11694315E-02  -1.45824370E-03
        4051   2.37919903       2.13081185E-02  -1.55299227E-03
        4061   2.36366916       2.14527193E-02  -1.63860805E-03
        4071   2.34728312       2.16045044E-02  -1.71395892E-03
        4081   2.33014345       2.17648391E-02  -1.77785184E-03
        4091   2.31236482       2.19351687E-02  -1.82904070E-03
        4101   2.29407430       2.21169591E-02  -1.86624029E-03
        4111   2.27541184       2.23116223E-02  -1.88814488E-03
        4121   2.25653028       2.25204527E-02  -1.89345470E-03
        4131   2.23759580       2.27445196E-02  -1.88090897E-03
        4141   2.21878672       2.29846071E-02  -1.84932840E-03
        4151   2.20029354       2.32411250E-02  -1.79766479E-03
        4161   2.18231678       2.35140715E-02  -1.72505900E-03
        4171   2.16506624       2.38029063E-02  -1.63090508E-03
        4181   2.14875722       2.41067410E-02  -1.51491957E-03
        4191   2.13360810       2.44242754E-02  -1.37720874E-03
        4201   2.11983609       2.47539356E-02  -1.21833407E-03
        4211   2.10765266       2.50941515E-02  -1.03936612E-03
        4221   2.09725904       2.54432932E-02  -8.41921603E-04
        4231   2.08883977       2.58001331E-02  -6.28178939E-04
        4241   2.08255792       2.61637866E-02  -4.00863180E-04
        4251   2.07854939       2.65337415E-02  -1.63199249E-04
        4261   2.07691741       2.69099232E-02   8.11682403E-05
        4271   2.07772899       2.72925030E-02   3.28287366E-04
        4281   2.08101177       2.76815090E-02   5.74036385E-04
        4291   2.08675218       2.80765947E-02   8.14276747E-04
        4301   2.09489489       2.84770541E-02   1.04501029E-03
        4311   2.10534501       2.88812835E-02   1.26253034E-03
        4321   2.11797023       2.92870421E-02   1.46355026E-03
        4331   2.13260579       2.96912752E-02   1.64530473E-03
        4341   2.14905882       3.00906561E-02   1.80561398E-03
        4351   2.16711497       3.04816142E-02   1.94291316E-03
        4361   2.18654418       3.08607388E-02   2.05624523E-03
        4371   2.20710659       3.12251020E-02   2.14522332E-03
        4381   2.22855878       3.15723903E-02   2.20997236E-03
        4391   2.25065851       3.19010913E-02   2.25105253E-03
        4401   2.27316904       3.22105289E-02   2.26937770E-03
        4411   2.29586291       3.25007625E-02   2.26613181E-03
        4421   2.31852412       3.27725373E-02   2.24268995E-03
        4431   2.34095097       3.30271497E-02   2.20054784E-03
        4441   2.36295652       3.32662463E-02   2.14126101E-03
        4451   2.38436913       3.34917046E-02   2.06639478E-03
        4461   2.40503311       3.37055027E-02   1.97748584E-03
        4471   2.42480803       3.39096114E-02   1.87601347E-03
        4481   2.44356823       3.41058671E-02   1.76337920E-03
        4491   2.46120191       3.42959389E-02   1.64089492E-03
        4501   2.47761083       3.44813913E-02   1.50977657E-03
        4511   2.49270868       3.46634984E-02   1.37114269E-03
        4521   2.50642014       3.48433107E-02   1.22601655E-03
        4531   2.51868033       3.50217074E-02   1.07533159E-03
        4541   2.52943373       3.51993665E-02   9.19938146E-04
        4551   2.53863311       3.53767537E-02   7.60611962E-04
        4561   2.54623914       3.55542377E-02   5.98063227E-04
        4571   2.55221987       3.57320979E-02   4.32946545E-04
        4581   2.55654931       3.59104015E-02   2.65870651E-04
        4591   2.55920792       3.60892266E-02   9.74089198E-05
        4601   2.56018209       3.62686552E-02  -7.18904193E-05
        4611   2.55946326       3.64486463E-02  -2.41494214E-04
        4621   2.55704832       3.66291851E-02  -4.10873530E-04
        4631   2.55293965       3.68103534E-02  -5.79493237E-04
        4641   2.54714465       3.69921923E-02  -7.46801379E-04
        4651   2.53967667       3.71749513E-02  -9.12218064E-04
        4661   2.53055453       3.73589359E-02  -1.07512425E-03
        4671   2.51980329       3.75445634E-02  -1.23484991E-03
        4681   2.50745487       3.77325229E-02  -1.39066251E-03
        4691   2.49354815       3.79236192E-02  -1.54175435E-03
        4701   2.47813058       3.81190218E-02  -1.68722984E-03
        4711   2.46125817       3.83201092E-02  -1.82609388E-03
        4721   2.44299722       3.85286473E-02  -1.95723888E-03
        4731   2.42342472       3.87466811E-02  -2.07943353E-03
        4741   2.40263033       3.89766619E-02  -2.19131354E-03
        4751   2.38071728       3.92214097E-02  -2.29137321E-03
        4761   2.35780358       3.94840427E-02  -2.37796246E-03
        4771   2.33402395       3.97679992E-02  -2.44928733E-03
        4781   2.30953097       4.00769003E-02  -2.50341860E-03
        4791   2.28449678       4.04144563E-02  -2.53830943E-03
        4801   2.25911379       4.07842733E-02  -2.55182548E-03
        4811   2.23359561       4.11896147E-02  -2.54178816E-03
        4821   2.20817780       4.16331813E-02  -2.50603631E-03
        4831   2.18311739       4.21168543E-02  -2.44250754E-03
        4841   2.15869236       4.26413901E-02  -2.34933896E-03
        4851   2.13519907       4.32063304E-02  -2.22499063E-03
        4861   2.11294913       4.38099429E-02  -2.06838432E-03
        4871   2.09226537       4.44491245E-02  -1.87905424E-03
        4881   2.07347488       4.51200008E-02  -1.65730168E-03
        4891   2.05690193       4.58181091E-02  -1.40433479E-03
        4901   2.04285860       4.65391055E-02  -1.12238200E-03
        4911   2.03163481       4.72793728E-02  -8.14756146E-04
        4921   2.02348733       4.80363630E-02  -4.85853059E-04
        4931   2.01862884       4.88089137E-02  -1.41070690E-04
        4941   2.01721811       4.95969057E-02   2.13357853E-04
        4951   2.01935172       5.04006669E-02   5.70612377E-04
        4961   2.02505779       5.12201749E-02   9.23597196E-04
        4971   2.03429365       5.20540997E-02   1.26528973E-03
        4981   2.04694653       5.28987832E-02   1.58909045E-03
        4991   2.06283736       5.37484512E-02   1.88913546E-03
        5001   2.08172870       5.45949340E-02   2.16054660E-03
        5011   2.10333419       5.54285720E-02   2.39959080E-03
        5021   2.12733006       5.62391877E-02   2.60374648E-03
        5031   2.15336752       5.70170917E-02   2.77167815E-03
        5041   2.18108439       5.77540956E-02   2.90313805E-03
        5051   2.21011567       5.84441721E-02   2.99881352E-03
        5061   2.24010372       5.90837039E-02   3.06014530E-03
        5071   2.27070522       5.96715733E-02   3.08913784E-03
        5081   2.30159664       6.02088235E-02   3.08817672E-03
        5091   2.33247852       6.06982447E-02   3.05986800E-03
        5101   2.36307716       6.11438714E-02   3.00690392E-03
        5111   2.39314628       6.15505353E-02   2.93195550E-03
        5121   2.42246580       6.19233847E-02   2.83759483E-03
        5131   2.45084167       6.22675568E-02   2.72624008E-03
        5141   2.47810411       6.25880063E-02   2.60012271E-03
        5151   2.50410533       6.28891885E-02   2.46127043E-03
        5161   2.52871799       6.31750822E-02   2.31150188E-03
        5171   2.55183291       6.34490997E-02   2.15243176E-03
        5181   2.57335734       6.37142360E-02   1.98548101E-03
        5191   2.59321213       6.39727786E-02   1.81189098E-03
        5201   2.61133099       6.42266721E-02   1.63274014E-03
        5211   2.62765837       6.44774511E-02   1.44896132E-03
        5221   2.64214802       6.47262484E-02   1.26135931E-03
        5231   2.65476155       6.49739131E-02   1.07062771E-03
        5241   2.66546774       6.52210414E-02   8.77365179E-04
        5251   2.67424130       6.54680803E-02   6.82090817E-04
        5261   2.68106222       6.57153130E-02   4.85258352E-04
        5271   2.68591475       6.59628287E-02   2.87269475E-04
        5281   2.68878746       6.62107393E-02   8.84866167E-05
        5291   2.68967223       6.64590448E-02  -1.10755209E-04
        5301   2.68856478       6.67077452E-02  -3.10136733E-04
        5311   2.68546343       6.69568554E-02  -5.09343226E-04
        5321   2.68037009       6.72064349E-02  -7.08053238E-04
        5331   2.67328954       6.74565658E-02  -9.05926921E-04
        5341   2.66423035       6.77075312E-02  -1.10259419E-03
        5351   2.65320444       6.79596588E-02  -1.29764224E-03
        5361   2.64022803       6.82135820E-02  -1.49060192E-03
        5371   2.62532210       6.84700534E-02  -1.68093271E-03
        5381   2.60851288       6.87302351E-02  -1.86800724E-03
        5391   2.58983278       6.89955652E-02  -2.05109338E-03
        5401   2.56932187       6.92680031E-02  -2.22933455E-03
        5411   2.54702854       6.95500076E-02  -2.40172935E-03
        5421   2.52301121       6.98446482E-02  -2.56710756E-03
        5431   2.49734020       7.01557994E-02  -2.72410666E-03
        5441   2.47009921       7.04880804E-02  -2.87114573E-03
        5451   2.44138765       7.08469823E-02  -3.00639984E-03
        5461   2.41132355       7.12390468E-02  -3.12777492E-03
        5471   2.38004589       7.16717988E-02  -3.23288725E-03
        5481   2.34771705       7.21535981E-02  -3.31904669E-03
        5491   2.31452656       7.26936609E-02  -3.38325161E-03
        5501   2.28069401       7.33017027E-02  -3.42219765E-03
        5511   2.24647212       7.39875138E-02  -3.43230856E-03
        5521   2.21214914       7.47604221E-02  -3.40979570E-03
        5531   2.17805123       7.56284744E-02  -3.35075473E-03
        5541   2.14454365       7.65976757E-02  -3.25130974E-03
        5551   2.11203051       7.76710436E-02  -3.10780923E-03
        5561   2.08095241       7.88478926E-02  -2.91708088E-03
        5571   2.05178165       8.01235586E-02  -2.67674145E-03
        5581   2.02501416       8.14896822E-02  -2.38554832E-03
        5591   2.00115871       8.29347223E-02  -2.04376993E-03
        5601   1.98072100       8.44463259E-02  -1.65353506E-03
        5611   1.96418560       8.60128477E-02  -1.21910672E-03
        5621   1.95199454       8.76254141E-02  -7.47022568E-04
        5631   1.94452429       8.92795026E-02  -2.46043492E-04
        5641   1.94206381       9.09743309E-02   2.73130427E-04
        5651   1.94479513       9.27109495E-02   7.98380002E-04
        5661   1.95277894       9.44893509E-02   1.31688756E-03
        5671   1.96594787       9.63045508E-02   1.81597786E-03
        5681   1.98410761       9.81442630E-02   2.28396547E-03
        5691   2.00694728       9.99877453E-02   2.71089422E-03
        5701   2.03405619      0.101807788       3.08906799E-03
        5711   2.06494689      0.103573702       3.41332285E-03
        5721   2.09908009      0.105255559       3.68103082E-03
        5731   2.13589048      0.106827930       3.89188156E-03
        5741   2.17480922      0.108272508       4.04750556E-03
        5751   2.21528435      0.109579191       4.15101880E-03
        5761   2.25679445      0.110745817       4.20655590E-03
        5771   2.29886007      0.111776993       4.21884423E-03
        5781   2.34104848      0.112682305       4.19284683E-03
        5791   2.38297701      0.113474511       4.13348852E-03
        5801   2.42431188      0.114167869       4.04546037E-03
        5811   2.46476650      0.114776962       3.93309630E-03
        5821   2.50409746      0.115315706       3.80030368E-03
        5831   2.54210043      0.115796790       3.65053839E-03
        5841   2.57860589      0.116231427       3.48680839E-03
        5851   2.61347389      0.116629153       3.31169716E-03
        5861   2.64659095      0.116998076       3.12739820E-03
        5871   2.67786503      0.117344767       2.93575483E-03
        5881   2.70722246      0.117674515       2.73830211E-03
        5891   2.73460555      0.117991641       2.53630639E-03
        5901   2.75996852      0.118299432       2.33080331E-03
        5911   2.78327656      0.118600510       2.12263176E-03
        5921   2.80450296      0.118896872       1.91246439E-03
        5931   2.82362771      0.119189993       1.70083391E-03
        5941   2.84063601      0.119480863       1.48815650E-03
        5951   2.85551763      0.119770423       1.27475185E-03
        5961   2.86826515      0.120059073       1.06086012E-03
        5971   2.87887383      0.120347328       8.46656738E-04
        5981   2.88734031      0.120635323       6.32265524E-04
        5991   2.89366293      0.120923229       4.17769363E-04
        6001   2.89784074      0.121211141       2.03220203E-04
        6011   2.89987302      0.121499062      -1.13523274E-05
        6021   2.89975953      0.121787019      -2.25932934E-04
        6031   2.89750028      0.122074939      -4.40513162E-04
        6041   2.89309525      0.122362934      -6.55084150E-04
        6051   2.88654447      0.122650981      -8.69629439E-04
        6061   2.87784815      0.122939222      -1.08411745E-03
        6071   2.86700702      0.123227887      -1.29849324E-03
        6081   2.85402203      0.123517215      -1.51267007E-03
        6091   2.83889532      0.123807788      -1.72651897E-03
        6101   2.82163024      0.124100260      -1.93985773E-03
        6111   2.80223155      0.124395497      -2.15243734E-03
        6121   2.78070712      0.124694914      -2.36392673E-03
        6131   2.75706792      0.125000179      -2.57389457E-03
        6141   2.73132896      0.125313610      -2.78178789E-03
        6151   2.70351100      0.125638127      -2.98690656E-03
        6161   2.67364192      0.125977695      -3.18837399E-03
        6171   2.64175820      0.126337215      -3.38510261E-03
        6181   2.60790730      0.126723021      -3.57575319E-03
        6191   2.57214975      0.127142966      -3.75868916E-03
        6201   2.53456283      0.127606899      -3.93192377E-03
        6211   2.49524355      0.128126919      -4.09306260E-03
        6221   2.45431304      0.128717706      -4.23924020E-03
        6231   2.41192055      0.129396766      -4.36705584E-03
        6241   2.36824989      0.130184576      -4.47250903E-03
        6251   2.32352471      0.131104603      -4.55094688E-03
        6261   2.27801514      0.132182732      -4.59702639E-03
        6271   2.23204494      0.133446574      -4.60471259E-03
        6281   2.18599772      0.134923890      -4.56732931E-03
        6291   2.14032435      0.136640370      -4.47768578E-03
        6301   2.09554744      0.138616964      -4.32831328E-03
        6311   2.05226421      0.140866518      -4.11183853E-03
        6321   2.01114583      0.143390790      -3.82152223E-03
        6331   1.97293055      0.146178603      -3.45197367E-03
        6341   1.93841076      0.149205983      -3.00002098E-03
        6351   1.90841055      0.152439505      -2.46567442E-03
        6361   1.88375378      0.155842870      -1.85305916E-03
        6371   1.86522317      0.159385219      -1.17113465E-03
        6381   1.85351181      0.163047880      -4.33985377E-04
        6391   1.84917200      0.166826338       3.39515624E-04
        6401   1.85256720      0.170724720       1.12678041E-03
        6411   1.86383498      0.174743250       1.90326362E-03
        6421   1.88286757      0.178863302       2.64466228E-03
        6431   1.90931416      0.183037281       3.32916528E-03
        6441   1.94260585      0.187188193       3.93932778E-03
        6451   1.98199916      0.191220075       4.46323538E-03
        6461   2.02663159      0.195034266       4.89482470E-03
        6471   2.07557988      0.198546425       5.23343496E-03
        6481   2.12791419      0.201698005       5.48281940E-03
        6491   2.18274236      0.204460680       5.64990146E-03
        6501   2.23924136      0.206834182       5.74353104E-03
        6511   2.29667664      0.208840325       5.77341113E-03
        6521   2.35441065      0.210515067       5.74927265E-03
        6531   2.41190338      0.211901575       5.68031473E-03
        6541   2.46870661      0.213044792       5.57487132E-03
        6551   2.52445531      0.213987291       5.44025516E-03
        6561   2.57885790      0.214767441       5.28272707E-03
        6571   2.63168526      0.215418398       5.10754390E-03
        6581   2.68276072      0.215967774       4.91904793E-03
        6591   2.73195124      0.216438174       4.72077820E-03
        6601   2.77915907      0.216847733       4.51558596E-03
        6611   2.82431483      0.217210755       4.30574082E-03
        6621   2.86737227      0.217538506       4.09303047E-03
        6631   2.90830255      0.217839628       3.87884583E-03
        6641   2.94709110      0.218120813       3.66425444E-03
        6651   2.98373365      0.218387067       3.45006189E-03
        6661   3.01823425      0.218642280       3.23686260E-03
        6671   3.05060291      0.218889341       3.02508101E-03
        6681   3.08085370      0.219130367       2.81500677E-03
        6691   3.10900378      0.219367117       2.60682125E-03
        6701   3.13507199      0.219600573       2.40062014E-03
        6711   3.15907812      0.219831750       2.19643163E-03
        6721   3.18104243      0.220061243       1.99423032E-03
        6731   3.20098472      0.220289528       1.79394893E-03
        6741   3.21892428      0.220516950       1.59548700E-03
        6751   3.23487926      0.220743686       1.39871868E-03
        6761   3.24886656      0.220969945       1.20349822E-03
        6771   3.26090145      0.221195728       1.00966450E-03
        6781   3.27099800      0.221421197       8.17044813E-04
        6791   3.27916837      0.221646383       6.25457556E-04
        6801   3.28542304      0.221871406       4.34714602E-04
        6811   3.28977013      0.222096056       2.44623108E-04
        6821   3.29221630      0.222320542       5.49868855E-05
        6831   3.29276609      0.222544760      -1.34392249E-04
        6841   3.29142213      0.222768724      -3.23713524E-04
        6851   3.28818488      0.222992480      -5.13176201E-04
        6861   3.28305316      0.223216072      -7.02978694E-04
        6871   3.27602339      0.223439381      -8.93317570E-04
        6881   3.26709032      0.223662525      -1.08438649E-03
        6891   3.25624657      0.223885566      -1.27637479E-03
        6901   3.24348283      0.224108428      -1.46946625E-03
        6911   3.22878814      0.224331334      -1.66383688E-03
        6921   3.21214986      0.224554434      -1.85965269E-03
        6931   3.19355345      0.224777877      -2.05706665E-03
        6941   3.17298269      0.225001916      -2.25621462E-03
        6951   3.15042067      0.225227043      -2.45721126E-03
        6961   3.12584853      0.225453675      -2.66014319E-03
        6971   3.09924722      0.225682601      -2.86506163E-03
        6981   3.07059669      0.225914896      -3.07197380E-03
        6991   3.03987694      0.226151705      -3.28082941E-03
        7001   3.00706863      0.226394996      -3.49150714E-03
        7011   2.97215366      0.226647034      -3.70379537E-03
        7021   2.93511581      0.226911023      -3.91736859E-03
        7031   2.89594221      0.227191165      -4.13175952E-03
        7041   2.85462451      0.227492869      -4.34632273E-03
        7051   2.81116128      0.227823466      -4.56018932E-03
        7061   2.76555943      0.228192374      -4.77221282E-03
        7071   2.71783733      0.228611887      -4.98090172E-03
        7081   2.66802835      0.229097843      -5.18433750E-03
        7091   2.61618495      0.229670718      -5.38007496E-03
        7101   2.56238413      0.230356574      -5.56502398E-03
        7111   2.50673389      0.231188342      -5.73531073E-03
        7121   2.44938087      0.232207060      -5.88611932E-03
        7131   2.39051962      0.233463004      -6.01151492E-03
        7141   2.33040452      0.235016748      -6.10426208E-03
        7151   2.26936197      0.236938909      -6.15565013E-03
        7161   2.20780540      0.239309028      -6.15535816E-03
        7171   2.14625192      0.242212042      -6.09140564E-03
        7181   2.08533788      0.245732009      -5.95026137E-03
        7191   2.02583528      0.249942601      -5.71720023E-03
        7201   1.96866322      0.254894733      -5.37703186E-03
        7211   1.91489291      0.260603249      -4.91531659E-03
        7221   1.86573970      0.267038047      -4.32016328E-03
        7231   1.82253802      0.274123907      -3.58459097E-03
        7241   1.78669214      0.281756163      -2.70926673E-03
        7251   1.75959945      0.289831012      -1.70514570E-03
        7261   1.74254799      0.298279673      -5.95278223E-04
        7271   1.73659515      0.307086051       5.85092115E-04
        7281   1.74244606      0.316267967       1.79082272E-03
        7291   1.76035428      0.325821429       2.97162356E-03
        7301   1.79007053      0.335653156       4.07844177E-03
        7311   1.83085489      0.345546216       5.06989658E-03
        7321   1.88155389      0.355182737       5.91704808E-03
        7331   1.94072437      0.364215821       6.60538487E-03
        7341   2.00677824      0.372351050       7.13395933E-03
        7351   2.07811785      0.379402250       7.51248235E-03
        7361   2.15324259      0.385306329       7.75757618E-03
        7371   2.23081827      0.390104085       7.88920466E-03
        7381   2.30971026      0.393906057       7.92788435E-03
        7391   2.38898921      0.396856904       7.89284706E-03
        7401   2.46791768      0.399108618       7.80104706E-03
        7411   2.54592824      0.400803119       7.66679365E-03
        7421   2.62259626      0.402063578       7.50178006E-03
        7431   2.69761395      0.402991980       7.31532928E-03
        7441   2.77076721      0.403669924       7.11472798E-03
        7451   2.84191442      0.404161125       6.90557947E-03
        7461   2.91097021      0.404514313       6.69212779E-03
        7471   2.97789145      0.404766381       6.47754082E-03
        7481   3.04266691      0.404944956       6.26414595E-03
        7491   3.10530829      0.405070692       6.05362188E-03
        7501   3.16584444      0.405158639       5.84714860E-03
        7511   3.22431588      0.405220032       5.64552890E-03
        7521   3.28077126      0.405263036       5.44927921E-03
        7531   3.33526397      0.405293524       5.25870267E-03
        7541   3.38785100      0.405315846       5.07394318E-03
        7551   3.43859053      0.405333102       4.89502726E-03
        7561   3.48754072      0.405347377       4.72189672E-03
        7571   3.53475976      0.405360281       4.55443282E-03
        7581   3.58030415      0.405372918       4.39247442E-03
        7591   3.62422895      0.405385911       4.23583202E-03
        7601   3.66658735      0.405399740       4.08429839E-03
        7611   3.70743036      0.405414730       3.93765606E-03
        7621   3.74680686      0.405431062       3.79568292E-03
        7631   3.78476357      0.405448705       3.65815661E-03
        7641   3.82134509      0.405467808       3.52485757E-03
        7651   3.85659361      0.405488193       3.39557137E-03
        7661   3.89054942      0.405509949       3.27008963E-03
        7671   3.92325020      0.405532837       3.14821186E-03
        7681   3.95473242      0.405556917       3.02974507E-03
        7691   3.98502994      0.405582070       2.91450461E-03
        7701   4.01417494      0.405608058       2.80231424E-03
        7711   4.04219818      0.405634940       2.69300607E-03
        7721   4.06912804      0.405662507       2.58642039E-03
        7731   4.09499216      0.405690849       2.48240517E-03
        7741   4.11981630      0.405719757       2.38081580E-03
        7751   4.14362431      0.405749142       2.28151539E-03
        7761   4.16643953      0.405779034       2.18437356E-03
        7771   4.18828344      0.405809402       2.08926667E-03
        7781   4.20917606      0.405840009       1.99607690E-03
        7791   4.22913694      0.405871004       1.90469250E-03
        7801   4.24818373      0.405902207       1.81500718E-03
        7811   4.26633358      0.405933619       1.72691944E-03
        7821   4.28360271      0.405965269       1.64033275E-03
        7831   4.30000591      0.405997068       1.55515503E-03
        7841   4.31555748      0.406028956       1.47129816E-03
        7851   4.33027029      0.406060994       1.38867809E-03
        7861   4.34415722      0.406093091       1.30721426E-03
        7871   4.35722923      0.406125277       1.22682948E-03
        7881   4.36949730      0.406157464       1.14744937E-03
        7891   4.38097191      0.406189710       1.06900267E-03
        7901   4.39166212      0.406222045       9.91420704E-04
        7911   4.40157652      0.406254411       9.14636999E-04
        7921   4.41072273      0.406286687       8.38587468E-04
        7931   4.41910839      0.406318963       7.63209944E-04
        7941   4.42674065      0.406351298       6.88444066E-04
        7951   4.43362522      0.406383634       6.14231220E-04
        7961   4.43976736      0.406415850       5.40514244E-04
        7971   4.44517231      0.406448156       4.67237289E-04
        7981   4.44984484      0.406480461       3.94345669E-04
        7991   4.45378828      0.406512678       3.21785745E-04
        8001   4.45700598      0.406544894       2.49504752E-04
        8011   4.45950079      0.406576961       1.77450667E-04
        8021   4.46127510      0.406609118       1.05572079E-04
        8031   4.46233082      0.406641275       3.38181126E-05
        8041   4.46266890      0.406673431      -3.78618133E-05
        8051   4.46229029      0.406705528      -1.09518034E-04
        8061   4.46119499      0.406737626      -1.81200798E-04
        8071   4.45938301      0.406769633      -2.52960395E-04
        8081   4.45685339      0.406801671      -3.24847235E-04
        8091   4.45360470      0.406833678      -3.96912044E-04
        8101   4.44963551      0.406865627      -4.69206017E-04
        8111   4.44494343      0.406897604      -5.41780784E-04
        8121   4.43952560      0.406929523      -6.14688732E-04
        8131   4.43337870      0.406961441      -6.87983003E-04
        8141   4.42649889      0.406993270      -7.61717674E-04
        8151   4.41888189      0.407025158      -8.35947925E-04
        8161   4.41052246      0.407056928      -9.10730218E-04
        8171   4.40141535      0.407088727      -9.86122410E-04
        8181   4.39155436      0.407120347      -1.06218387E-03
        8191   4.38093233      0.407151997      -1.13897561E-03
        8201   4.36954260      0.407183558      -1.21656060E-03
        8211   4.35737705      0.407214999      -1.29500381E-03
        8221   4.34442711      0.407246351      -1.37437251E-03
        8231   4.33068323      0.407277584      -1.45473646E-03
        8241   4.31613588      0.407308638      -1.53616804E-03
        8251   4.30077410      0.407339543      -1.61874236E-03
        8261   4.28458691      0.407370329      -1.70253776E-03
        8271   4.26756144      0.407400846      -1.78763585E-03
        8281   4.24968529      0.407431185      -1.87412172E-03
        8291   4.23094416      0.407461226      -1.96208456E-03
        8301   4.21132326      0.407490939      -2.05161725E-03
        8311   4.19080687      0.407520264      -2.14281771E-03
        8321   4.16937876      0.407549202      -2.23578792E-03
        8331   4.14702082      0.407577753      -2.33063521E-03
        8341   4.12371445      0.407605767      -2.42747203E-03
        8351   4.09943962      0.407633185      -2.52641644E-03
        8361   4.07417536      0.407659948      -2.62759277E-03
        8371   4.04789925      0.407685995      -2.73113139E-03
        8381   4.02058792      0.407711267      -2.83716922E-03
        8391   3.99221611      0.407735735      -2.94585014E-03
        8401   3.96275759      0.407759249      -3.05732503E-03
        8411   3.93218422      0.407781631      -3.17175221E-03
        8421   3.90046668      0.407802910      -3.28929769E-03
        8431   3.86757374      0.407823026      -3.41013470E-03
        8441   3.83347249      0.407841802      -3.53444437E-03
        8451   3.79812813      0.407859266      -3.66241462E-03
        8461   3.76150393      0.407875210      -3.79424030E-03
        8471   3.72356153      0.407889783      -3.93012259E-03
        8481   3.68426037      0.407902926      -4.07026708E-03
        8491   3.64355779      0.407914817      -4.21488285E-03
        8501   3.60140896      0.407925516      -4.36417898E-03
        8511   3.55776715      0.407935411      -4.51836316E-03
        8521   3.51258349      0.407945007      -4.67763515E-03
        8531   3.46580720      0.407954931      -4.84218169E-03
        8541   3.41738534      0.407966435      -5.01216901E-03
        8551   3.36726356      0.407980978      -5.18773124E-03
        8561   3.31538630      0.408000708      -5.36895730E-03
        8571   3.26169682      0.408028632      -5.55587141E-03
        8581   3.20613813      0.408068806      -5.74841024E-03
        8591   3.14865398      0.408126980      -5.94639080E-03
        8601   3.08919001      0.408210814      -6.14946987E-03
        8611   3.02769542      0.408330917      -6.35708962E-03
        8621   2.96412444      0.408501327      -6.56840811E-03
        8631   2.89844036      0.408741504      -6.78220857E-03
        8641   2.83061838      0.409077376      -6.99678389E-03
        8651   2.76065063      0.409543723      -7.20978295E-03
        8661   2.68855286      0.410187185      -7.41801877E-03
        8671   2.61437273      0.411069840      -7.61722354E-03
        8681   2.53820038      0.412273467      -7.80173903E-03
        8691   2.46018291      0.413904935      -7.96413887E-03
        8701   2.38054156      0.416101873      -8.09477456E-03
        8711   2.29959393      0.419037521      -8.18125159E-03
        8721   2.21778131      0.422924131      -8.20787065E-03
        8731   2.13570261      0.428011745      -8.15509912E-03
        8741   2.05415154      0.434577346      -7.99920876E-03
        8751   1.97415948      0.442901343      -7.71230971E-03
        8761   1.89703643      0.453226715      -7.26314681E-03
        8771   1.82440495      0.465703458      -6.61913631E-03
        8781   1.75821364      0.480332255      -5.75019093E-03
        8791   1.70071173      0.496937931      -4.63471003E-03
        8801   1.65436459      0.515212953      -3.26752989E-03
        8811   1.62168932      0.534844160      -1.66847336E-03
        8821   1.60500455      0.555670500       1.11359404E-04
        8831   1.60611820      0.577730358       1.98944379E-03
        8841   1.62601268      0.601088524       3.86083964E-03
        8851   1.66462111      0.625494301       5.61588351E-03
        8861   1.72077990      0.650147617       7.16122845E-03
        8871   1.79239213      0.673806906       8.43627192E-03
        8881   1.87675488      0.695190728       9.41908732E-03
        8891   1.97094572      0.713387430       1.01215458E-02
        8901   2.07216120      0.728039682       1.05780251E-02
        8911   2.17794156      0.739282429       1.08332392E-02
        8921   2.28627396      0.747557700       1.09328208E-02
        8931   2.39560223      0.753427088       1.09177278E-02
        8941   2.50477958      0.757442892       1.08218724E-02
        8951   2.61299825      0.760083020       1.06718363E-02
        8961   2.71971655      0.761730015       1.04876524E-02
        8971   2.82459307      0.762675643       1.02839721E-02
        8981   2.92743278      0.763135552       1.00712487E-02
        8991   3.02814531      0.763265133       9.85676516E-03
        9001   3.12671304      0.763175070       9.64546949E-03
        9011   3.22316766      0.762942970       9.44061857E-03
        9021   3.31757379      0.762622952       9.24425852E-03
        9031   3.41001630      0.762252331       9.05757956E-03
        9041   3.50059199      0.761856794       8.88117682E-03
        9051   3.58940387      0.761453450       8.71523190E-03
        9061   3.67655611      0.761053801       8.55964981E-03
        9071   3.76215267      0.760665298       8.41415208E-03
        9081   3.84629416      0.760292292       8.27834196E-03
        9091   3.92907763      0.759937763       8.15175474E-03
        9101   4.01059532      0.759603024       8.03388935E-03
        9111   4.09093428      0.759288549       7.92422984E-03
        9121   4.17017651      0.758993983       7.82226305E-03
        9131   4.24839926      0.758718848       7.72748608E-03
        9141   4.32567406      0.758462667       7.63941649E-03
        9151   4.40206814      0.758224010       7.55759282E-03
        9161   4.47764397      0.758002281       7.48157967E-03
        9171   4.55245972      0.757796288       7.41096633E-03
        9181   4.62656927      0.757605076       7.34536862E-03
        9191   4.70002317      0.757427573       7.28442753E-03
        9201   4.77286768      0.757262945       7.22780870E-03
        9211   4.84514570      0.757110178       7.17520062E-03
        9221   4.91689777      0.756968498       7.12631410E-03
        9231   4.98816109      0.756836951       7.08088046E-03
        9241   5.05896997      0.756714940       7.03865103E-03
        9251   5.12935638      0.756601691       6.99939486E-03
        9261   5.19935036      0.756496668       6.96289819E-03
        9271   5.26897955      0.756399095       6.92896312E-03
        9281   5.33826923      0.756308556       6.89740572E-03
        9291   5.40724325      0.756224513       6.86805649E-03
        9301   5.47592402      0.756146431       6.84075709E-03
        9311   5.54433155      0.756073952       6.81536179E-03
        9321   5.61248493      0.756006598       6.79173553E-03
        9331   5.68040228      0.755944014       6.76975260E-03
        9341   5.74809980      0.755885839       6.74929656E-03
        9351   5.81559277      0.755831778       6.73025986E-03
        9361   5.88289547      0.755781531       6.71254192E-03
        9371   5.95002079      0.755734801       6.69605052E-03
        9381   6.01698112      0.755691409       6.68069953E-03
        9391   6.08378792      0.755650997       6.66640885E-03
        9401   6.15045214      0.755613446       6.65310398E-03
        9411   6.21698332      0.755578458       6.64071646E-03
        9421   6.28339052      0.755545974       6.62918249E-03
        9431   6.34968233      0.755515635       6.61844201E-03
        9441   6.41586685      0.755487561       6.60844054E-03
        9451   6.48195124      0.755461335       6.59912638E-03
        9461   6.54794264      0.755436897       6.59045205E-03
        9471   6.61384726      0.755414248       6.58237282E-03
        9481   6.67967081      0.755393147       6.57484774E-03
        9491   6.74541950      0.755373478       6.56783860E-03
        9501   6.81109810      0.755355120       6.56131003E-03
        9511   6.87671137      0.755338073       6.55522849E-03
        9521   6.94226360      0.755322218       6.54956326E-03
        9531   7.00775909      0.755307436       6.54428545E-03
        9541   7.07320213      0.755293608       6.53936900E-03
        9551   7.13859558      0.755280852       6.53478876E-03
        9561   7.20394325      0.755268872       6.53052144E-03
        9571   7.26924849      0.755257845       6.52654562E-03
        9581   7.33451414      0.755247355       6.52284129E-03
        9591   7.39974260      0.755237818       6.51939027E-03
        9601   7.46493673      0.755228817       6.51617488E-03
        9611   7.53009844      0.755220473       6.51317881E-03
        9621   7.59523010      0.755212665       6.51038717E-03
        9631   7.66033411      0.755205393       6.50778599E-03
        9641   7.72541189      0.755198598       6.50536222E-03
        9651   7.79046535      0.755192339       6.50310377E-03
        9661   7.85549641      0.755186439       6.50099944E-03
        9671   7.92050648      0.755181074       6.49903854E-03
        9681   7.98549700      0.755175948       6.49721129E-03
        9691   8.05046940      0.755171180       6.49550837E-03
        9701   8.11542416      0.755166709       6.49392139E-03
        9711   8.18036366      0.755162597       6.49244292E-03
        9721   8.24528790      0.755158782       6.49106503E-03
        9731   8.31019878      0.755155206       6.48978073E-03
        9741   8.37509632      0.755151868       6.48858398E-03
        9751   8.43998241      0.755148768       6.48746872E-03
        9761   8.50485706      0.755145788       6.48642937E-03
        9771   8.56972122      0.755143106       6.48546079E-03
        9781   8.63457584      0.755140543       6.48455834E-03
        9791   8.69942188      0.755138218       6.48371736E-03
        9801   8.76425934      0.755136013       6.48293365E-03
        9811   8.82908821      0.755134106       6.48220303E-03
        9821   8.89391041      0.755132139       6.48152223E-03
        9831   8.95872593      0.755130410       6.48088800E-03
        9841   9.02353477      0.755128682       6.48029661E-03
        9851   9.08833790      0.755127132       6.47974573E-03
        9861   9.15313530      0.755125761       6.47923211E-03
        9871   9.21792793      0.755124390       6.47875341E-03
        9881   9.28271580      0.755123138       6.47830730E-03
        9891   9.34749889      0.755121946       6.47789147E-03
        9901   9.41227818      0.755120873       6.47750404E-03
        9911   9.47705364      0.755119860       6.47714315E-03
        9921   9.54182529      0.755118966       6.47680694E-03
        9931   9.60659313      0.755118072       6.47649355E-03
        9941   9.67135811      0.755117297       6.47620158E-03
        9951   9.73612022      0.755116463       6.47592917E-03
        9961   9.80087948      0.755115747       6.47567539E-03
        9971   9.86563587      0.755115151       6.47543883E-03
        9981   9.93039036      0.755114555       6.47521857E-03
        9991   9.99514294      0.755113959       6.47501322E-03
