           1   2.99893713      0.148289129      -2.12628613E-04
          11   2.99574733      0.148289219      -4.25341656E-04
          21   2.99042940      0.148289368      -6.38218713E-04
          31   2.98298120      0.148289382      -8.51329009E-04
          41   2.97340035      0.148289382      -1.06472557E-03
          51   2.96168399      0.148289368      -1.27843919E-03
          61   2.94782877      0.148289233      -1.49247085E-03
          71   2.93183208      0.148289025      -1.70678343E-03
          81   2.91369128      0.148288682      -1.92129181E-03
          91   2.89340568      0.148288175      -2.13585142E-03
         101   2.87097573      0.148287356      -2.35024327E-03
         111   2.84640503      0.148286238      -2.56415852E-03
         121   2.81970072      0.148284659      -2.77717714E-03
         131   2.79087496      0.148282558      -2.98874453E-03
         141   2.75994611      0.148279697      -3.19814286E-03
         151   2.72694111      0.148275912      -3.40445689E-03
         161   2.69189715      0.148270935      -3.60653456E-03
         171   2.65486455      0.148264438      -3.80294048E-03
         181   2.61590958      0.148256004      -3.99190281E-03
         191   2.57511878      0.148245275      -4.17125458E-03
         201   2.53260255      0.148231536      -4.33836691E-03
         211   2.48850060      0.148214266      -4.49008215E-03
         221   2.44298720      0.148192719      -4.62264661E-03
         231   2.39627790      0.148166120      -4.73165000E-03
         241   2.34863591      0.148133785      -4.81198588E-03
         251   2.30037904      0.148094967      -4.85784328E-03
         261   2.25188661      0.148049206      -4.86275321E-03
         271   2.20360494      0.147996262      -4.81971540E-03
         281   2.15605140      0.147936434      -4.72143106E-03
         291   2.10981512      0.147870466      -4.56067314E-03
         301   2.06555343      0.147799551      -4.33081156E-03
         311   2.02398157      0.147725448      -4.02649818E-03
         321   1.98585558      0.147649914      -3.64447315E-03
         331   1.95194697      0.147574589      -3.18442145E-03
         341   1.92300951      0.147500157      -2.64975266E-03
         351   1.89973938      0.147426710      -2.04814109E-03
         361   1.88273335      0.147353530      -1.39165693E-03
         371   1.87244785      0.147279918      -6.96365198E-04
         381   1.86916590      0.147205994       1.86405960E-05
         391   1.87297535      0.147133067       7.32676825E-04
         401   1.88376212      0.147064552       1.42516545E-03
         411   1.90122020      0.147004262       2.07730848E-03
         421   1.92487514      0.146956533       2.67346506E-03
         431   1.95411932      0.146923944       3.20204045E-03
         441   1.98825204      0.146907404       3.65581224E-03
         451   2.02652097      0.146905899       4.03174572E-03
         461   2.06816053      0.146916822       4.33042832E-03
         471   2.11242270      0.146936849       4.55528591E-03
         481   2.15860200      0.146962523       4.71174251E-03
         491   2.20605111      0.146990672       4.80643241E-03
         501   2.25418997      0.147018909       4.84654121E-03
         511   2.30250931      0.147045568       4.83929878E-03
         521   2.35056996      0.147069603       4.79162438E-03
         531   2.39799833      0.147090539       4.70990408E-03
         541   2.44448113      0.147108272       4.59987065E-03
         551   2.48975897      0.147122964       4.46656067E-03
         561   2.53361917      0.147134885       4.31432342E-03
         571   2.57588959      0.147144452       4.14686184E-03
         581   2.61643219      0.147151977       3.96729074E-03
         591   2.65513754      0.147157848       3.77820455E-03
         601   2.69192004      0.147162318       3.58174322E-03
         611   2.72671413      0.147165745       3.37965600E-03
         621   2.75946951      0.147168308       3.17336130E-03
         631   2.79014945      0.147170246       2.96399766E-03
         641   2.81872702      0.147171661       2.75246985E-03
         651   2.84518361      0.147172645       2.53948779E-03
         661   2.86950731      0.147173390       2.32560025E-03
         671   2.89169049      0.147173911       2.11122283E-03
         681   2.91172981      0.147174299       1.89666147E-03
         691   2.92962408      0.147174522       1.68213283E-03
         701   2.94537449      0.147174746       1.46778044E-03
         711   2.95898271      0.147174880       1.25368894E-03
         721   2.97045159      0.147174969       1.03989546E-03
         731   2.97978401      0.147175044       8.26399541E-04
         741   2.98698282      0.147175148       6.13171607E-04
         751   2.99205017      0.147175238       4.00160032E-04
         761   2.99498796      0.147175252       1.87297555E-04
         771   2.99579740      0.147175387      -2.54928746E-05
         781   2.99447870      0.147175431      -2.38292952E-04
         791   2.99103141      0.147175565      -4.51183645E-04
         801   2.98545408      0.147175610      -6.64240215E-04
         811   2.97774482      0.147175670      -8.77526647E-04
         821   2.96790123      0.147175670      -1.09108991E-03
         831   2.95592046      0.147175625      -1.30495324E-03
         841   2.94179964      0.147175521      -1.51910877E-03
         851   2.92553616      0.147175297      -1.73350901E-03
         861   2.90712810      0.147174895      -1.94805616E-03
         871   2.88657498      0.147174329      -2.16259039E-03
         881   2.86387849      0.147173524      -2.37687537E-03
         891   2.83904290      0.147172332      -2.59058014E-03
         901   2.81207633      0.147170693      -2.80325953E-03
         911   2.78299260      0.147168443      -3.01432842E-03
         921   2.75181198      0.147165477      -3.22303292E-03
         931   2.71856332      0.147161484      -3.42841493E-03
         941   2.68328667      0.147156313      -3.62927234E-03
         951   2.64603543      0.147149548      -3.82411107E-03
         961   2.60687971      0.147140786      -4.01109131E-03
         971   2.56591058      0.147129521      -4.18796716E-03
         981   2.52324414      0.147115320      -4.35202243E-03
         991   2.47902608      0.147097394      -4.50000167E-03
        1001   2.43343830      0.147075146      -4.62804548E-03
        1011   2.38670444      0.147047743      -4.73163463E-03
        1021   2.33909750      0.147014499      -4.80555510E-03
        1031   2.29094553      0.146974757      -4.84390091E-03
        1041   2.24263906      0.146928117      -4.84013371E-03
        1051   2.19463634      0.146874443      -4.78722667E-03
        1061   2.14746618      0.146814063      -4.67792107E-03
        1071   2.10172844      0.146747828      -4.50512348E-03
        1081   2.05808902      0.146677047      -4.26245620E-03
        1091   2.01726842      0.146603435      -3.94496089E-03
        1101   1.98002338      0.146528810      -3.54991388E-03
        1111   1.94712007      0.146454573      -3.07766814E-03
        1121   1.91929984      0.146381363      -2.53239041E-03
        1131   1.89723909      0.146308973      -1.92252977E-03
        1141   1.88150752      0.146236762      -1.26085430E-03
        1151   1.87252879      0.146164030      -5.63948648E-04
        1161   1.87054968      0.146090999       1.48839375E-04
        1171   1.87562060      0.146019593       8.56884697E-04
        1181   1.88759279      0.145953104       1.53997913E-03
        1191   1.90612984      0.145895585       2.17994931E-03
        1201   1.93073416      0.145850927       2.76194327E-03
        1211   1.96078253      0.145821512       3.27521050E-03
        1221   1.99556673      0.145807877       3.71333142E-03
        1231   2.03433442      0.145808652       4.07395745E-03
        1241   2.07632518      0.145821199       4.35820315E-03
        1251   2.12080145      0.145842150       4.56985459E-03
        1261   2.16707063      0.145868033       4.71453881E-03
        1271   2.21449971      0.145895958       4.79896553E-03
        1281   2.26252341      0.145923659       4.83029708E-03
        1291   2.31064653      0.145949587       4.81567439E-03
        1301   2.35844326      0.145972833       4.76188865E-03
        1311   2.40555167      0.145992965       4.67517739E-03
        1321   2.45166922      0.146009937       4.56112158E-03
        1331   2.49654531      0.146023974       4.42461157E-03
        1341   2.53997493      0.146035314       4.26986208E-03
        1351   2.58179212      0.146044344       4.10045544E-03
        1361   2.62186408      0.146051466       3.91940214E-03
        1371   2.66008568      0.146056980       3.72920581E-03
        1381   2.69637489      0.146061212       3.53193027E-03
        1391   2.73066831      0.146064430       3.32926144E-03
        1401   2.76291823      0.146066859       3.12256441E-03
        1411   2.79308915      0.146068677       2.91293440E-03
        1421   2.82115555      0.146070004       2.70124059E-03
        1431   2.84709954      0.146070942       2.48816400E-03
        1441   2.87090969      0.146071613       2.27422989E-03
        1451   2.89257932      0.146072105       2.05983501E-03
        1461   2.91210485      0.146072492       1.84527074E-03
        1471   2.92948532      0.146072716       1.63074187E-03
        1481   2.94472170      0.146072894       1.41638285E-03
        1491   2.95781589      0.146073058       1.20227144E-03
        1501   2.96877050      0.146073192       9.88439890E-04
        1511   2.97758794      0.146073267       7.74884364E-04
        1521   2.98427105      0.146073312       5.61573252E-04
        1531   2.98882198      0.146073416       3.48454341E-04
        1541   2.99124217      0.146073550       1.35461014E-04
        1551   2.99153233      0.146073595      -7.74820801E-05
        1561   2.98969269      0.146073669      -2.90453609E-04
        1571   2.98572278      0.146073729      -5.03530377E-04
        1581   2.97962093      0.146073788      -7.16781884E-04
        1591   2.97138524      0.146073803      -9.30264883E-04
        1601   2.96101332      0.146073788      -1.14401721E-03
        1611   2.94850254      0.146073759      -1.35805085E-03
        1621   2.93385005      0.146073565      -1.57234434E-03
        1631   2.91705370      0.146073282      -1.78683328E-03
        1641   2.89811254      0.146072865      -2.00139987E-03
        1651   2.87702656      0.146072209      -2.21585971E-03
        1661   2.85379863      0.146071285      -2.42994656E-03
        1671   2.82843447      0.146069974      -2.64329440E-03
        1681   2.80094409      0.146068186      -2.85541499E-03
        1691   2.77134347      0.146065712      -3.06567200E-03
        1701   2.73965573      0.146062464      -3.27325030E-03
        1711   2.70591354      0.146058172      -3.47711961E-03
        1721   2.67016077      0.146052510      -3.67599190E-03
        1731   2.63245654      0.146045208      -3.86827183E-03
        1741   2.59287739      0.146035820      -4.05200245E-03
        1751   2.55152178      0.146023795      -4.22480283E-03
        1761   2.50851464      0.146008581      -4.38380335E-03
        1771   2.46401286      0.145989552      -4.52557765E-03
        1781   2.41821051      0.145965949      -4.64608148E-03
        1791   2.37134600      0.145937055      -4.74060280E-03
        1801   2.32370806      0.145902172      -4.80373809E-03
        1811   2.27564287      0.145860702      -4.82941093E-03
        1821   2.22756052      0.145812333      -4.81095538E-03
        1831   2.17993951      0.145757079      -4.74129338E-03
        1841   2.13332868      0.145695433      -4.61323000E-03
        1851   2.08834648      0.145628393      -4.41989396E-03
        1861   2.04567361      0.145557463      -4.15533315E-03
        1871   2.00604057      0.145484224      -3.81525164E-03
        1881   1.97020555      0.145410568      -3.39783565E-03
        1891   1.93892634      0.145337537      -2.90456694E-03
        1901   1.91292381      0.145265594      -2.34088628E-03
        1911   1.89284146      0.145194381      -1.71653763E-03
        1921   1.87920439      0.145122930      -1.04544451E-03
        1931   1.87238204      0.145051017      -3.45040520E-04
        1941   1.87256098      0.144979239       3.64922569E-04
        1951   1.87973058      0.144909859       1.06393313E-03
        1961   1.89368427      0.144846484       1.73240004E-03
        1971   1.91403615      0.144793183       2.35317717E-03
        1981   1.94025016      0.144753456       2.91269599E-03
        1991   1.97167754      0.144729048       3.40157119E-03
        2001   2.00759721      0.144719958       3.81467398E-03
        2011   2.04725528      0.144724458       4.15075617E-03
        2021   2.08990002      0.144739628       4.41178121E-03
        2031   2.13480926      0.144762039       4.60211560E-03
        2041   2.18131042      0.144788444       4.72772075E-03
        2051   2.22879291      0.144816145       4.79543582E-03
        2061   2.27671456      0.144843102       4.81239893E-03
        2071   2.32460308      0.144868001       4.78562200E-03
        2081   2.37205315      0.144890100       4.72170161E-03
        2091   2.41872215      0.144909084       4.62664990E-03
        2101   2.46432424      0.144925043       4.50581405E-03
        2111   2.50862312      0.144938096       4.36385721E-03
        2121   2.55142617      0.144948632       4.20478359E-03
        2131   2.59257793      0.144956991       4.03198693E-03
        2141   2.63195395      0.144963548       3.84831172E-03
        2151   2.66945624      0.144968629       3.65611864E-03
        2161   2.70500827      0.144972503       3.45734926E-03
        2171   2.73855138      0.144975424       3.25358706E-03
        2181   2.77004147      0.144977629       3.04611144E-03
        2191   2.79944563      0.144979268       2.83594662E-03
        2201   2.82674074      0.144980460       2.62390310E-03
        2211   2.85191059      0.144981265       2.41061393E-03
        2221   2.87494493      0.144981831       2.19656550E-03
        2231   2.89583778      0.144982278       1.98212289E-03
        2241   2.91458607      0.144982576       1.76755176E-03
        2251   2.93118954      0.144982815       1.55303662E-03
        2261   2.94564891      0.144982994       1.33869587E-03
        2271   2.95796633      0.144983113       1.12459483E-03
        2281   2.96814394      0.144983217       9.10756295E-04
        2291   2.97618437      0.144983292       6.97169744E-04
        2301   2.98209000      0.144983336       4.83799202E-04
        2311   2.98586249      0.144983426       2.70590157E-04
        2321   2.98750329      0.144983485       5.74755250E-05
        2331   2.98701286      0.144983590      -1.55618443E-04
        2341   2.98439097      0.144983649      -3.68767098E-04
        2351   2.97963691      0.144983768      -5.82041743E-04
        2361   2.97274876      0.144983754      -7.95504311E-04
        2371   2.96372485      0.144983783      -1.00920163E-03
        2381   2.95256257      0.144983739      -1.22315891E-03
        2391   2.93925953      0.144983664      -1.43737218E-03
        2401   2.92381334      0.144983515      -1.65180035E-03
        2411   2.90622234      0.144983143      -1.86635496E-03
        2421   2.88648629      0.144982606      -2.08088872E-03
        2431   2.86460662      0.144981846      -2.29518185E-03
        2441   2.84058762      0.144980773      -2.50892481E-03
        2451   2.81443715      0.144979328      -2.72169965E-03
        2461   2.78616786      0.144977272      -2.93295528E-03
        2471   2.75579906      0.144974560      -3.14198062E-03
        2481   2.72335792      0.144970909      -3.34787066E-03
        2491   2.68888211      0.144966096      -3.54948826E-03
        2501   2.65242219      0.144959792      -3.74541874E-03
        2511   2.61404467      0.144951671      -3.93391913E-03
        2521   2.57383561      0.144941300      -4.11285972E-03
        2531   2.53190446      0.144928023      -4.27966146E-03
        2541   2.48838973      0.144911364      -4.43123048E-03
        2551   2.44346380      0.144890592      -4.56389273E-03
        2561   2.39733887      0.144864991      -4.67333803E-03
        2571   2.35027409      0.144833833      -4.75457963E-03
        2581   2.30258203      0.144796506      -4.80194855E-03
        2591   2.25463486      0.144752532      -4.80913837E-03
        2601   2.20687032      0.144701675      -4.76932479E-03
        2611   2.15979552      0.144644186      -4.67539160E-03
        2621   2.11398745      0.144580796      -4.52028448E-03
        2631   2.07008982      0.144512624      -4.29751305E-03
        2641   2.02880311      0.144441351      -4.00180789E-03
        2651   1.99086845      0.144368708      -3.62989400E-03
        2661   1.95704353      0.144296139      -3.18131712E-03
        2671   1.92807007      0.144224539      -2.65920185E-03
        2681   1.90463626      0.144153848      -2.07078853E-03
        2691   1.88733542      0.144083589      -1.42758840E-03
        2701   1.87662685      0.144012868      -7.45030469E-04
        2711   1.87280226      0.143941730      -4.15674876E-05
        2721   1.87596393      0.143871546       6.62683102E-04
        2731   1.88601732      0.143805087       1.34756381E-03
        2741   1.90267873      0.143746272       1.99450366E-03
        2751   1.92549741      0.143698946       2.58788466E-03
        2761   1.95388865      0.143665895       3.11594899E-03
        2771   1.98717248      0.143648237       3.57117248E-03
        2781   2.02461410      0.143645108       3.95013485E-03
        2791   2.06546116      0.143654332       4.25300933E-03
        2801   2.10897589      0.143672615       4.48282482E-03
        2811   2.15445852      0.143696710       4.64465376E-03
        2821   2.20126462      0.143723562       4.74484265E-03
        2831   2.24881434      0.143750817       4.79035592E-03
        2841   2.29659700      0.143776730       4.78826463E-03
        2851   2.34417033      0.143800214       4.74538375E-03
        2861   2.39115715      0.143820792       4.66803880E-03
        2871   2.43723989      0.143838331       4.56193555E-03
        2881   2.48215461      0.143852890       4.43210732E-03
        2891   2.52568436      0.143864736       4.28291643E-03
        2901   2.56765270      0.143874228       4.11809050E-03
        2911   2.60791779      0.143881708       3.94077413E-03
        2921   2.64636660      0.143887579       3.75359459E-03
        2931   2.68291020      0.143892050       3.55872465E-03
        2941   2.71747994      0.143895492       3.35794664E-03
        2951   2.75002289      0.143898070       3.15270922E-03
        2961   2.78049970      0.143899962       2.94417958E-03
        2971   2.80888176      0.143901348       2.73328810E-03
        2981   2.83514857      0.143902391       2.52076844E-03
        2991   2.85928607      0.143903121       2.30719033E-03
        3001   2.88128567      0.143903598       2.09298823E-03
        3011   2.90114260      0.143903986       1.87848508E-03
        3021   2.91885471      0.143904209       1.66391255E-03
        3031   2.93442202      0.143904433       1.44942803E-03
        3041   2.94784546      0.143904522       1.23512850E-03
        3051   2.95912719      0.143904626       1.02106226E-03
        3061   2.96826959      0.143904731       8.07239558E-04
        3071   2.97527480      0.143904835       5.93640667E-04
        3081   2.98014474      0.143904895       3.80223617E-04
        3091   2.98288107      0.143904954       1.66930535E-04
        3101   2.98348451      0.143905014      -4.63061151E-05
        3111   2.98195529      0.143905103      -2.59558205E-04
        3121   2.97829294      0.143905148      -4.72896383E-04
        3131   2.97249627      0.143905208      -6.86384737E-04
        3141   2.96456361      0.143905222      -9.00074956E-04
        3151   2.95449281      0.143905222      -1.11400010E-03
        3161   2.94228148      0.143905118      -1.32816797E-03
        3171   2.92792749      0.143904969      -1.54255284E-03
        3181   2.91142917      0.143904746      -1.75708637E-03
        3191   2.89278555      0.143904328      -1.97164691E-03
        3201   2.87199759      0.143903688      -2.18604668E-03
        3211   2.84906840      0.143902734      -2.40001641E-03
        3221   2.82400441      0.143901423      -2.61318684E-03
        3231   2.79681659      0.143899679      -2.82506784E-03
        3241   2.76752114      0.143897295      -3.03502171E-03
        3251   2.73614192      0.143894061      -3.24223307E-03
        3261   2.70271206      0.143889815      -3.44567280E-03
        3271   2.66727638      0.143884242      -3.64405639E-03
        3281   2.62989426      0.143877015      -3.83579498E-03
        3291   2.59064269      0.143867731      -4.01894189E-03
        3301   2.54962087      0.143855944      -4.19113180E-03
        3311   2.50695348      0.143840969      -4.34951624E-03
        3321   2.46279740      0.143822253      -4.49069915E-03
        3331   2.41734624      0.143799081      -4.61067678E-03
        3341   2.37083745      0.143770754      -4.70478926E-03
        3351   2.32355809      0.143736571      -4.76769917E-03
        3361   2.27585244      0.143695995      -4.79341066E-03
        3371   2.22812724      0.143648684      -4.77535510E-03
        3381   2.18085647      0.143594682      -4.70656436E-03
        3391   2.13458395      0.143534452      -4.57996316E-03
        3401   2.08992124      0.143469065      -4.38880129E-03
        3411   2.04754186      0.143399805      -4.12723701E-03
        3421   2.00816727      0.143328533      -3.79105681E-03
        3431   1.97254694      0.143256694      -3.37848114E-03
        3441   1.94142950      0.143185571      -2.89096055E-03
        3451   1.91552746      0.143115401      -2.33382219E-03
        3461   1.89547765      0.143045992      -1.71660841E-03
        3471   1.88180089      0.142976463      -1.05296297E-03
        3481   1.87486541      0.142906383      -3.59984348E-04
        3491   1.87485981      0.142836303       3.42927815E-04
        3501   1.88177872      0.142768651       1.03558972E-03
        3511   1.89542389      0.142706603       1.69867428E-03
        3521   1.91541970      0.142654240       2.31520645E-03
        3531   1.94124150      0.142614916       2.87168589E-03
        3541   1.97225201      0.142590463       3.35869938E-03
        3551   2.00774145      0.142580956       3.77101125E-03
        3561   2.04696560      0.142584711       4.10721498E-03
        3571   2.08918095      0.142598972       4.36908985E-03
        3581   2.13367152      0.142620459       4.56081517E-03
        3591   2.17976928      0.142646030       4.68817912E-03
        3601   2.22686672      0.142672971       4.75787092E-03
        3611   2.27442336      0.142699346       4.77690762E-03
        3621   2.32196736      0.142723769       4.75220522E-03
        3631   2.36909318      0.142745495       4.69029229E-03
        3641   2.41545725      0.142764181       4.59713349E-03
        3651   2.46077251      0.142779902       4.47804574E-03
        3661   2.50480127      0.142792821       4.33767634E-03
        3671   2.54734921      0.142803252       4.18002298E-03
        3681   2.58825922      0.142811581       4.00847942E-03
        3691   2.62740517      0.142818063       3.82589502E-03
        3701   2.66468763      0.142823115       3.63463885E-03
        3711   2.70002842      0.142826945       3.43666296E-03
        3721   2.73336768      0.142829865       3.23356129E-03
        3731   2.76465988      0.142832071       3.02662444E-03
        3741   2.79387116      0.142833695       2.81688734E-03
        3751   2.82097697      0.142834842       2.60517094E-03
        3761   2.84596062      0.142835721       2.39211833E-03
        3771   2.86881065      0.142836317       2.17822473E-03
        3781   2.88952017      0.142836690       1.96386385E-03
        3791   2.90808582      0.142836988       1.74930948E-03
        3801   2.92450643      0.142837197       1.53475325E-03
        3811   2.93878245      0.142837375       1.32032053E-03
        3821   2.95091510      0.142837465       1.10608304E-03
        3831   2.96090674      0.142837584       8.92069773E-04
        3841   2.96875930      0.142837673       6.78276119E-04
        3851   2.97447467      0.142837733       4.64671990E-04
        3861   2.97805452      0.142837793       2.51208723E-04
        3871   2.97950006      0.142837837       3.78253899E-05
        3881   2.97881174      0.142837912      -1.75545516E-04
        3891   2.97598910      0.142837986      -3.88972374E-04
        3901   2.97103143      0.142838031      -6.02519081E-04
        3911   2.96393728      0.142838031      -8.16239335E-04
        3921   2.95470476      0.142838031      -1.03017059E-03
        3931   2.94333196      0.142838001      -1.24432717E-03
        3941   2.92981648      0.142837837      -1.45869306E-03
        3951   2.91415668      0.142837614      -1.67321274E-03
        3961   2.89635181      0.142837301      -1.88778120E-03
        3971   2.87640214      0.142836720      -2.10223161E-03
        3981   2.85431027      0.142835870      -2.31632101E-03
        3991   2.83008194      0.142834723      -2.52971356E-03
        4001   2.80372667      0.142833143      -2.74195918E-03
        4011   2.77525902      0.142830998      -2.95247021E-03
        4021   2.74470067      0.142828077      -3.16049182E-03
        4031   2.71208167      0.142824233      -3.36506870E-03
        4041   2.67744327      0.142819166      -3.56500479E-03
        4051   2.64083982      0.142812565      -3.75881791E-03
        4061   2.60234284      0.142804101      -3.94468755E-03
        4071   2.56204367      0.142793238      -4.12039692E-03
        4081   2.52005863      0.142779455      -4.28326987E-03
        4091   2.47653365      0.142762214      -4.43010824E-03
        4101   2.43164945      0.142740756      -4.55712806E-03
        4111   2.38562822      0.142714396      -4.65990836E-03
        4121   2.33873987      0.142682493      -4.73336084E-03
        4131   2.29130840      0.142644390      -4.77173412E-03
        4141   2.24371815      0.142599761      -4.76867566E-03
        4151   2.19641948      0.142548457      -4.71737236E-03
        4161   2.14993095      0.142490849      -4.61080112E-03
        4171   2.10483980      0.142427728      -4.44211019E-03
        4181   2.06179714      0.142360330      -4.20514867E-03
        4191   2.02150655      0.142290413      -3.89513839E-03
        4201   1.98470700      0.142219469      -3.50945070E-03
        4211   1.95214617      0.142148882      -3.04840971E-03
        4221   1.92454827      0.142079383      -2.51599448E-03
        4231   1.90257549      0.142010748      -1.92029180E-03
        4241   1.88678777      0.141942203      -1.27354125E-03
        4251   1.87760484      0.141873196      -5.91674179E-04
        4261   1.87527597      0.141803950       1.06672582E-04
        4271   1.87986112      0.141736016       8.01556627E-04
        4281   1.89122677      0.141672477       1.47334114E-03
        4291   1.90905666      0.141617209       2.10424908E-03
        4301   1.93287611      0.141573668       2.67961808E-03
        4311   1.96208560      0.141544402       3.18868412E-03
        4321   1.99599981      0.141530067       3.62484413E-03
        4331   2.03388691      0.141529456       3.98544595E-03
        4341   2.07500386      0.141540304       4.27123578E-03
        4351   2.11862683      0.141559407       4.48561553E-03
        4361   2.16407323      0.141583592       4.63384856E-03
        4371   2.21071672      0.141609952       4.72232513E-03
        4381   2.25799584      0.141636357       4.75794496E-03
        4391   2.30541706      0.141661257       4.74764360E-03
        4401   2.35255408      0.141683713       4.69805999E-03
        4411   2.39904356      0.141703248       4.61532641E-03
        4421   2.44458032      0.141719818       4.50495631E-03
        4431   2.48891068      0.141733497       4.37180139E-03
        4441   2.53182650      0.141744673       4.22006007E-03
        4451   2.57315826      0.141753599       4.05331375E-03
        4461   2.61276960      0.141760617       3.87458247E-03
        4471   2.65055227      0.141766056       3.68638663E-03
        4481   2.68642092      0.141770214       3.49081052E-03
        4491   2.72030950      0.141773373       3.28956265E-03
        4501   2.75216746      0.141775712       3.08403140E-03
        4511   2.78195715      0.141777501       2.87533482E-03
        4521   2.80965042      0.141778782       2.66436394E-03
        4531   2.83522797      0.141779736       2.45182030E-03
        4541   2.85867620      0.141780406       2.23824871E-03
        4551   2.87998652      0.141780853       2.02406384E-03
        4561   2.89915419      0.141781166       1.80957338E-03
        4571   2.91617703      0.141781360       1.59499759E-03
        4581   2.93105483      0.141781524       1.38048513E-03
        4591   2.94378853      0.141781658       1.16612704E-03
        4601   2.95437980      0.141781777       9.51968192E-04
        4611   2.96283054      0.141781867       7.38016795E-04
        4621   2.96914268      0.141781956       5.24253235E-04
        4631   2.97331762      0.141782001       3.10637115E-04
        4641   2.97535682      0.141782075       9.71137779E-05
        4651   2.97526073      0.141782135      -1.16379553E-04
        4661   2.97302938      0.141782209      -3.29908216E-04
        4671   2.96866202      0.141782269      -5.43534581E-04
        4681   2.96215749      0.141782284      -7.57312111E-04
        4691   2.95351410      0.141782254      -9.71279689E-04
        4701   2.94272995      0.141782224      -1.18545466E-03
        4711   2.92980313      0.141782090      -1.39982591E-03
        4721   2.91473198      0.141781867      -1.61434466E-03
        4731   2.89751577      0.141781539      -1.82891509E-03
        4741   2.87815475      0.141781077      -2.04338250E-03
        4751   2.85665107      0.141780287      -2.25751940E-03
        4761   2.83301020      0.141779214      -2.47100904E-03
        4771   2.80724072      0.141777724      -2.68342579E-03
        4781   2.77935672      0.141775697      -2.89421133E-03
        4791   2.74937844      0.141772971      -3.10264784E-03
        4801   2.71733451      0.141769379      -3.30782449E-03
        4811   2.68326378      0.141764641      -3.50859994E-03
        4821   2.64721799      0.141758457      -3.70355742E-03
        4831   2.60926485      0.141750440      -3.89095489E-03
        4841   2.56949186      0.141740218      -4.06866847E-03
        4851   2.52800965      0.141727209      -4.23413189E-03
        4861   2.48495770      0.141710877      -4.38427180E-03
        4871   2.44050884      0.141690537      -4.51544765E-03
        4881   2.39487576      0.141665503      -4.62339539E-03
        4891   2.34831738      0.141635105      -4.70319483E-03
        4901   2.30114532      0.141598701      -4.74926364E-03
        4911   2.25372958      0.141555890      -4.75540850E-03
        4921   2.20650458      0.141506538      -4.71494533E-03
        4931   2.15997243      0.141450807      -4.62092366E-03
        4941   2.11470366      0.141389444      -4.46647685E-03
        4951   2.07133317      0.141323656      -4.24531568E-03
        4961   2.03055120      0.141254902      -3.95236537E-03
        4971   1.99308670      0.141184896      -3.58451693E-03
        4981   1.95968366      0.141115040      -3.14142415E-03
        4991   1.93106985      0.141046166      -2.62623047E-03
        5001   1.90791976      0.140978277      -2.04607984E-03
        5011   1.89081502      0.140910715      -1.41225837E-03
        5021   1.88020563      0.140842795      -7.39849114E-04
        5031   1.87637818      0.140774459      -4.68650251E-05
        5041   1.87943435      0.140706956       6.47060690E-04
        5051   1.88928342      0.140642956       1.32224220E-03
        5061   1.90564978      0.140586227       1.96051225E-03
        5071   1.92809427      0.140540451       2.54654535E-03
        5081   1.95604575      0.140508220       3.06874653E-03
        5091   1.98883903      0.140490711       3.51962517E-03
        5101   2.02575374      0.140487194       3.89568531E-03
        5111   2.06605124      0.140495494       4.19694465E-03
        5121   2.10900497      0.140512764       4.42623068E-03
        5131   2.15392518      0.140535697       4.58839675E-03
        5141   2.20017505      0.140561432       4.68957564E-03
        5151   2.24718046      0.140587643       4.73653758E-03
        5161   2.29443431      0.140612692       4.73618880E-03
        5171   2.34149671      0.140635476       4.69520921E-03
        5181   2.38799143      0.140655443       4.61981865E-03
        5191   2.43360138      0.140672490       4.51564463E-03
        5201   2.47806215      0.140686676       4.38766414E-03
        5211   2.52115583      0.140698284       4.24020225E-03
        5221   2.56270456      0.140707567       4.07696143E-03
        5231   2.60256505      0.140714899       3.90107417E-03
        5241   2.64062262      0.140720606       3.71516217E-03
        5251   2.67678714      0.140725031       3.52139887E-03
        5261   2.71098781      0.140728384       3.32157081E-03
        5271   2.74317074      0.140730903       3.11713340E-03
        5281   2.77329493      0.140732810       2.90926220E-03
        5291   2.80133009      0.140734181       2.69889715E-03
        5301   2.82725453      0.140735164       2.48678122E-03
        5311   2.85105348      0.140735880       2.27349368E-03
        5321   2.87271690      0.140736416       2.05947855E-03
        5331   2.89223886      0.140736729       1.84506818E-03
        5341   2.90961671      0.140736982       1.63050310E-03
        5351   2.92484927      0.140737176       1.41594920E-03
        5361   2.93793702      0.140737250       1.20151171E-03
        5371   2.94888139      0.140737340       9.87247331E-04
        5381   2.95768428      0.140737429       7.73174281E-04
        5391   2.96434712      0.140737474       5.59280976E-04
        5401   2.96887183      0.140737563       3.45533655E-04
        5411   2.97125936      0.140737638       1.31883193E-04
        5421   2.97151041      0.140737697      -8.17288383E-05
        5431   2.96962500      0.140737742      -2.95364356E-04
        5441   2.96560264      0.140737772      -5.09083096E-04
        5451   2.95944238      0.140737817      -7.22936937E-04
        5461   2.95114255      0.140737846      -9.36963828E-04
        5471   2.94070148      0.140737817      -1.15118106E-03
        5481   2.92811728      0.140737712      -1.36557815E-03
        5491   2.91338873      0.140737504      -1.58010831E-03
        5501   2.89651489      0.140737236      -1.79467851E-03
        5511   2.87749624      0.140736759      -2.00913823E-03
        5521   2.85633516      0.140736043      -2.22326582E-03
        5531   2.83303666      0.140734985      -2.43675173E-03
        5541   2.80760980      0.140733570      -2.64918013E-03
        5551   2.78006792      0.140731603      -2.86000525E-03
        5561   2.75043130      0.140729010      -3.06852465E-03
        5571   2.71872759      0.140725493      -3.27384728E-03
        5581   2.68499517      0.140720904      -3.47485556E-03
        5591   2.64928484      0.140714914      -3.67016275E-03
        5601   2.61166286      0.140707180      -3.85806290E-03
        5611   2.57221460      0.140697226      -4.03647590E-03
        5621   2.53104901      0.140684620      -4.20288788E-03
        5631   2.48830223      0.140668765      -4.35428740E-03
        5641   2.44414401      0.140648991      -4.48710425E-03
        5651   2.39878273      0.140624657      -4.59715677E-03
        5661   2.35247207      0.140595049      -4.67961282E-03
        5671   2.30551744      0.140559614      -4.72898595E-03
        5681   2.25828195      0.140517861      -4.73917648E-03
        5691   2.21119237      0.140469626      -4.70358739E-03
        5701   2.16474223      0.140415132      -4.61533573E-03
        5711   2.11949301      0.140354961      -4.46758652E-03
        5721   2.07607055      0.140290275      -4.25402913E-03
        5731   2.03515649      0.140222609      -3.96949472E-03
        5741   1.99747300      0.140153542      -3.61069129E-03
        5751   1.96375954      0.140084505      -3.17699043E-03
        5761   1.93474245      0.140016377      -2.67115817E-03
        5771   1.91109908      0.139949262      -2.09988654E-03
        5781   1.89341843      0.139882505      -1.47397467E-03
        5791   1.88216257      0.139815569      -8.08038516E-04
        5801   1.87763417      0.139748096      -1.19703880E-04
        5811   1.87995410      0.139681309       5.71649347E-04
        5821   1.88905239      0.139617637       1.24642137E-03
        5831   1.90467429      0.139560655       1.88635627E-03
        5841   1.92639959      0.139514029       2.47588800E-03
        5851   1.95367348      0.139480606       3.00307060E-03
        5861   1.98584330      0.139461607       3.46000609E-03
        5871   2.02219748      0.139456570       3.84278526E-03
        5881   2.06200194      0.139463544       4.15104767E-03
        5891   2.10453176      0.139479652       4.38730372E-03
        5901   2.14909577      0.139501765       4.55616461E-03
        5911   2.19505358      0.139526978       4.66359314E-03
        5921   2.24182630      0.139552906       4.71625570E-03
        5931   2.28890133      0.139577806       4.72100778E-03
        5941   2.33583283      0.139600605       4.68452042E-03
        5951   2.38223886      0.139620677       4.61303256E-03
        5961   2.42779636      0.139637873       4.51220898E-03
        5971   2.47223568      0.139652207       4.38707508E-03
        5981   2.51533437      0.139663965       4.24200809E-03
        5991   2.55691028      0.139673412       4.08076448E-03
        6001   2.59681630      0.139680907       3.90652707E-03
        6011   2.63493443      0.139686704       3.72196524E-03
        6021   2.67117167      0.139691204       3.52929533E-03
        6031   2.70545506      0.139694601       3.33034224E-03
        6041   2.73772860      0.139697164       3.12659494E-03
        6051   2.76794958      0.139699087       2.91925832E-03
        6061   2.79608631      0.139700472       2.70929746E-03
        6071   2.82211590      0.139701456       2.49747699E-03
        6081   2.84602261      0.139702186       2.28439504E-03
        6091   2.86779547      0.139702708       2.07051123E-03
        6101   2.88742805      0.139703080       1.85617141E-03
        6111   2.90491676      0.139703289       1.64162787E-03
        6121   2.92026043      0.139703467       1.42705615E-03
        6131   2.93345904      0.139703587       1.21257000E-03
        6141   2.94451356      0.139703691       9.98233329E-04
        6151   2.95342565      0.139703736       7.84070580E-04
        6161   2.96019697      0.139703810       5.70075586E-04
        6171   2.96482897      0.139703855       3.56219331E-04
        6181   2.96732283      0.139703944       1.42456920E-04
        6191   2.96767902      0.139704019      -7.12663314E-05
        6201   2.96589780      0.139704078      -2.85008922E-04
        6211   2.96197867      0.139704123      -4.98827372E-04
        6221   2.95592046      0.139704168      -7.12770619E-04
        6231   2.94772196      0.139704138      -9.26873530E-04
        6241   2.93738151      0.139704138      -1.14115071E-03
        6251   2.92489743      0.139703989      -1.35558890E-03
        6261   2.91026855      0.139703825      -1.57013815E-03
        6271   2.89349437      0.139703467      -1.78470265E-03
        6281   2.87457561      0.139702976      -1.99912861E-03
        6291   2.85351491      0.139702216      -2.21319101E-03
        6301   2.83031774      0.139701173      -2.42657727E-03
        6311   2.80499339      0.139699757      -2.63886759E-03
        6321   2.77755570      0.139697790      -2.84951250E-03
        6331   2.74802518      0.139695182      -3.05780582E-03
        6341   2.71643019      0.139691681      -3.26285232E-03
        6351   2.68280935      0.139687061      -3.46353068E-03
        6361   2.64721417      0.139681056      -3.65845044E-03
        6371   2.60971165      0.139673322      -3.84590286E-03
        6381   2.57038784      0.139663443      -4.02380573E-03
        6391   2.52935195      0.139650881      -4.18964401E-03
        6401   2.48674107      0.139635101      -4.34040837E-03
        6411   2.44272518      0.139615446      -4.47253324E-03
        6421   2.39751339      0.139591232      -4.58184537E-03
        6431   2.35135984      0.139561847      -4.66352748E-03
        6441   2.30456996      0.139526621      -4.71211411E-03
        6451   2.25750709      0.139485165      -4.72153630E-03
        6461   2.21059728      0.139437348      -4.68523800E-03
        6471   2.16433334      0.139383346      -4.59638750E-03
        6481   2.11927533      0.139323756      -4.44821268E-03
        6491   2.07604671      0.139259830      -4.23447555E-03
        6501   2.03532672      0.139192834      -3.95008456E-03
        6511   1.99783349      0.139124602      -3.59182525E-03
        6521   1.96430218      0.139056444      -3.15913511E-03
        6531   1.93545449      0.138989210      -2.65482534E-03
        6541   1.91196263      0.138922930      -2.08560075E-03
        6551   1.89441049      0.138857007      -1.46223162E-03
        6561   1.88325572      0.138790905      -7.99260568E-04
        6571   1.87879753      0.138724312      -1.14198774E-04
        6581   1.88115454      0.138658315       5.73719211E-04
        6591   1.89025593      0.138595521       1.24505186E-03
        6601   1.90584767      0.138539314       1.88169722E-03
        6611   1.92751169      0.138493299       2.46821996E-03
        6621   1.95469642      0.138460279       2.99277087E-03
        6631   1.98675311      0.138441488       3.44750797E-03
        6641   2.02297449      0.138436466       3.82853998E-03
        6651   2.06263089      0.138443291       4.13549179E-03
        6661   2.10500145      0.138459161       4.37083514E-03
        6671   2.14939857      0.138480976       4.53912839E-03
        6681   2.19518518      0.138505831       4.64627473E-03
        6691   2.24178505      0.138531432       4.69888141E-03
        6701   2.28868747      0.138556063       4.70374897E-03
        6711   2.33544803      0.138578624       4.66749957E-03
        6721   2.38168550      0.138598502       4.59633209E-03
        6731   2.42707801      0.138615519       4.49587777E-03
        6741   2.47135615      0.138629720       4.37113689E-03
        6751   2.51429749      0.138641372       4.22646664E-03
        6761   2.55571985      0.138650715       4.06560907E-03
        6771   2.59547591      0.138658106       3.89173743E-03
        6781   2.63344789      0.138663903       3.70751368E-03
        6791   2.66954207      0.138668358       3.51514993E-03
        6801   2.70368528      0.138671726       3.31646833E-03
        6811   2.73582125      0.138674274       3.11295711E-03
        6821   2.76590681      0.138676196       2.90582119E-03
        6831   2.79391003      0.138677597       2.69602612E-03
        6841   2.81980753      0.138678581       2.48433836E-03
        6851   2.84358311      0.138679266       2.27135723E-03
        6861   2.86522579      0.138679743       2.05754442E-03
        6871   2.88472891      0.138680115       1.84324791E-03
        6881   2.90208840      0.138680324       1.62872183E-03
        6891   2.91730285      0.138680503       1.41414418E-03
        6901   2.93037200      0.138680592       1.19963079E-03
        6911   2.94129682      0.138680667       9.85247782E-04
        6921   2.95007873      0.138680711       7.71022053E-04
        6931   2.95671916      0.138680771       5.56949992E-04
        6941   2.96121931      0.138680801       3.43005173E-04
        6951   2.96358037      0.138680860       1.29145439E-04
        6961   2.96380281      0.138680860      -8.46807961E-05
        6971   2.96188688      0.138680935      -2.98528641E-04
        6981   2.95783186      0.138680950      -5.12450933E-04
        6991   2.95163703      0.138680995      -7.26492261E-04
        7001   2.94330096      0.138681024      -9.40682832E-04
        7011   2.93282199      0.138680950      -1.15503150E-03
        7021   2.92019892      0.138680801      -1.36951858E-03
        7031   2.90543079      0.138680607      -1.58408668E-03
        7041   2.88851738      0.138680279      -1.79863116E-03
        7051   2.86945987      0.138679788      -2.01298785E-03
        7061   2.84826136      0.138678998      -2.22691963E-03
        7071   2.82492828      0.138677925      -2.44009937E-03
        7081   2.79947042      0.138676479      -2.65209074E-03
        7091   2.77190280      0.138674438      -2.86232447E-03
        7101   2.74224710      0.138671726      -3.07007111E-03
        7111   2.71053338      0.138668120      -3.27440863E-03
        7121   2.67680216      0.138663396      -3.47418408E-03
        7131   2.64110684      0.138657287      -3.66797089E-03
        7141   2.60351682      0.138649344      -3.85401864E-03
        7151   2.56412125      0.138639212      -4.03019832E-03
        7161   2.52303267      0.138626337      -4.19394253E-03
        7171   2.48039246      0.138610184      -4.34218533E-03
        7181   2.43637514      0.138590157      -4.47130110E-03
        7191   2.39119482      0.138565525      -4.57705604E-03
        7201   2.34511161      0.138535663      -4.65457560E-03
        7211   2.29843712      0.138500020      -4.69834683E-03
        7221   2.25154138      0.138458192      -4.70227096E-03
        7231   2.20485735      0.138410032      -4.65978961E-03
        7241   2.15888405      0.138355851      -4.56411252E-03
        7251   2.11418724      0.138296351      -4.40856395E-03
        7261   2.07139540      0.138232648      -4.18707263E-03
        7271   2.03118968      0.138166234      -3.89479520E-03
        7281   1.99428773      0.138098806      -3.52884782E-03
        7291   1.96142054      0.138031542      -3.08907265E-03
        7301   1.93330121      0.137965322      -2.57873302E-03
        7311   1.91058910      0.137900054      -2.00499152E-03
        7321   1.89385116      0.137834981      -1.37902703E-03
        7331   1.88352442      0.137769669      -7.15682108E-04
        7341   1.87988567      0.137703851      -3.26093286E-05
        7351   1.88303053      0.137638956       6.51001581E-04
        7361   1.89286673      0.137577519       1.31594075E-03
        7371   1.90912175      0.137522966       1.94449257E-03
        7381   1.93136334      0.137478799       2.52170907E-03
        7391   1.95903039      0.137447789       3.03626433E-03
        7401   1.99146986      0.137430742       3.48081742E-03
        7411   2.02797461      0.137427181       3.85190779E-03
        7421   2.06781864      0.137435004       4.14949423E-03
        7431   2.11028790      0.137451410       4.37627826E-03
        7441   2.15470338      0.137473360       4.53694910E-03
        7451   2.20043707      0.137498081       4.63745836E-03
        7461   2.24692249      0.137523293       4.68439935E-03
        7471   2.29365826      0.137547433       4.68451437E-03
        7481   2.34020853      0.137569442       4.64434223E-03
        7491   2.38620019      0.137588784       4.56998451E-03
        7501   2.43131781      0.137605295       4.46697278E-03
        7511   2.47529793      0.137619063       4.34021046E-03
        7521   2.51792312      0.137630343       4.19396628E-03
        7531   2.55901527      0.137639359       4.03190218E-03
        7541   2.59843040      0.137646466       3.85712227E-03
        7551   2.63605332      0.137652040       3.67222889E-03
        7561   2.67179275      0.137656331       3.47938389E-03
        7571   2.70557714      0.137659609       3.28036747E-03
        7581   2.73735118      0.137662068       3.07663321E-03
        7591   2.76707292      0.137663841       2.86935712E-03
        7601   2.79471111      0.137665167       2.65948218E-03
        7611   2.82024312      0.137666136       2.44775577E-03
        7621   2.84365296      0.137666792       2.23476230E-03
        7631   2.86492991      0.137667283       2.02095183E-03
        7641   2.88406706      0.137667611       1.80666265E-03
        7651   2.90106082      0.137667835       1.59214204E-03
        7661   2.91590953      0.137668043       1.37756253E-03
        7671   2.92861295      0.137668148       1.16303610E-03
        7681   2.93917179      0.137668252       9.48626548E-04
        7691   2.94758725      0.137668297       7.34359201E-04
        7701   2.95386076      0.137668386       5.20230096E-04
        7711   2.95799351      0.137668431       3.06213391E-04
        7721   2.95998621      0.137668505       9.22684849E-05
        7731   2.95983958      0.137668580      -1.21653837E-04
        7741   2.95755339      0.137668654      -3.35605291E-04
        7751   2.95312715      0.137668714      -5.49634220E-04
        7761   2.94655991      0.137668714      -7.63779623E-04
        7771   2.93785048      0.137668744      -9.78064723E-04
        7781   2.92699742      0.137668654      -1.19248987E-03
        7791   2.91399956      0.137668490      -1.40702492E-03
        7801   2.89885640      0.137668267      -1.62160012E-03
        7811   2.88156819      0.137667894      -1.83609570E-03
        7821   2.86213684      0.137667343      -2.05032970E-03
        7831   2.84056640      0.137666523      -2.26404332E-03
        7841   2.81686401      0.137665391      -2.47688359E-03
        7851   2.79104114      0.137663811      -2.68838345E-03
        7861   2.76311445      0.137661651      -2.89793732E-03
        7871   2.73310781      0.137658775      -3.10477219E-03
        7881   2.70105386      0.137654960      -3.30791483E-03
        7891   2.66699600      0.137649953      -3.50615242E-03
        7901   2.63099170      0.137643456      -3.69798811E-03
        7911   2.59311509      0.137635127      -3.88159021E-03
        7921   2.55346036      0.137624428      -4.05473728E-03
        7931   2.51214695      0.137610927      -4.21475712E-03
        7941   2.46932340      0.137594074      -4.35846811E-03
        7951   2.42517304      0.137573183      -4.48212121E-03
        7961   2.37992001      0.137547582      -4.58135316E-03
        7971   2.33383560      0.137516677      -4.65116464E-03
        7981   2.28724384      0.137479961      -4.68593091E-03
        7991   2.24052811      0.137437075      -4.67947172E-03
        8001   2.19413495      0.137387991      -4.62519797E-03
        8011   2.14857745      0.137333095      -4.51636454E-03
        8021   2.10443401      0.137273133      -4.34644707E-03
        8031   2.06234312      0.137209415      -4.10966016E-03
        8041   2.02299261      0.137143448      -3.80160287E-03
        8051   1.98710167      0.137076735      -3.41999833E-03
        8061   1.95539570      0.137010515      -2.96544633E-03
        8071   1.92857432      0.136945337      -2.44207191E-03
        8081   1.90727484      0.136881009      -1.85792544E-03
        8091   1.89203393      0.136816725      -1.22499699E-03
        8101   1.88325155      0.136752144      -5.58751286E-04
        8111   1.88116288      0.136687279       1.22823461E-04
        8121   1.88582063      0.136623651       8.00547539E-04
        8131   1.89709139      0.136564165       1.45556987E-03
        8141   1.91466641      0.136512354       2.07083113E-03
        8151   1.93808460      0.136471480       2.63224216E-03
        8161   1.96676493      0.136443749       3.12942266E-03
        8171   2.00004292      0.136430025       3.55595117E-03
        8181   2.03720903      0.136429071       3.90917622E-03
        8191   2.07754159      0.136438861       4.18970082E-03
        8201   2.12033629      0.136456475       4.40068590E-03
        8211   2.16492772      0.136478946       4.54710377E-03
        8221   2.21070385      0.136503607       4.63503785E-03
        8231   2.25711441      0.136528403       4.67109447E-03
        8241   2.30367446      0.136551857       4.66194516E-03
        8251   2.34996367      0.136573061       4.61400347E-03
        8261   2.39562297      0.136591583       4.53321682E-03
        8271   2.44034934      0.136607304       4.42495150E-03
        8281   2.48389053      0.136620402       4.29394655E-03
        8291   2.52603817      0.136631042       4.14431607E-03
        8301   2.56662202      0.136639535       3.97958234E-03
        8311   2.60550499      0.136646226       3.80272418E-03
        8321   2.64257717      0.136651456       3.61623615E-03
        8331   2.67775154      0.136655450       3.42218718E-03
        8341   2.71096015      0.136658490       3.22227925E-03
        8351   2.74215055      0.136660740       3.01789981E-03
        8361   2.77128315      0.136662394       2.81017064E-03
        8371   2.79832840      0.136663646       2.59998906E-03
        8381   2.82326484      0.136664540       2.38806568E-03
        8391   2.84607744      0.136665180       2.17495463E-03
        8401   2.86675596      0.136665598       1.96108129E-03
        8411   2.88529444      0.136665910       1.74676452E-03
        8421   2.90168905      0.136666059       1.53223588E-03
        8431   2.91593862      0.136666223       1.31765555E-03
        8441   2.92804289      0.136666328       1.10312633E-03
        8451   2.93800259      0.136666402       8.88704963E-04
        8461   2.94581866      0.136666462       6.74412120E-04
        8471   2.95149231      0.136666492       4.60240932E-04
        8481   2.95502472      0.136666521       2.46164418E-04
        8491   2.95641661      0.136666626       3.21425032E-05
        8501   2.95566821      0.136666700      -1.81871859E-04
        8511   2.95277929      0.136666760      -3.95926589E-04
        8521   2.94774914      0.136666760      -6.10064599E-04
        8531   2.94057703      0.136666760      -8.24317394E-04
        8541   2.93126178      0.136666760      -1.03869848E-03
        8551   2.91980219      0.136666685      -1.25319650E-03
        8561   2.90619731      0.136666566      -1.46776636E-03
        8571   2.89044690      0.136666238      -1.68232014E-03
        8581   2.87255216      0.136665821      -1.89671607E-03
        8591   2.85251570      0.136665151      -2.11074552E-03
        8601   2.83034301      0.136664212      -2.32411735E-03
        8611   2.80604291      0.136662930      -2.53644027E-03
        8621   2.77962875      0.136661187      -2.74720090E-03
        8631   2.75111961      0.136658788      -2.95573846E-03
        8641   2.72054267      0.136655644      -3.16121429E-03
        8651   2.68793416      0.136651456      -3.36257741E-03
        8661   2.65334249      0.136646017      -3.55852349E-03
        8671   2.61683059      0.136638954      -3.74744879E-03
        8681   2.57847953      0.136629924      -3.92739754E-03
        8691   2.53839183      0.136618420      -4.09600651E-03
        8701   2.49669647      0.136603981      -4.25044447E-03
        8711   2.45355320      0.136585921      -4.38735262E-03
        8721   2.40915871      0.136563644      -4.50279238E-03
        8731   2.36375237      0.136536554      -4.59220633E-03
        8741   2.31762242      0.136503994      -4.65040468E-03
        8751   2.27111173      0.136465564      -4.67159739E-03
        8761   2.22462344      0.136420995      -4.64948546E-03
        8771   2.17862535      0.136370406      -4.57744254E-03
        8781   2.13365078      0.136314243      -4.44880500E-03
        8791   2.09029675      0.136253536      -4.25729575E-03
        8801   2.04921675      0.136189684      -3.99757968E-03
        8811   2.01110816      0.136124149      -3.66594316E-03
        8821   1.97669125      0.136058345      -3.26103996E-03
        8831   1.94668221      0.135993242      -2.78461399E-03
        8841   1.92175949      0.135929227      -2.24207202E-03
        8851   1.90252662      0.135865837      -1.64276152E-03
        8861   1.88947463      0.135802358      -9.99829965E-04
        8871   1.88294852      0.135738343      -3.29596631E-04
        8881   1.88312209      0.135674566       3.49530485E-04
        8891   1.88998556      0.135612786       1.01846084E-03
        8901   1.90334654      0.135556102       1.65893137E-03
        8911   1.92284477      0.135508180       2.25488073E-03
        8921   1.94797873      0.135471940       2.79348367E-03
        8931   1.97813952      0.135449156       3.26572126E-03
        8941   2.01264811      0.135439813       3.66647751E-03
        8951   2.05079126      0.135442629       3.99423204E-03
        8961   2.09185481      0.135455087       4.25047940E-03
        8971   2.13514853      0.135474294       4.43900796E-03
        8981   2.18002653      0.135497436       4.56517190E-03
        8991   2.22589898      0.135522008       4.63522691E-03
        9001   2.27223921      0.135546193       4.65578912E-03
        9011   2.31858540      0.135568723       4.63342620E-03
        9021   2.36453867      0.135588855       4.57437430E-03
        9031   2.40975976      0.135606259       4.48436430E-03
        9041   2.45396352      0.135620922       4.36853198E-03
        9051   2.49691296      0.135633051       4.23138821E-03
        9061   2.53841305      0.135642856       4.07683244E-03
        9071   2.57830501      0.135650665       3.90819088E-03
        9081   2.61646080      0.135656804       3.72826913E-03
        9091   2.65277815      0.135661557       3.53941065E-03
        9101   2.68717647      0.135665178       3.34355468E-03
        9111   2.71959305      0.135667890       3.14229284E-03
        9121   2.74997950      0.135669917       2.93692038E-03
        9131   2.77829933      0.135671377       2.72848131E-03
        9141   2.80452561      0.135672435       2.51780916E-03
        9151   2.82863903      0.135673225       2.30556144E-03
        9161   2.85062575      0.135673791       2.09224923E-03
        9171   2.87047696      0.135674134       1.87826250E-03
        9181   2.88818693      0.135674372       1.66389171E-03
        9191   2.90375280      0.135674521       1.44934538E-03
        9201   2.91717339      0.135674581       1.23476575E-03
        9211   2.92844868      0.135674655       1.02024165E-03
        9221   2.93757939      0.135674730       8.05819407E-04
        9231   2.94456649      0.135674775       5.91512071E-04
        9241   2.94941092      0.135674790       3.77308228E-04
        9251   2.95211363      0.135674834       1.63178571E-04
        9261   2.95267510      0.135674894      -5.09168894E-05
        9271   2.95109558      0.135674968      -2.65022798E-04
        9281   2.94737458      0.135675013      -4.79182403E-04
        9291   2.94151139      0.135675028      -6.93431299E-04
        9301   2.93350506      0.135674983      -9.07791196E-04
        9311   2.92335463      0.135674968      -1.12226268E-03
        9321   2.91105914      0.135674834      -1.33681810E-03
        9331   2.89661813      0.135674655      -1.55139191E-03
        9341   2.88003206      0.135674298      -1.76587142E-03
        9351   2.86130309      0.135673821      -1.98008446E-03
        9361   2.84043503      0.135673046      -2.19378527E-03
        9371   2.81743503      0.135671973      -2.40663835E-03
        9381   2.79231405      0.135670498      -2.61819875E-03
        9391   2.76508832      0.135668486      -2.82788859E-03
        9401   2.73578072      0.135665804      -3.03497002E-03
        9411   2.70442224      0.135662228      -3.23851337E-03
        9421   2.67105484      0.135657549      -3.43735912E-03
        9431   2.63573337      0.135651469      -3.63007560E-03
        9441   2.59852862      0.135643616      -3.81491054E-03
        9451   2.55953121      0.135633633      -3.98973702E-03
        9461   2.51885509      0.135620967      -4.15199529E-03
        9471   2.47664261      0.135605067      -4.29863436E-03
        9481   2.43306947      0.135585383      -4.42605559E-03
        9491   2.38835049      0.135561243      -4.53006476E-03
        9501   2.34274578      0.135532022      -4.60584462E-03
        9511   2.29656649      0.135497198      -4.64796042E-03
        9521   2.25018144      0.135456413      -4.65041585E-03
        9531   2.20402074      0.135409564      -4.60678292E-03
        9541   2.15857959      0.135356948      -4.51042783E-03
        9551   2.11441803      0.135299250      -4.35485644E-03
        9561   2.07215667      0.135237634      -4.13419446E-03
        9571   2.03246713      0.135173559      -3.84379644E-03
        9581   1.99605596      0.135108531      -3.48095526E-03
        9591   1.96364117      0.135043845      -3.04564345E-03
        9601   1.93592238      0.134979978      -2.54117651E-03
        9611   1.91354525      0.134917125      -1.97466649E-03
        9621   1.89706421      0.134854570      -1.35712174E-03
        9631   1.88690639      0.134791747      -7.03096215E-04
        9641   1.88334167      0.134728506      -2.98579107E-05
        9651   1.88646305      0.134666055       6.43845589E-04
        9661   1.89617980      0.134606898       1.29925134E-03
        9671   1.91222501      0.134554371       1.91904372E-03
        9681   1.93417561      0.134511739       2.48858659E-03
        9691   1.96148205      0.134481579       2.99675320E-03
        9701   1.99350417      0.134464830       3.43628367E-03
        9711   2.02954793      0.134461075       3.80369416E-03
        9721   2.06890035      0.134468257       4.09883913E-03
        9731   2.11085868      0.134483784       4.32426250E-03
        9741   2.15475368      0.134504735       4.48446861E-03
        9751   2.19996548      0.134528413       4.58522048E-03
        9761   2.24593353      0.134552717       4.63293307E-03
        9771   2.29216123      0.134576008       4.63419175E-03
        9781   2.33821583      0.134597316       4.59540216E-03
        9791   2.38372588      0.134616077       4.52255877E-03
        9801   2.42837715      0.134632155       4.42110980E-03
        9811   2.47190642      0.134645581       4.29589534E-03
        9821   2.51409554      0.134656519       4.15113941E-03
        9831   2.55476618      0.134665355       3.99047323E-03
        9841   2.59377313      0.134672314       3.81698017E-03
        9851   2.63100028      0.134677798       3.63325118E-03
        9861   2.66635466      0.134681955       3.44144297E-03
        9871   2.69976377      0.134685129       3.24333506E-03
        9881   2.73117113      0.134687543       3.04038334E-03
        9891   2.76053333      0.134689301       2.83376873E-03
        9901   2.78781819      0.134690598       2.62444024E-03
        9911   2.81300163      0.134691507       2.41315202E-03
        9921   2.83606672      0.134692132       2.20049638E-03
        9931   2.85700178      0.134692550       1.98693085E-03
        9941   2.87579918      0.134692803       1.77280162E-03
        9951   2.89245439      0.134692997       1.55836367E-03
        9961   2.90696502      0.134693101       1.34379743E-03
        9971   2.91933036      0.134693235       1.12922257E-03
        9981   2.92955041      0.134693325       9.14710574E-04
        9991   2.93762589      0.134693384       7.00294739E-04
