           1   3.20031238       3.25700164    
          41   4.06886101       3.25576162    
          81   4.92076302       3.25184894    
         121   5.76542425       3.24985194    
         161   6.60709524       3.24899006    
         201   7.44755363       3.24863529    
         241   8.28752327       3.24849176    
         281   9.12729645       3.24843431    
         321   9.96699142       3.24841118    
         361   10.8066549       3.24840164    
         401   11.6463051       3.24839807    
         441   12.4859505       3.24839640    
         481   13.3255939       3.24839592    
         521   14.1652365       3.24839592    
         561   15.0048790       3.24839592    
         601   15.8445215       3.24839616    
         641   16.6841640       3.24839640    
         681   17.5238056       3.24839640    
         721   18.3634472       3.24839640    
         761   19.2030888       3.24839640    
         801   20.0427303       3.24839640    
         841   20.8823719       3.24839640    
         881   21.7220135       3.24839640    
         921   22.5616550       3.24839640    
         961   23.4012966       3.24839640    
        1001   24.2409382       3.24839640    
        1041   25.0805798       3.24839640    
        1081   25.9202213       3.24839640    
        1121   26.7598629       3.24839640    
        1161   27.5995045       3.24839640    
        1201   28.4391460       3.24839640    
        1241   29.2787876       3.24839640    
        1281   30.1184292       3.24839640    
        1321   30.9580708       3.24839640    
        1361   31.7977123       3.24839640    
        1401   32.6373558       3.24839640    
        1441   33.4769974       3.24839640    
        1481   34.3166389       3.24839640    
        1521   35.1562805       3.24839640    
        1561   35.9959221       3.24839640    
        1601   36.8355637       3.24839640    
        1641   37.6752052       3.24839640    
        1681   38.5148468       3.24839640    
        1721   39.3544884       3.24839640    
        1761   40.1941299       3.24839640    
        1801   41.0337715       3.24839640    
        1841   41.8734131       3.24839640    
        1881   42.7130547       3.24839640    
        1921   43.5526962       3.24839640    
        1961   44.3923378       3.24839640    
        2001   45.2319794       3.24839640    
        2041   46.0716209       3.24839640    
        2081   46.9112625       3.24839640    
        2121   47.7509041       3.24839640    
        2161   48.5905457       3.24839640    
        2201   49.4301872       3.24839640    
        2241   50.2698288       3.24839640    
        2281   51.1094704       3.24839640    
        2321   51.9491119       3.24839640    
        2361   52.7887535       3.24839640    
        2401   53.6283951       3.24839640    
        2441   54.4680367       3.24839640    
        2481   55.3076782       3.24839640    
        2521   56.1473198       3.24839640    
        2561   56.9869614       3.24839640    
        2601   57.8266029       3.24839640    
        2641   58.6662445       3.24839640    
        2681   59.5058861       3.24839640    
        2721   60.3455276       3.24839640    
        2761   61.1851692       3.24839640    
        2801   62.0248108       3.24839640    
        2841   62.8644524       3.24839640    
        2881   63.7040939       3.24839640    
        2921   64.5437393       3.24839640    
        2961   65.3833847       3.24839640    
        3001   66.2230301       3.24839640    
        3041   67.0626755       3.24839640    
        3081   67.9023209       3.24839640    
        3121   68.7419662       3.24839640    
        3161   69.5816116       3.24839640    
        3201   70.4212570       3.24839640    
        3241   71.2609024       3.24839640    
        3281   72.1005478       3.24839640    
        3321   72.9401932       3.24839640    
        3361   73.7798386       3.24839640    
        3401   74.6194839       3.24839640    
        3441   75.4591293       3.24839640    
        3481   76.2987747       3.24839640    
        3521   77.1384201       3.24839640    
        3561   77.9780655       3.24839640    
        3601   78.8177109       3.24839640    
        3641   79.6573563       3.24839640    
        3681   80.4970016       3.24839640    
        3721   81.3366470       3.24839640    
        3761   82.1762924       3.24839640    
        3801   83.0159378       3.24839640    
        3841   83.8555832       3.24839640    
        3881   84.6952286       3.24839640    
        3921   85.5348740       3.24839640    
        3961   86.3745193       3.24839640    
        4001   87.2141647       3.24839640    
        4041   88.0538101       3.24839640    
        4081   88.8934555       3.24839640    
        4121   89.7331009       3.24839640    
        4161   90.5727463       3.24839640    
        4201   91.4123917       3.24839640    
        4241   92.2520370       3.24839640    
        4281   93.0916824       3.24839640    
        4321   93.9313278       3.24839640    
        4361   94.7709732       3.24839640    
        4401   95.6106186       3.24839640    
        4441   96.4502640       3.24839640    
        4481   97.2899094       3.24839640    
        4521   98.1295547       3.24839640    
        4561   98.9692001       3.24839640    
        4601   99.8088455       3.24839640    
        4641   100.648491       3.24839640    
        4681   101.488136       3.24839640    
        4721   102.327782       3.24839640    
        4761   103.167427       3.24839640    
        4801   104.007072       3.24839640    
        4841   104.846718       3.24839640    
        4881   105.686363       3.24839640    
        4921   106.526009       3.24839640    
        4961   107.365654       3.24839640    
        5001   108.205299       3.24839640    
        5041   109.044945       3.24839640    
        5081   109.884590       3.24839640    
        5121   110.724236       3.24839640    
        5161   111.563881       3.24839640    
        5201   112.403526       3.24839640    
        5241   113.243172       3.24839640    
        5281   114.082817       3.24839640    
        5321   114.922462       3.24839640    
        5361   115.762108       3.24839640    
        5401   116.601753       3.24839640    
        5441   117.441399       3.24839640    
        5481   118.281044       3.24839640    
        5521   119.120689       3.24839640    
        5561   119.960335       3.24839640    
        5601   120.799980       3.24839640    
        5641   121.639626       3.24839640    
        5681   122.479271       3.24839640    
        5721   123.318916       3.24839640    
        5761   124.158562       3.24839640    
        5801   124.998207       3.24839640    
        5841   125.837852       3.24839640    
        5881   126.677498       3.24839640    
        5921   127.517143       3.24839640    
        5961   128.356781       3.24839640    
        6001   129.196426       3.24839640    
        6041   130.036072       3.24839640    
        6081   130.875717       3.24839640    
        6121   131.715363       3.24839640    
        6161   132.555008       3.24839640    
        6201   133.394653       3.24839640    
        6241   134.234299       3.24839640    
        6281   135.073944       3.24839640    
        6321   135.913589       3.24839640    
        6361   136.753235       3.24839640    
        6401   137.592880       3.24839640    
        6441   138.432526       3.24839640    
        6481   139.272171       3.24839640    
        6521   140.111816       3.24839640    
        6561   140.951462       3.24839640    
        6601   141.791107       3.24839640    
        6641   142.630753       3.24839640    
        6681   143.470398       3.24839640    
        6721   144.310043       3.24839640    
        6761   145.149689       3.24839640    
        6801   145.989334       3.24839640    
        6841   146.828979       3.24839640    
        6881   147.668625       3.24839640    
        6921   148.508270       3.24839640    
        6961   149.347916       3.24839640    
        7001   150.187561       3.24839640    
        7041   151.027206       3.24839640    
        7081   151.866852       3.24839640    
        7121   152.706497       3.24839640    
        7161   153.546143       3.24839640    
        7201   154.385788       3.24839640    
        7241   155.225433       3.24839640    
        7281   156.065079       3.24839640    
        7321   156.904724       3.24839640    
        7361   157.744370       3.24839640    
        7401   158.584015       3.24839640    
        7441   159.423660       3.24839640    
        7481   160.263306       3.24839640    
        7521   161.102951       3.24839640    
        7561   161.942596       3.24839640    
        7601   162.782242       3.24839640    
        7641   163.621887       3.24839640    
        7681   164.461533       3.24839640    
        7721   165.301178       3.24839640    
        7761   166.140823       3.24839640    
        7801   166.980469       3.24839640    
        7841   167.820114       3.24839640    
        7881   168.659760       3.24839640    
        7921   169.499405       3.24839640    
        7961   170.339050       3.24839640    
        8001   171.178696       3.24839640    
        8041   172.018341       3.24839640    
        8081   172.857986       3.24839640    
        8121   173.697632       3.24839640    
        8161   174.537277       3.24839640    
        8201   175.376923       3.24839640    
        8241   176.216568       3.24839640    
        8281   177.056213       3.24839640    
        8321   177.895859       3.24839640    
        8361   178.735504       3.24839640    
        8401   179.575150       3.24839640    
        8441   180.414795       3.24839640    
        8481   181.254440       3.24839640    
        8521   182.094086       3.24839640    
        8561   182.933731       3.24839640    
        8601   183.773376       3.24839640    
        8641   184.613022       3.24839640    
        8681   185.452667       3.24839640    
        8721   186.292313       3.24839640    
        8761   187.131958       3.24839640    
        8801   187.971603       3.24839640    
        8841   188.811249       3.24839640    
        8881   189.650894       3.24839640    
        8921   190.490540       3.24839640    
        8961   191.330185       3.24839640    
        9001   192.169830       3.24839640    
        9041   193.009476       3.24839640    
        9081   193.849121       3.24839640    
        9121   194.688766       3.24839640    
        9161   195.528412       3.24839640    
        9201   196.368057       3.24839640    
        9241   197.207703       3.24839640    
        9281   198.047348       3.24839640    
        9321   198.886993       3.24839640    
        9361   199.726639       3.24839640    
        9401   200.566284       3.24839640    
        9441   201.405930       3.24839640    
        9481   202.245575       3.24839640    
        9521   203.085220       3.24839640    
        9561   203.924866       3.24839640    
        9601   204.764511       3.24839640    
        9641   205.604156       3.24839640    
        9681   206.443802       3.24839640    
        9721   207.283447       3.24839640    
        9761   208.123093       3.24839640    
        9801   208.962738       3.24839640    
        9841   209.802383       3.24839640    
        9881   210.642029       3.24839640    
        9921   211.481674       3.24839640    
        9961   212.321320       3.24839640    
