           1   2.99574828      0.148290336    
          21   2.98297668      0.148291349    
          41   2.96166897      0.148291469    
          61   2.93180490      0.148290068    
          81   2.89337015      0.148285747    
         101   2.84637284      0.148276493    
         121   2.79086995      0.148258865    
         141   2.72700524      0.148227438    
         161   2.65506530      0.148173586    
         181   2.57556033      0.148084298    
         201   2.48933530      0.147940397    
         221   2.39771843      0.147715792    
         241   2.30270219      0.147378549    
         261   2.20713329      0.146896854    
         281   2.11485219      0.146250263    
         301   2.03067064      0.145442396    
         321   1.96004665      0.144502968    
         341   1.90837979      0.143471107    
         361   1.88003016      0.142383844    
         381   1.87739658      0.141300887    
         401   1.90042746      0.140336186    
         421   1.94672716      0.139622971    
         441   2.01214814      0.139227465    
         461   2.09161973      0.139109746    
         481   2.17996025      0.139165699    
         501   2.27248383      0.139292255    
         521   2.36532688      0.139422819    
         541   2.45552611      0.139528036    
         561   2.54093647      0.139602154    
         581   2.62007904      0.139649853    
         601   2.69197822      0.139678523    
         621   2.75601912      0.139694721    
         641   2.81183505      0.139703423    
         661   2.85922241      0.139707848    
         681   2.89808130      0.139710143    
         701   2.92837262      0.139711469    
         721   2.95008969      0.139712438    
         741   2.96323967      0.139713377    
         761   2.96783090      0.139714316    
         781   2.96386719      0.139715239    
         801   2.95134473      0.139715806    
         821   2.93025446      0.139715418    
         841   2.90058827      0.139713302    
         861   2.86235023      0.139708057    
         881   2.81557488      0.139697403    
         901   2.76035523      0.139677584    
         921   2.69688463      0.139642999    
         941   2.62551570      0.139584690    
         961   2.54684520      0.139489263    
         981   2.46182871      0.139337659    
        1001   2.37192917      0.139104828    
        1021   2.27929091      0.138761967    
        1041   2.18690872      0.138282940    
        1061   2.09872603      0.137655348    
        1081   2.01954889      0.136890084    
        1101   1.95465612      0.136017993    
        1121   1.90906477      0.135073021    
        1141   1.88659847      0.134087726    
        1161   1.88908887      0.133122146    
        1181   1.91602671      0.132284015    
        1201   1.96475995      0.131685913    
        1221   2.03110552      0.131371260    
        1241   2.11014032      0.131292418    
        1261   2.19693971      0.131354466    
        1281   2.28710818      0.131469831    
        1301   2.37704706      0.131584138    
        1321   2.46400380      0.131674558    
        1341   2.54598498      0.131737411    
        1361   2.62161088      0.131777301    
        1381   2.68996572      0.131800860    
        1401   2.75046635      0.131813794    
        1421   2.80275917      0.131820425    
        1441   2.84664249      0.131823555    
        1461   2.88201141      0.131824970    
        1481   2.90881848      0.131825686    
        1501   2.92704797      0.131826207    
        1521   2.93669772      0.131826714    
        1541   2.93776965      0.131827250    
        1561   2.93026352      0.131827578    
        1581   2.91417718      0.131827265    
        1601   2.88951015      0.131825671    
        1621   2.85627270      0.131821573    
        1641   2.81450105      0.131813169    
        1661   2.76428151      0.131797433    
        1681   2.70578599      0.131769642    
        1701   2.63932395      0.131722569    
        1721   2.56541514      0.131645337    
        1741   2.48488903      0.131522208    
        1761   2.39901590      0.131332219    
        1781   2.30966306      0.131050318    
        1801   2.21945763      0.130651981    
        1821   2.13190532      0.130122036    
        1841   2.05137396      0.129464075    
        1861   1.98283017      0.128701717    
        1881   1.93125701      0.127866015    
        1901   1.90082169      0.126984060    
        1921   1.89404666      0.126094490    
        1941   1.91130185      0.125276908    
        1961   1.95079660      0.124637142    
        1981   2.00902367      0.124245048    
        2001   2.08146167      0.124090023    
        2021   2.16331148      0.124099568    
        2041   2.25008798      0.124188602    
        2061   2.33797741      0.124294840    
        2081   2.42396545      0.124386363    
        2101   2.50580382      0.124453366    
        2121   2.58189321      0.124497369    
        2141   2.65114141      0.124523938    
        2161   2.71283031      0.124538720    
        2181   2.76650620      0.124546245    
        2201   2.81189513      0.124549620    
        2221   2.84884167      0.124550901    
        2241   2.87726378      0.124551259    
        2261   2.89712310      0.124551341    
        2281   2.90840411      0.124551423    
        2301   2.91110206      0.124551453    
        2321   2.90521622      0.124551453    
        2341   2.89074755      0.124550819    
        2361   2.86770296      0.124548957    
        2381   2.83610344      0.124544650    
        2401   2.79599977      0.124536082    
        2421   2.74749589      0.124520347    
        2441   2.69078469      0.124492973    
        2461   2.62619853      0.124446951    
        2481   2.55428123      0.124371976    
        2501   2.47588444      0.124253407    
        2521   2.39229298      0.124071971    
        2541   2.30537200      0.123805165    
        2561   2.21771765      0.123431727    
        2581   2.13275862      0.122939661    
        2601   2.05472851      0.122334003    
        2621   1.98840296      0.121637225    
        2641   1.93854439      0.120876983    
        2661   1.90912127      0.120076567    
        2681   1.90253592      0.119269490    
        2701   1.91915023      0.118525296    
        2721   1.95727348      0.117938221    
        2741   2.01357245      0.117571995    
        2761   2.08372808      0.117420360    
        2781   2.16313004      0.117420636    
        2801   2.24744129      0.117496848    
        2821   2.33294535      0.117591731    
        2841   2.41667986      0.117674932    
        2861   2.49641466      0.117736422    
        2881   2.57054615      0.117776930    
        2901   2.63796616      0.117801249    
        2921   2.69793534      0.117814556    
        2941   2.74997807      0.117821030    
        2961   2.79379988      0.117823586    
        2981   2.82922697      0.117824204    
        3001   2.85616255      0.117824011    
        3021   2.87455630      0.117823623    
        3041   2.88438463      0.117823280    
        3061   2.88563800      0.117822878    
        3081   2.87831521      0.117822297    
        3101   2.86242199      0.117820978    
        3121   2.83797598      0.117818117    
        3141   2.80501699      0.117812417    
        3161   2.76362443      0.117801741    
        3181   2.71394515      0.117782831    
        3201   2.65623236      0.117750630    
        3221   2.59090257      0.117697507    
        3241   2.51861310      0.117612474    
        3261   2.44036460      0.117480412    
        3281   2.35762858      0.117282555    
        3301   2.27248955      0.116998628    
        3321   2.18777251      0.116612375    
        3341   2.10709906      0.116119146    
        3361   2.03478265      0.115530811    
        3381   1.97547853      0.114871338    
        3401   1.93356872      0.114163950    
        3421   1.91240358      0.113428980    
        3441   1.91364789      0.112704724    
        3461   1.93697417      0.112063438    
        3481   1.98019290      0.111586541    
        3501   2.03973317      0.111313567    
        3521   2.11129236      0.111220837    
        3541   2.19046712      0.111245103    
        3561   2.27322841      0.111321375    
        3581   2.35618877      0.111405082    
        3601   2.43668103      0.111474618    
        3621   2.51271224      0.111524194    
        3641   2.58285475      0.111555807    
        3661   2.64612246      0.111574024    
        3681   2.70185637      0.111583404    
        3701   2.74963021      0.111587413    
        3721   2.78917789      0.111588478    
        3741   2.82034016      0.111588180    
        3761   2.84302592      0.111587383    
        3781   2.85718656      0.111586526    
        3801   2.86279845      0.111585729    
        3821   2.85985351      0.111584872    
        3841   2.84835505      0.111583523    
        3861   2.82832026      0.111581028    
        3881   2.79978776      0.111576304    
        3901   2.76283193      0.111567557    
        3921   2.71758652      0.111552104    
        3941   2.66427875      0.111525692    
        3961   2.60327911      0.111482099    
        3981   2.53516841      0.111412033    
        4001   2.46082926      0.111302868    
        4021   2.38155937      0.111138396    
        4041   2.29920292      0.110900499    
        4061   2.21627665      0.110573158    
        4081   2.13604736      0.110148892    
        4101   2.06248569      0.109634429    
        4121   2.00001383      0.109049559    
        4141   1.95300281      0.108416371    
        4161   1.92508388      0.107752301    
        4181   1.91847312      0.107082292    
        4201   1.93354928      0.106459752    
        4221   1.96882832      0.105959490    
        4241   2.02131009      0.105635926    
        4261   2.08705258      0.105489478    
        4281   2.16179180      0.105473861    
        4301   2.24145937      0.105528072    
        4321   2.32251406      0.105603442    
        4341   2.40208507      0.105672285    
        4361   2.47797108      0.105724178    
        4381   2.54855824      0.105758622    
        4401   2.61270571      0.105779037    
        4421   2.66963339      0.105789766    
        4441   2.71882319      0.105794400    
        4461   2.75994182      0.105795614    
        4481   2.79278159      0.105795138    
        4501   2.81721807      0.105793960    
        4521   2.83318043      0.105792657    
        4541   2.84063172      0.105791397    
        4561   2.83955669      0.105790101    
        4581   2.82995701      0.105788365    
        4601   2.81185174      0.105785690    
        4621   2.78528404      0.105780914    
        4641   2.75033522      0.105772465    
        4661   2.70714617      0.105757684    
        4681   2.65595150      0.105732717    
        4701   2.59712577      0.105691679    
        4721   2.53124857      0.105626084    
        4741   2.45919061      0.105524369    
        4761   2.38222098      0.105371878    
        4781   2.30212951      0.105152294    
        4801   2.22134519      0.104851410    
        4821   2.14300728      0.104462713    
        4841   2.07092357      0.103992440    
        4861   2.00933886      0.103458509    
        4881   1.96247160      0.102881014    
        4901   1.93387330      0.102275267    
        4921   1.92578614      0.101661846    
        4941   1.93872213      0.101085626    
        4961   1.97140563      0.100613102    
        4981   2.02107191      0.100296915    
        5001   2.08399510      0.100143462    
        5021   2.15607643      0.100115061    
        5041   2.23334908      0.100157127    
        5061   2.31231618      0.100223631    
        5081   2.39010739      0.100286961    
        5101   2.46449542      0.100335725    
        5121   2.53382778      0.100368403    
        5141   2.59692240      0.100387797    
        5161   2.65295982      0.100397810    
        5181   2.70138812      0.100401938    
        5201   2.74184537      0.100402646    
        5221   2.77410150      0.100401700    
        5241   2.79801512      0.100400031    
        5261   2.81350350      0.100398272    
        5281   2.82052231      0.100396611    
        5301   2.81905341      0.100394897    
        5321   2.80909967      0.100392714    
        5341   2.79068661      0.100389458    
        5361   2.76386929      0.100383930    
        5381   2.72874737      0.100374505    
        5401   2.68548775      0.100358345    
        5421   2.63436055      0.100331470    
        5441   2.57578754      0.100287914    
        5461   2.51040840      0.100219145    
        5481   2.43916774      0.100113846    
        5501   2.36342072       9.99581441E-02
        5521   2.28504944       9.97374803E-02
        5541   2.20656610       9.94404256E-02
        5561   2.13116002       9.90639031E-02
        5581   2.06262159       9.86167341E-02
        5601   2.00507641       9.81167406E-02
        5621   1.96250677       9.75812152E-02
        5641   1.93813241       9.70231593E-02
        5661   1.93383014       9.64631364E-02
        5681   1.94979167       9.59457457E-02
        5701   1.98452985       9.55312401E-02
        5721   2.03520465       9.52619761E-02
        5741   2.09814000       9.51374769E-02
        5761   2.16937661       9.51204523E-02
        5781   2.24513078       9.51617807E-02
        5801   2.32209110       9.52217504E-02
        5821   2.39754963       9.52772573E-02
        5841   2.46940684       9.53191519E-02
        5861   2.53610301       9.53466445E-02
        5881   2.59651852       9.53624994E-02
        5901   2.64987302       9.53700989E-02
        5921   2.69563770       9.53726768E-02
        5941   2.73346257       9.53723490E-02
        5961   2.76312327       9.53706950E-02
        5981   2.78448033       9.53685716E-02
        6001   2.79745150       9.53664035E-02
        6021   2.80199409       9.53643546E-02
        6041   2.79809380       9.53621194E-02
        6061   2.78576183       9.53593105E-02
        6081   2.76503778       9.53550413E-02
        6101   2.73599935       9.53480452E-02
        6121   2.69877982       9.53362361E-02
        6141   2.65359592       9.53165591E-02
        6161   2.60078645       9.52844024E-02
        6181   2.54086757       9.52331722E-02
        6201   2.47460485       9.51538756E-02
        6221   2.40310383       9.50349197E-02
        6241   2.32791686       9.48631689E-02
        6261   2.25114894       9.46263596E-02
        6281   2.17553592       9.43173692E-02
        6301   2.10444140       9.39385742E-02
        6321   2.04170871       9.35028493E-02
        6341   1.99131930       9.30272341E-02
        6361   1.95686877       9.25252661E-02
        6381   1.94097555       9.20089260E-02
        6401   1.94480658       9.15039703E-02
        6421   1.96788192       9.10585672E-02
        6441   2.00820947       9.07247961E-02
        6461   2.06268072       9.05275345E-02
        6481   2.12758899       9.04523432E-02
        6501   2.19913125       9.04589742E-02
        6521   2.27379107       9.05046239E-02
        6541   2.34856081       9.05584544E-02
        6561   2.42102051       9.06043798E-02
        6581   2.48931408       9.06371251E-02
        6601   2.55207181       9.06574577E-02
        6621   2.60831380       9.06682014E-02
        6641   2.65735817       9.06724930E-02
        6661   2.69874263       9.06729773E-02
        6681   2.73216105       9.06714648E-02
        6701   2.75741649       9.06691030E-02
        6721   2.77438736       9.06665027E-02
        6741   2.78300452       9.06640142E-02
        6761   2.78323579       9.06615034E-02
        6781   2.77507997       9.06586424E-02
        6801   2.75856614       9.06547755E-02
        6821   2.73376060       9.06488001E-02
        6841   2.70078063       9.06390473E-02
        6861   2.65981746       9.06229019E-02
        6881   2.61117053       9.05966088E-02
        6901   2.55529451       9.05546919E-02
        6921   2.49286246       9.04894620E-02
        6941   2.42484760       9.03910622E-02
        6961   2.35261893       9.02477801E-02
        6981   2.27804375       9.00479928E-02
        7001   2.20357275       8.97834525E-02
        7021   2.13226604       8.94535705E-02
        7041   2.06770468       8.90673548E-02
        7061   2.01373172       8.86401385E-02
        7081   1.97401047       8.81857425E-02
        7101   1.95147252       8.77139643E-02
        7121   1.94780767       8.72411728E-02
        7141   1.96316695       8.68033022E-02
        7161   1.99617076       8.64491612E-02
        7181   2.04419804       8.62141550E-02
        7201   2.10384727       8.60996842E-02
        7221   2.17143250       8.60769227E-02
        7241   2.24340153       8.61059427E-02
        7261   2.31661367       8.61532539E-02
        7281   2.38846946       8.61985013E-02
        7301   2.45692635       8.62330496E-02
        7321   2.52044463       8.62555951E-02
        7341   2.57790136       8.62681195E-02
        7361   2.62850046       8.62735510E-02
        7381   2.67169118       8.62745643E-02
        7401   2.70710158       8.62730742E-02
        7421   2.73448706       8.62704813E-02
        7441   2.75369239       8.62675533E-02
        7461   2.76462483       8.62646624E-02
        7481   2.76723695       8.62617418E-02
        7501   2.76151776       8.62586200E-02
        7521   2.74749041       8.62546936E-02
        7541   2.72521663       8.62489715E-02
        7561   2.69480920       8.62399414E-02
        7581   2.65645266       8.62252787E-02
        7601   2.61043429       8.62016231E-02
        7621   2.55718756       8.61639977E-02
        7641   2.49735117       8.61056447E-02
        7661   2.43184376       8.60176459E-02
        7681   2.36195374       8.58894885E-02
        7701   2.28943563       8.57105181E-02
        7721   2.21659207       8.54728147E-02
        7741   2.14630842       8.51749927E-02
        7761   2.08198476       8.48243684E-02
        7781   2.02731562       8.44346136E-02
        7801   1.98589706       8.40190053E-02
        7821   1.96071434       8.35863948E-02
        7841   1.95364082       8.31489637E-02
        7861   1.96511090       8.27353075E-02
        7881   1.99407041       8.23887289E-02
        7901   2.03820324       8.21460783E-02
        7921   2.09434533       8.20158720E-02
        7941   2.15895796       8.19769800E-02
        7961   2.22854853       8.19939747E-02
        7981   2.29996586       8.20342004E-02
        8001   2.37055635       8.20761472E-02
        8021   2.43820286       8.21096525E-02
        8041   2.50128603       8.21320862E-02
        8061   2.55860949       8.21448043E-02
        8081   2.60931373       8.21503699E-02
        8101   2.65279627       8.21512789E-02
        8121   2.68864512       8.21496099E-02
        8141   2.71658468       8.21467042E-02
        8161   2.73643732       8.21434036E-02
        8181   2.74809480       8.21401104E-02
        8201   2.75150013       8.21368545E-02
        8221   2.74663711       8.21334124E-02
        8241   2.73352790       8.21292251E-02
        8261   2.71223664       8.21233392E-02
        8281   2.68288136       8.21142569E-02
        8301   2.64565444       8.20997506E-02
        8321   2.60085249       8.20765495E-02
        8341   2.54891896       8.20399225E-02
        8361   2.49050164       8.19834918E-02
        8381   2.42652440       8.18989649E-02
        8401   2.35827255       8.17766711E-02
        8421   2.28748345       8.16069767E-02
        8441   2.21642208       8.13830867E-02
        8461   2.14790797       8.11042860E-02
        8481   2.08524418       8.07778612E-02
        8501   2.03200269       8.04166198E-02
        8521   1.99164891       8.00324157E-02
        8541   1.96705544       7.96330273E-02
        8561   1.96002960       7.92291537E-02
        8581   1.97100282       7.88463727E-02
        8601   1.99898064       7.85236806E-02
        8621   2.04175258       7.82950372E-02
        8641   2.09628153       7.81692863E-02
        8661   2.15915298       7.81284124E-02
        8681   2.22697783       7.81405568E-02
        8701   2.29668069       7.81756267E-02
        8721   2.36565518       7.82133713E-02
        8741   2.43180704       7.82438144E-02
        8761   2.49352384       7.82641992E-02
        8781   2.54960513       7.82755464E-02
        8801   2.59918213       7.82801956E-02
        8821   2.64164066       7.82804936E-02
        8841   2.67655683       7.82782957E-02
        8861   2.70364523       7.82749578E-02
        8881   2.72272038       7.82712847E-02
        8901   2.73366880       7.82676414E-02
        8921   2.73643136       7.82640204E-02
        8941   2.73099375       7.82601908E-02
        8961   2.71738338       7.82555342E-02
        8981   2.69567466       7.82490522E-02
        9001   2.66600156       7.82391801E-02
        9021   2.62857866       7.82236755E-02
        9041   2.58373237       7.81991035E-02
        9061   2.53194499       7.81608224E-02
        9081   2.47391200       7.81024396E-02
        9101   2.41061401       7.80159533E-02
        9121   2.34339976       7.78923929E-02
        9141   2.27406955       7.77233839E-02
        9161   2.20493913       7.75038153E-02
        9181   2.13884807       7.72347525E-02
        9201   2.07906604       7.69244805E-02
        9221   2.02905846       7.65850246E-02
        9241   1.99210405       7.62265921E-02
        9261   1.97082770       7.58557096E-02
        9281   1.96676946       7.54834041E-02
        9301   1.98012638       7.51349851E-02
        9321   2.00974488       7.48466179E-02
        9341   2.05335093       7.46468306E-02
        9361   2.10793471       7.45403469E-02
        9381   2.17017698       7.45084286E-02
        9401   2.23682022       7.45217875E-02
        9421   2.30492854       7.45538250E-02
        9441   2.37202287       7.45871067E-02
        9461   2.43611360       7.46132806E-02
        9481   2.49566793       7.46302828E-02
        9501   2.54954243       7.46392012E-02
        9521   2.59690666       7.46421739E-02
        9541   2.63717175       7.46413767E-02
        9561   2.66992974       7.46385083E-02
        9581   2.69490504       7.46347457E-02
        9601   2.71191883       7.46307522E-02
        9621   2.72086358       7.46267512E-02
        9641   2.72168732       7.46228024E-02
        9661   2.71438503       7.46185109E-02
        9681   2.69899797       7.46131837E-02
        9701   2.67562056       7.46056885E-02
        9721   2.64441514       7.45943710E-02
        9741   2.60563493       7.45766163E-02
        9761   2.55965924       7.45488852E-02
        9781   2.50703955       7.45062232E-02
        9801   2.44855952       7.44421259E-02
        9821   2.38530850       7.43488371E-02
        9841   2.31876040       7.42180869E-02
        9861   2.25084949       7.40431100E-02
        9881   2.18401337       7.38212392E-02
        9901   2.12117076       7.35560656E-02
        9921   2.06558609       7.32571632E-02
        9941   2.02059579       7.29356259E-02
        9961   1.98920894       7.25991800E-02
        9981   1.97366011       7.22536892E-02
