           1   3.00000000      0.148571625      -2.12585655E-04
          11   2.99787426      0.148854136      -4.25171311E-04
          21   2.99362254      0.149136499      -6.37842866E-04
          31   2.98724413      0.149418831      -8.50681099E-04
          41   2.97873735      0.149701133      -1.06375664E-03
          51   2.96809983      0.149983585      -1.27712393E-03
          61   2.95532870      0.150266483      -1.49081543E-03
          71   2.94042063      0.150550038      -1.70483405E-03
          81   2.92337227      0.150834739      -1.91914523E-03
          91   2.90418077      0.151121303      -2.13366677E-03
         101   2.88284421      0.151410669      -2.34825746E-03
         111   2.85936165      0.151704058      -2.56270287E-03
         121   2.83373451      0.152003139      -2.77669868E-03
         131   2.80596757      0.152310222      -2.98983068E-03
         141   2.77606916      0.152628183      -3.20155034E-03
         151   2.74405360      0.152960867      -3.41114542E-03
         161   2.70994210      0.153313279      -3.61770531E-03
         171   2.67376494      0.153691739      -3.82007984E-03
         181   2.63556409      0.154104456      -4.01682965E-03
         191   2.59539580      0.154561743      -4.20616940E-03
         201   2.55333400      0.155076519      -4.38590022E-03
         211   2.50947499      0.155664861      -4.55333525E-03
         221   2.46394157      0.156346515      -4.70521627E-03
         231   2.41688943      0.157145202      -4.83762333E-03
         241   2.36851311      0.158089146      -4.94588632E-03
         251   2.31905413      0.159210891      -5.02449973E-03
         261   2.26880908      0.160546958      -5.06706210E-03
         271   2.21813846      0.162136629      -5.06625231E-03
         281   2.16747594      0.164019808      -5.01387473E-03
         291   2.11733723      0.166233823      -4.90100868E-03
         301   2.06832719      0.168808997      -4.71830554E-03
         311   2.02114415      0.171763599      -4.45648422E-03
         321   1.97657931      0.175099224      -4.10706643E-03
         331   1.93550861      0.178797752      -3.66336899E-03
         341   1.89887488      0.182822242      -3.12172971E-03
         351   1.86765754      0.187123209      -2.48285988E-03
         361   1.84282899      0.191649467      -1.75312394E-03
         371   1.82529771      0.196361974      -9.45452368E-04
         381   1.81584322      0.201242089      -7.95457745E-05
         391   1.81504774      0.206291065       8.18913977E-04
         401   1.82323682      0.211515471       1.72015000E-03
         411   1.84043837      0.216903284       2.59308307E-03
         421   1.86636925      0.222402960       3.40853631E-03
         431   1.90045464      0.227915019       4.14218940E-03
         441   1.94187653      0.233302504       4.77666222E-03
         451   1.98964310      0.238416314       5.30237611E-03
         461   2.04266691      0.243123546       5.71719883E-03
         471   2.09983897      0.247329473       6.02518208E-03
         481   2.16009068      0.250986487       6.23483211E-03
         491   2.22243905      0.254091561       6.35733176E-03
         501   2.28601241      0.256676525       6.40500151E-03
         511   2.35006237      0.258795202       6.39014039E-03
         521   2.41396379      0.260512084       6.32425770E-03
         531   2.47720647      0.261893302       6.21764269E-03
         541   2.53938293      0.263000935       6.07918808E-03
         551   2.60017490      0.263889849       5.91638219E-03
         561   2.65933871      0.264606774       5.73540386E-03
         571   2.71669269      0.265190005       5.54126594E-03
         581   2.77210546      0.265670478       5.33798058E-03
         591   2.82548523      0.266072512       5.12871705E-03
         601   2.87677240      0.266415209       4.91595129E-03
         611   2.92593193      0.266713262       4.70159203E-03
         621   2.97294784      0.266977817       4.48709354E-03
         631   3.01781869      0.267217457       4.27354407E-03
         641   3.06055403      0.267438620       4.06174315E-03
         651   3.10117149      0.267646104       3.85226053E-03
         661   3.13969421      0.267843634       3.64548690E-03
         671   3.17614913      0.268033803       3.44167161E-03
         681   3.21056581      0.268218607       3.24095460E-03
         691   3.24297523      0.268399447       3.04339081E-03
         701   3.27340913      0.268577486       2.84896977E-03
         711   3.30189872      0.268753558       2.65763095E-03
         721   3.32847500      0.268928081       2.46927538E-03
         731   3.35316777      0.269101590       2.28377618E-03
         741   3.37600565      0.269274324       2.10098457E-03
         751   3.39701557      0.269446462       1.92073639E-03
         761   3.41622305      0.269618094       1.74285634E-03
         771   3.43365169      0.269789398       1.56716129E-03
         781   3.44932342      0.269960433       1.39346276E-03
         791   3.46325803      0.270131111       1.22156902E-03
         801   3.47547364      0.270301610       1.05128647E-03
         811   3.48598647      0.270471871       8.82420223E-04
         821   3.49481058      0.270641983       7.14775466E-04
         831   3.50195837      0.270811826       5.48157492E-04
         841   3.50743985      0.270981491       3.82372062E-04
         851   3.51126361      0.271150947       2.17225534E-04
         861   3.51343584      0.271320194       5.25249197E-05
         871   3.51396108      0.271489292      -1.11922360E-04
         881   3.51284194      0.271658242      -2.76308361E-04
         891   3.51007891      0.271826893      -4.40824893E-04
         901   3.50567055      0.271995336      -6.05663692E-04
         911   3.49961400      0.272163659      -7.71016465E-04
         921   3.49190378      0.272331744      -9.37075005E-04
         931   3.48253298      0.272499651      -1.10403134E-03
         941   3.47149277      0.272667438      -1.27207756E-03
         951   3.45877194      0.272834957      -1.44140574E-03
         961   3.44435787      0.273002356      -1.61220762E-03
         971   3.42823577      0.273169667      -1.78467401E-03
         981   3.41038895      0.273336828      -1.95899419E-03
         991   3.39079905      0.273504078      -2.13535479E-03
        1001   3.36944556      0.273671448      -2.31393799E-03
        1011   3.34630609      0.273838997      -2.49492028E-03
        1021   3.32135677      0.274007022      -2.67846906E-03
        1031   3.29457211      0.274175912      -2.86473962E-03
        1041   3.26592469      0.274345964      -3.05387052E-03
        1051   3.23538589      0.274517834      -3.24597815E-03
        1061   3.20292616      0.274692357      -3.44114890E-03
        1071   3.16851473      0.274870604      -3.63943004E-03
        1081   3.13212037      0.275054038      -3.84081784E-03
        1091   3.09371209      0.275244743      -4.04524198E-03
        1101   3.05325961      0.275445312      -4.25254647E-03
        1111   3.01073408      0.275659502      -4.46246564E-03
        1121   2.96610951      0.275892109      -4.67459252E-03
        1131   2.91936350      0.276149452      -4.88833943E-03
        1141   2.87048006      0.276440144      -5.10289054E-03
        1151   2.81945109      0.276775330      -5.31713851E-03
        1161   2.76627970      0.277169794      -5.52960858E-03
        1171   2.71098351      0.277642787      -5.73836220E-03
        1181   2.65359998      0.278219610      -5.94088016E-03
        1191   2.59419107      0.278932691      -6.13391679E-03
        1201   2.53285193      0.279823989      -6.31332817E-03
        1211   2.46971869      0.280946463      -6.47386676E-03
        1221   2.40497994      0.282366365      -6.60894671E-03
        1231   2.33889055      0.284164965      -6.71038777E-03
        1241   2.27178669      0.286439449      -6.76815398E-03
        1251   2.20410514      0.289301723      -6.77012047E-03
        1261   2.13640404      0.292874604      -6.70193089E-03
        1271   2.06938481      0.297283620      -6.54703518E-03
        1281   2.00391436      0.302642941      -6.28704391E-03
        1291   1.94104385      0.309036434      -5.90257533E-03
        1301   1.88201809      0.316496193      -5.37479529E-03
        1311   1.82827020      0.324985832      -4.68781451E-03
        1321   1.78139210      0.334399551      -3.83197446E-03
        1331   1.74307239      0.344585925      -2.80775456E-03
        1341   1.71499479      0.355398148      -1.62959984E-03
        1351   1.69869876      0.366748571      -3.28484224E-04
        1361   1.69541395      0.378631741       1.04820402E-03
        1371   1.70589602      0.391078442       2.44051428E-03
        1381   1.73030114      0.404050857       3.78343323E-03
        1391   1.76813543      0.417337954       5.01640793E-03
        1401   1.81829953      0.430530906       6.09214418E-03
        1411   1.87922096      0.443103492       6.98206760E-03
        1421   1.94904160      0.454551756       7.67724635E-03
        1431   2.02581406      0.464516789       8.18537269E-03
        1441   2.10766768      0.472838312       8.52558296E-03
        1451   2.19292355      0.479538858       8.72300472E-03
        1461   2.28015351      0.484769046       8.80429987E-03
        1471   2.36819649      0.488745093       8.79467651E-03
        1481   2.45614314      0.491699487       8.71627405E-03
        1491   2.54330587      0.493850023       8.58757272E-03
        1501   2.62918162      0.495384187       8.42343643E-03
        1511   2.71341610      0.496455044       8.23549367E-03
        1521   2.79577112      0.497183144       8.03264510E-03
        1531   2.87609768      0.497660905       7.82157667E-03
        1541   2.95431352      0.497957885       7.60722859E-03
        1551   3.03038573      0.498125792       7.39318691E-03
        1561   3.10431767      0.498202562       7.18200579E-03
        1571   3.17613769      0.498216033       6.97546033E-03
        1581   3.24589229      0.498186231       6.77474216E-03
        1591   3.31363964      0.498127729       6.58061123E-03
        1601   3.37944579      0.498050958       6.39350945E-03
        1611   3.44338083      0.497963369       6.21364731E-03
        1621   3.50551724      0.497870028       6.04106812E-03
        1631   3.56592798      0.497774720       5.87569736E-03
        1641   3.62468505      0.497679889       5.71737811E-03
        1651   3.68185878      0.497587323       5.56589756E-03
        1661   3.73751783      0.497498035       5.42100705E-03
        1671   3.79172802      0.497412592       5.28243696E-03
        1681   3.84455228      0.497331560       5.14990650E-03
        1691   3.89605141      0.497255027       5.02313208E-03
        1701   3.94628263      0.497182965       4.90183244E-03
        1711   3.99530101      0.497115314       4.78573143E-03
        1721   4.04315853      0.497052014       4.67456272E-03
        1731   4.08990431      0.496992826       4.56806924E-03
        1741   4.13558483      0.496937454       4.46600607E-03
        1751   4.18024492      0.496885717       4.36813943E-03
        1761   4.22392654      0.496837497       4.27424768E-03
        1771   4.26666880      0.496792376       4.18412127E-03
        1781   4.30850983      0.496750295       4.09756228E-03
        1791   4.34948540      0.496710986       4.01438354E-03
        1801   4.38962936      0.496674329       3.93440947E-03
        1811   4.42897367      0.496640027       3.85747454E-03
        1821   4.46754837      0.496607959       3.78342299E-03
        1831   4.50538254      0.496577978       3.71210813E-03
        1841   4.54250383      0.496549845       3.64339212E-03
        1851   4.57893753      0.496523499       3.57714575E-03
        1861   4.61470890      0.496498853       3.51324677E-03
        1871   4.64984131      0.496475637       3.45158088E-03
        1881   4.68435717      0.496453911       3.39204026E-03
        1891   4.71827745      0.496433496       3.33452341E-03
        1901   4.75162268      0.496414274       3.27893463E-03
        1911   4.78441191      0.496396244       3.22518428E-03
        1921   4.81666374      0.496379197       3.17318738E-03
        1931   4.84839582      0.496363163       3.12286406E-03
        1941   4.87962437      0.496348083       3.07413889E-03
        1951   4.91036558      0.496333778       3.02694063E-03
        1961   4.94063520      0.496320307       2.98120221E-03
        1971   4.97044706      0.496307582       2.93686031E-03
        1981   4.99981546      0.496295482       2.89385463E-03
        1991   5.02875423      0.496284127       2.85212859E-03
        2001   5.05727530      0.496273309       2.81162863E-03
        2011   5.08539152      0.496263027       2.77230376E-03
        2021   5.11311436      0.496253371       2.73410603E-03
        2031   5.14045525      0.496244103       2.69698957E-03
        2041   5.16742516      0.496235371       2.66091106E-03
        2051   5.19403410      0.496227026       2.62582954E-03
        2061   5.22029257      0.496219188       2.59170611E-03
        2071   5.24620962      0.496211618       2.55850353E-03
        2081   5.27179480      0.496204466       2.52618687E-03
        2091   5.29705667      0.496197671       2.49472237E-03
        2101   5.32200384      0.496191144       2.46407837E-03
        2111   5.34664440      0.496184945       2.43422436E-03
        2121   5.37098646      0.496179014       2.40513147E-03
        2131   5.39503765      0.496173382       2.37677223E-03
        2141   5.41880560      0.496167988       2.34912056E-03
        2151   5.44229698      0.496162832       2.32215109E-03
        2161   5.46551847      0.496157855       2.29584030E-03
        2171   5.48847675      0.496153116       2.27016513E-03
        2181   5.51117849      0.496148586       2.24510394E-03
        2191   5.53362942      0.496144265       2.22063577E-03
        2201   5.55583572      0.496140152       2.19674082E-03
        2211   5.57780313      0.496136129       2.17340002E-03
        2221   5.59953690      0.496132344       2.15059496E-03
        2231   5.62104273      0.496128649       2.12830841E-03
        2241   5.64232588      0.496125132       2.10652361E-03
        2251   5.66339111      0.496121734       2.08522473E-03
        2261   5.68424320      0.496118486       2.06439616E-03
        2271   5.70488739      0.496115327       2.04402325E-03
        2281   5.72532749      0.496112376       2.02409201E-03
        2291   5.74556828      0.496109456       2.00458872E-03
        2301   5.76561403      0.496106684       1.98550057E-03
        2311   5.78546906      0.496104002       1.96681498E-03
        2321   5.80513716      0.496101409       1.94851984E-03
        2331   5.82462215      0.496098936       1.93060376E-03
        2341   5.84392834      0.496096492       1.91305554E-03
        2351   5.86305904      0.496094197       1.89586461E-03
        2361   5.88201761      0.496091962       1.87902071E-03
        2371   5.90080786      0.496089816       1.86251383E-03
        2381   5.91943312      0.496087730       1.84633455E-03
        2391   5.93789625      0.496085703       1.83047378E-03
        2401   5.95620108      0.496083766       1.81492255E-03
        2411   5.97435045      0.496081918       1.79967238E-03
        2421   5.99234724      0.496080041       1.78471510E-03
        2431   6.01019430      0.496078342       1.77004281E-03
        2441   6.02789450      0.496076584       1.75564783E-03
        2451   6.04545116      0.496074975       1.74152292E-03
        2461   6.06286621      0.496073395       1.72766089E-03
        2471   6.08014297      0.496071845       1.71405484E-03
        2481   6.09728336      0.496070325       1.70069817E-03
        2491   6.11429024      0.496068865       1.68758444E-03
        2501   6.13116598      0.496067464       1.67470740E-03
        2511   6.14791298      0.496066093       1.66206120E-03
        2521   6.16453362      0.496064782       1.64964003E-03
        2531   6.18102980      0.496063501       1.63743820E-03
        2541   6.19740438      0.496062249       1.62545044E-03
        2551   6.21365881      0.496061057       1.61367143E-03
        2561   6.22979546      0.496059865       1.60209602E-03
        2571   6.24581623      0.496058732       1.59071945E-03
        2581   6.26172352      0.496057600       1.57953682E-03
        2591   6.27751875      0.496056497       1.56854361E-03
        2601   6.29320431      0.496055543       1.55773538E-03
        2611   6.30878162      0.496054500       1.54710771E-03
        2621   6.32425261      0.496053487       1.53665652E-03
        2631   6.33961916      0.496052533       1.52637763E-03
        2641   6.35488272      0.496051610       1.51626719E-03
        2651   6.37004519      0.496050656       1.50632137E-03
        2661   6.38510847      0.496049762       1.49653642E-03
        2671   6.40007401      0.496048898       1.48690876E-03
        2681   6.41494322      0.496048093       1.47743488E-03
        2691   6.42971754      0.496047258       1.46811141E-03
        2701   6.44439888      0.496046454       1.45893497E-03
        2711   6.45898819      0.496045679       1.44990243E-03
        2721   6.47348738      0.496044904       1.44101074E-03
        2731   6.48789740      0.496044189       1.43225677E-03
        2741   6.50222015      0.496043503       1.42363762E-03
        2751   6.51645660      0.496042788       1.41515047E-03
        2761   6.53060818      0.496042073       1.40679243E-03
        2771   6.54467630      0.496041447       1.39856094E-03
        2781   6.55866194      0.496040821       1.39045331E-03
        2791   6.57256651      0.496040106       1.38246699E-03
        2801   6.58639097      0.496039510       1.37459952E-03
        2811   6.60013676      0.496038884       1.36684848E-03
        2821   6.61380529      0.496038318       1.35921140E-03
        2831   6.62739754      0.496037692       1.35168608E-03
        2841   6.64091444      0.496037155       1.34427031E-03
        2851   6.65435696      0.496036619       1.33696187E-03
        2861   6.66772652      0.496036053       1.32975867E-03
        2871   6.68102407      0.496035546       1.32265873E-03
        2881   6.69425058      0.496035010       1.31565996E-03
        2891   6.70740700      0.496034533       1.30876037E-03
        2901   6.72049475      0.496034056       1.30195811E-03
        2911   6.73351431      0.496033579       1.29525119E-03
        2921   6.74646664      0.496033072       1.28863798E-03
        2931   6.75935316      0.496032596       1.28211663E-03
        2941   6.77217436      0.496032178       1.27568538E-03
        2951   6.78493118      0.496031702       1.26934261E-03
        2961   6.79762459      0.496031284       1.26308657E-03
        2971   6.81025553      0.496030867       1.25691574E-03
        2981   6.82282448      0.496030450       1.25082862E-03
        2991   6.83533287      0.496030033       1.24482356E-03
        3001   6.84778118      0.496029615       1.23889919E-03
        3011   6.86017036      0.496029258       1.23305398E-03
        3021   6.87250090      0.496028841       1.22728653E-03
        3031   6.88477373      0.496028513       1.22159545E-03
        3041   6.89698982      0.496028125       1.21597934E-03
        3051   6.90914965      0.496027768       1.21043692E-03
        3061   6.92125416      0.496027410       1.20496692E-03
        3071   6.93330383      0.496027052       1.19956804E-03
        3081   6.94529963      0.496026754       1.19423901E-03
        3091   6.95724201      0.496026427       1.18897867E-03
        3101   6.96913195      0.496026099       1.18378585E-03
        3111   6.98096991      0.496025741       1.17865938E-03
        3121   6.99275637      0.496025383       1.17359823E-03
        3131   7.00449228      0.496025145       1.16860110E-03
        3141   7.01617813      0.496024817       1.16366707E-03
        3151   7.02781487      0.496024579       1.15879509E-03
        3161   7.03940296      0.496024251       1.15398399E-03
        3171   7.05094290      0.496023953       1.14923285E-03
        3181   7.06243515      0.496023655       1.14454073E-03
        3191   7.07388067      0.496023417       1.13990658E-03
        3201   7.08527994      0.496023148       1.13532948E-03
        3211   7.09663343      0.496022880       1.13080849E-03
        3221   7.10794163      0.496022642       1.12634280E-03
        3231   7.11920500      0.496022373       1.12193148E-03
        3241   7.13042450      0.496022105       1.11757359E-03
        3251   7.14160013      0.496021837       1.11326831E-03
        3261   7.15273285      0.496021628       1.10901485E-03
        3271   7.16382313      0.496021360       1.10481237E-03
        3281   7.17487144      0.496021181       1.10066007E-03
        3291   7.18587828      0.496020883       1.09655713E-03
        3301   7.19684362      0.496020705       1.09250285E-03
        3311   7.20776844      0.496020496       1.08849641E-03
        3321   7.21865320      0.496020257       1.08453713E-03
        3331   7.22949839      0.496020049       1.08062418E-03
        3341   7.24030447      0.496019870       1.07675698E-03
        3351   7.25107193      0.496019632       1.07293483E-03
        3361   7.26180124      0.496019423       1.06915692E-03
        3371   7.27249289      0.496019214       1.06542266E-03
        3381   7.28314734      0.496019006       1.06173148E-03
        3391   7.29376459      0.496018827       1.05808268E-03
        3401   7.30434561      0.496018648       1.05447555E-03
        3411   7.31489038      0.496018410       1.05090963E-03
        3421   7.32539940      0.496018231       1.04738423E-03
        3431   7.33587313      0.496018112       1.04389875E-03
        3441   7.34631205      0.496017903       1.04045263E-03
        3451   7.35671663      0.496017754       1.03704527E-03
        3461   7.36708689      0.496017516       1.03367609E-03
        3471   7.37742376      0.496017396       1.03034463E-03
        3481   7.38772726      0.496017247       1.02705031E-03
        3491   7.39799786      0.496017039       1.02379255E-03
        3501   7.40823555      0.496016860       1.02057087E-03
        3511   7.41844130      0.496016711       1.01738470E-03
        3521   7.42861509      0.496016592       1.01423357E-03
        3531   7.43875742      0.496016413       1.01111701E-03
        3541   7.44886875      0.496016204       1.00803457E-03
        3551   7.45894909      0.496016115       1.00498577E-03
        3561   7.46899891      0.496015906       1.00197014E-03
        3571   7.47901869      0.496015817       9.98987118E-04
        3581   7.48900843      0.496015668       9.96036339E-04
        3591   7.49896860      0.496015519       9.93117457E-04
        3601   7.50889969      0.496015370       9.90229892E-04
        3611   7.51880217      0.496015221       9.87373292E-04
        3621   7.52867603      0.496015102       9.84547194E-04
        3631   7.53852129      0.496014953       9.81751247E-04
        3641   7.54833889      0.496014804       9.78984986E-04
        3651   7.55812883      0.496014684       9.76248004E-04
        3661   7.56789112      0.496014565       9.73539951E-04
        3671   7.57762671      0.496014446       9.70860419E-04
        3681   7.58733511      0.496014357       9.68209002E-04
        3691   7.59701729      0.496014208       9.65585408E-04
        3701   7.60667324      0.496014088       9.62989230E-04
        3711   7.61630297      0.496013969       9.60420119E-04
        3721   7.62590694      0.496013820       9.57877666E-04
        3731   7.63548565      0.496013731       9.55361582E-04
        3741   7.64503908      0.496013612       9.52871516E-04
        3751   7.65456772      0.496013492       9.50407120E-04
        3761   7.66407156      0.496013373       9.47968103E-04
        3771   7.67355108      0.496013254       9.45554115E-04
        3781   7.68300676      0.496013165       9.43164807E-04
        3791   7.69243860      0.496013016       9.40799888E-04
        3801   7.70184660      0.496012986       9.38459067E-04
        3811   7.71123123      0.496012837       9.36142053E-04
        3821   7.72059250      0.496012777       9.33848496E-04
        3831   7.72993088      0.496012658       9.31578164E-04
        3841   7.73924685      0.496012539       9.29330708E-04
        3851   7.74853992      0.496012449       9.27105837E-04
        3861   7.75781107      0.496012330       9.24903317E-04
        3871   7.76706028      0.496012270       9.22722858E-04
        3881   7.77628756      0.496012181       9.20564169E-04
        3891   7.78549337      0.496012032       9.18427017E-04
        3901   7.79467773      0.496011943       9.16311110E-04
        3911   7.80384064      0.496011883       9.14216216E-04
        3921   7.81298304      0.496011794       9.12142044E-04
        3931   7.82210445      0.496011734       9.10088362E-04
        3941   7.83120537      0.496011615       9.08054877E-04
        3951   7.84028578      0.496011525       9.06041416E-04
        3961   7.84934616      0.496011406       9.04047687E-04
        3971   7.85838652      0.496011347       9.02073516E-04
        3981   7.86740732      0.496011287       9.00118612E-04
        3991   7.87640858      0.496011198       8.98182741E-04
        4001   7.88539028      0.496011078       8.96265730E-04
        4011   7.89435291      0.496011019       8.94367346E-04
        4021   7.90329647      0.496010929       8.92487296E-04
        4031   7.91222143      0.496010840       8.90625466E-04
        4041   7.92112780      0.496010780       8.88781564E-04
        4051   7.93001556      0.496010721       8.86955415E-04
        4061   7.93888521      0.496010602       8.85146786E-04
        4071   7.94773674      0.496010572       8.83355504E-04
        4081   7.95657015      0.496010482       8.81581393E-04
        4091   7.96538591      0.496010423       8.79824220E-04
        4101   7.97418404      0.496010363       8.78083752E-04
        4111   7.98296499      0.496010274       8.76359874E-04
        4121   7.99172878      0.496010184       8.74652353E-04
        4131   8.00047493      0.496010095       8.72961013E-04
        4141   8.00920486      0.496010035       8.71285622E-04
        4151   8.01791763      0.496009976       8.69626063E-04
        4161   8.02661419      0.496009916       8.67982162E-04
        4171   8.03529358      0.496009827       8.66353686E-04
        4181   8.04395676      0.496009797       8.64740519E-04
        4191   8.05260372      0.496009737       8.63142428E-04
        4201   8.06123543      0.496009678       8.61559296E-04
        4211   8.06985092      0.496009588       8.59990949E-04
        4221   8.07845116      0.496009529       8.58437212E-04
        4231   8.08703518      0.496009469       8.56897910E-04
        4241   8.09560394      0.496009380       8.55372928E-04
        4251   8.10415745      0.496009350       8.53862031E-04
        4261   8.11269569      0.496009260       8.52365105E-04
        4271   8.12121964      0.496009201       8.50882032E-04
        4281   8.12972832      0.496009201       8.49412638E-04
        4291   8.13822269      0.496009141       8.47956748E-04
        4301   8.14670181      0.496009052       8.46514245E-04
        4311   8.15516663      0.496009022       8.45084956E-04
        4321   8.16361713      0.496008962       8.43668764E-04
        4331   8.17205429      0.496008903       8.42265494E-04
        4341   8.18047714      0.496008813       8.40875029E-04
        4351   8.18888569      0.496008784       8.39497254E-04
        4361   8.19728088      0.496008724       8.38131993E-04
        4371   8.20566177      0.496008635       8.36779131E-04
        4381   8.21402931      0.496008605       8.35438550E-04
        4391   8.22238350      0.496008575       8.34110077E-04
        4401   8.23072433      0.496008545       8.32793652E-04
        4411   8.23905182      0.496008456       8.31489102E-04
        4421   8.24736691      0.496008396       8.30196310E-04
        4431   8.25566864      0.496008396       8.28915101E-04
        4441   8.26395798      0.496008307       8.27645417E-04
        4451   8.27223396      0.496008307       8.26387142E-04
        4461   8.28049755      0.496008188       8.25140101E-04
        4471   8.28874874      0.496008128       8.23904236E-04
        4481   8.29698753      0.496008098       8.22679373E-04
        4491   8.30521393      0.496008068       8.21465452E-04
        4501   8.31342888      0.496008009       8.20262299E-04
        4511   8.32163143      0.496007949       8.19069857E-04
        4521   8.32982254      0.496007949       8.17888009E-04
        4531   8.33800125      0.496007919       8.16716638E-04
        4541   8.34616852      0.496007860       8.15555628E-04
        4551   8.35432434      0.496007800       8.14404862E-04
        4561   8.36246872      0.496007770       8.13264283E-04
        4571   8.37060165      0.496007740       8.12133716E-04
        4581   8.37872314      0.496007681       8.11013102E-04
        4591   8.38683319      0.496007651       8.09902383E-04
        4601   8.39493179      0.496007591       8.08801386E-04
        4611   8.40301991      0.496007562       8.07710050E-04
        4621   8.41109657      0.496007502       8.06628261E-04
        4631   8.41916275      0.496007502       8.05555901E-04
        4641   8.42721844      0.496007413       8.04492913E-04
        4651   8.43526363      0.496007383       8.03439179E-04
        4661   8.44329834      0.496007323       8.02394643E-04
        4671   8.45132256      0.496007293       8.01359187E-04
        4681   8.45933628      0.496007323       8.00332753E-04
        4691   8.46733952      0.496007204       7.99315225E-04
        4701   8.47533226      0.496007174       7.98306486E-04
        4711   8.48331547      0.496007174       7.97306478E-04
        4721   8.49128819      0.496007115       7.96315086E-04
        4731   8.49925137      0.496007085       7.95332249E-04
        4741   8.50720501      0.496007085       7.94357911E-04
        4751   8.51514816      0.496007025       7.93391955E-04
        4761   8.52308178      0.496006966       7.92434323E-04
        4771   8.53100586      0.496006966       7.91484897E-04
        4781   8.53892040      0.496006906       7.90543621E-04
        4791   8.54682541      0.496006876       7.89610378E-04
        4801   8.55472183      0.496006846       7.88685167E-04
        4811   8.56260872      0.496006846       7.87767814E-04
        4821   8.57048607      0.496006846       7.86858320E-04
        4831   8.57835484      0.496006757       7.85956567E-04
        4841   8.58621407      0.496006697       7.85062497E-04
        4851   8.59406471      0.496006727       7.84176053E-04
        4861   8.60190678      0.496006638       7.83297117E-04
        4871   8.60973930      0.496006608       7.82425690E-04
        4881   8.61756325      0.496006638       7.81561597E-04
        4891   8.62537861      0.496006578       7.80704839E-04
        4901   8.63318539      0.496006519       7.79855356E-04
        4911   8.64098358      0.496006519       7.79013033E-04
        4921   8.64877415      0.496006489       7.78177811E-04
        4931   8.65655613      0.496006429       7.77349633E-04
        4941   8.66432953      0.496006429       7.76528439E-04
        4951   8.67209435      0.496006399       7.75714172E-04
        4961   8.67985153      0.496006340       7.74906774E-04
        4971   8.68760014      0.496006310       7.74106127E-04
        4981   8.69534111      0.496006250       7.73312175E-04
        4991   8.70307446      0.496006250       7.72524916E-04
        5001   8.71080017      0.496006221       7.71744235E-04
        5011   8.71851730      0.496006191       7.70970073E-04
        5021   8.72622681      0.496006161       7.70202372E-04
        5031   8.73392868      0.496006161       7.69441074E-04
        5041   8.74162292      0.496006161       7.68686179E-04
        5051   8.74930954      0.496006101       7.67937570E-04
        5061   8.75698853      0.496006072       7.67195190E-04
        5071   8.76466084      0.496006012       7.66458979E-04
        5081   8.77232552      0.496006042       7.65728881E-04
        5091   8.77998257      0.496006012       7.65004836E-04
        5101   8.78763294      0.496005982       7.64286786E-04
        5111   8.79527569      0.496005893       7.63574673E-04
        5121   8.80291176      0.496005923       7.62868440E-04
        5131   8.81054020      0.496005893       7.62168085E-04
        5141   8.81816196      0.496005863       7.61473493E-04
        5151   8.82577705      0.496005893       7.60784664E-04
        5161   8.83338451      0.496005833       7.60101480E-04
        5171   8.84098530      0.496005803       7.59423943E-04
        5181   8.84857941      0.496005774       7.58751994E-04
        5191   8.85616684      0.496005744       7.58085574E-04
        5201   8.86374760      0.496005774       7.57424626E-04
        5211   8.87132168      0.496005714       7.56769092E-04
        5221   8.87888908      0.496005654       7.56118912E-04
        5231   8.88644981      0.496005654       7.55474088E-04
        5241   8.89400482      0.496005654       7.54834560E-04
        5251   8.90155315      0.496005595       7.54200271E-04
        5261   8.90909481      0.496005595       7.53571163E-04
        5271   8.91663074      0.496005595       7.52947177E-04
        5281   8.92416000      0.496005535       7.52328255E-04
        5291   8.93168354      0.496005505       7.51714397E-04
        5301   8.93920040      0.496005505       7.51105545E-04
        5311   8.94671154      0.496005505       7.50501640E-04
        5321   8.95421696      0.496005476       7.49902683E-04
        5331   8.96171570      0.496005446       7.49308558E-04
        5341   8.96920872      0.496005446       7.48719263E-04
        5351   8.97669601      0.496005446       7.48134742E-04
        5361   8.98417759      0.496005416       7.47554994E-04
        5371   8.99165344      0.496005386       7.46979960E-04
        5381   8.99912357      0.496005327       7.46409583E-04
        5391   9.00658798      0.496005356       7.45843805E-04
        5401   9.01404667      0.496005267       7.45282567E-04
        5411   9.02149963      0.496005267       7.44725869E-04
        5421   9.02894688      0.496005297       7.44173711E-04
        5431   9.03638840      0.496005267       7.43625977E-04
        5441   9.04382420      0.496005267       7.43082666E-04
        5451   9.05125523      0.496005237       7.42543722E-04
        5461   9.05868053      0.496005207       7.42009142E-04
        5471   9.06610107      0.496005177       7.41478871E-04
        5481   9.07351589      0.496005177       7.40952848E-04
        5491   9.08092499      0.496005148       7.40431016E-04
        5501   9.08832932      0.496005118       7.39913376E-04
        5511   9.09572887      0.496005148       7.39399926E-04
        5521   9.10312271      0.496005088       7.38890551E-04
        5531   9.11051178      0.496005118       7.38385250E-04
        5541   9.11789608      0.496005088       7.37884024E-04
        5551   9.12527466      0.496005058       7.37386814E-04
        5561   9.13264847      0.496005028       7.36893562E-04
        5571   9.14001751      0.496004969       7.36404269E-04
        5581   9.14738178      0.496004969       7.35918875E-04
        5591   9.15474129      0.496004969       7.35437323E-04
        5601   9.16209602      0.496004969       7.34959613E-04
        5611   9.16944599      0.496004969       7.34485744E-04
        5621   9.17679119      0.496004939       7.34015659E-04
        5631   9.18413162      0.496004909       7.33549299E-04
        5641   9.19146729      0.496004879       7.33086665E-04
        5651   9.19879818      0.496004909       7.32627697E-04
        5661   9.20612431      0.496004850       7.32172339E-04
        5671   9.21344566      0.496004850       7.31720647E-04
        5681   9.22076321      0.496004850       7.31272507E-04
        5691   9.22807598      0.496004850       7.30827916E-04
        5701   9.23538399      0.496004790       7.30386877E-04
        5711   9.24268818      0.496004790       7.29949330E-04
        5721   9.24998760      0.496004760       7.29515217E-04
        5731   9.25728321      0.496004790       7.29084539E-04
        5741   9.26457405      0.496004760       7.28657295E-04
        5751   9.27186108      0.496004730       7.28233426E-04
        5761   9.27914333      0.496004730       7.27812876E-04
        5771   9.28642178      0.496004671       7.27395643E-04
        5781   9.29369545      0.496004671       7.26981729E-04
        5791   9.30096531      0.496004730       7.26571074E-04
        5801   9.30823135      0.496004671       7.26163620E-04
        5811   9.31549263      0.496004701       7.25759368E-04
        5821   9.32275009      0.496004641       7.25358317E-04
        5831   9.33000374      0.496004611       7.24960410E-04
        5841   9.33725357      0.496004581       7.24565645E-04
        5851   9.34449959      0.496004581       7.24173966E-04
        5861   9.35174179      0.496004581       7.23785372E-04
        5871   9.35897923      0.496004552       7.23399804E-04
        5881   9.36621284      0.496004581       7.23017263E-04
        5891   9.37344265      0.496004552       7.22637749E-04
        5901   9.38066864      0.496004552       7.22261204E-04
        5911   9.38789082      0.496004552       7.21887627E-04
        5921   9.39511013      0.496004522       7.21516961E-04
        5931   9.40232563      0.496004522       7.21149205E-04
        5941   9.40953732      0.496004522       7.20784301E-04
        5951   9.41674519      0.496004492       7.20422249E-04
        5961   9.42394924      0.496004492       7.20063050E-04
        5971   9.43114948      0.496004462       7.19706644E-04
        5981   9.43834686      0.496004432       7.19353033E-04
        5991   9.44554043      0.496004462       7.19002157E-04
        6001   9.45273018      0.496004432       7.18654017E-04
        6011   9.45991707      0.496004403       7.18308613E-04
        6021   9.46710014      0.496004403       7.17965886E-04
        6031   9.47427940      0.496004373       7.17625837E-04
        6041   9.48145580      0.496004432       7.17288407E-04
        6051   9.48862839      0.496004343       7.16953597E-04
        6061   9.49579811      0.496004343       7.16621405E-04
        6071   9.50296402      0.496004343       7.16291775E-04
        6081   9.51012707      0.496004343       7.15964707E-04
        6091   9.51728630      0.496004313       7.15640199E-04
        6101   9.52444267      0.496004343       7.15318194E-04
        6111   9.53159618      0.496004283       7.14998692E-04
        6121   9.53874588      0.496004283       7.14681635E-04
        6131   9.54589272      0.496004283       7.14367081E-04
        6141   9.55303669      0.496004254       7.14054971E-04
        6151   9.56017685      0.496004254       7.13745249E-04
        6161   9.56731415      0.496004283       7.13437912E-04
        6171   9.57444859      0.496004283       7.13132962E-04
        6181   9.58158016      0.496004194       7.12830399E-04
        6191   9.58870888      0.496004224       7.12530164E-04
        6201   9.59583378      0.496004224       7.12232257E-04
        6211   9.60295582      0.496004194       7.11936620E-04
        6221   9.61007500      0.496004194       7.11643253E-04
        6231   9.61719131      0.496004194       7.11352157E-04
        6241   9.62430477      0.496004164       7.11063331E-04
        6251   9.63141537      0.496004164       7.10776716E-04
        6261   9.63852310      0.496004164       7.10492313E-04
        6271   9.64562798      0.496004194       7.10210123E-04
        6281   9.65272999      0.496004134       7.09930086E-04
        6291   9.65982914      0.496004164       7.09652202E-04
        6301   9.66692543      0.496004105       7.09376473E-04
        6311   9.67401886      0.496004105       7.09102838E-04
        6321   9.68110943      0.496004105       7.08831300E-04
        6331   9.68819809      0.496004134       7.08561856E-04
        6341   9.69528389      0.496004134       7.08294509E-04
        6351   9.70236683      0.496004134       7.08029198E-04
        6361   9.70944691      0.496004075       7.07765925E-04
        6371   9.71652412      0.496004045       7.07504689E-04
        6381   9.72359943      0.496004045       7.07245432E-04
        6391   9.73067188      0.496004045       7.06988154E-04
        6401   9.73774147      0.496004015       7.06732855E-04
        6411   9.74480915      0.496004015       7.06479535E-04
        6421   9.75187397      0.496004015       7.06228137E-04
        6431   9.75893593      0.496003985       7.05978659E-04
        6441   9.76599598      0.496003985       7.05731101E-04
        6451   9.77305317      0.496003985       7.05485407E-04
        6461   9.78010845      0.496003956       7.05241633E-04
        6471   9.78716087      0.496003956       7.04999722E-04
        6481   9.79421043      0.496003956       7.04759674E-04
        6491   9.80125809      0.496003956       7.04521430E-04
        6501   9.80830288      0.496003926       7.04284990E-04
        6511   9.81534576      0.496003926       7.04050355E-04
        6521   9.82238674      0.496003926       7.03817524E-04
        6531   9.82942486      0.496003896       7.03586498E-04
        6541   9.83646107      0.496003926       7.03357218E-04
        6551   9.84349442      0.496003896       7.03129685E-04
        6561   9.85052586      0.496003926       7.02903897E-04
        6571   9.85755444      0.496003866       7.02679798E-04
        6581   9.86458111      0.496003926       7.02457444E-04
        6591   9.87160587      0.496003866       7.02236779E-04
        6601   9.87862778      0.496003866       7.02017802E-04
        6611   9.88564777      0.496003836       7.01800454E-04
        6621   9.89266586      0.496003836       7.01584795E-04
        6631   9.89968204      0.496003836       7.01370765E-04
        6641   9.90669537      0.496003866       7.01158366E-04
        6651   9.91370678      0.496003836       7.00947596E-04
        6661   9.92071629      0.496003836       7.00738397E-04
        6671   9.92772388      0.496003836       7.00530771E-04
        6681   9.93472958      0.496003836       7.00324716E-04
        6691   9.94173241      0.496003807       7.00120232E-04
        6701   9.94873333      0.496003807       6.99917320E-04
        6711   9.95573235      0.496003807       6.99715922E-04
        6721   9.96272945      0.496003836       6.99516095E-04
        6731   9.96972466      0.496003777       6.99317781E-04
        6741   9.97671795      0.496003777       6.99120981E-04
        6751   9.98370934      0.496003747       6.98925636E-04
        6761   9.99069881      0.496003807       6.98731805E-04
        6771   9.99768639      0.496003747       6.98539428E-04
        6781   10.0046721      0.496003777       6.98348507E-04
        6791   10.0116558      0.496003777       6.98159041E-04
        6801   10.0186377      0.496003807       6.97970972E-04
        6811   10.0256176      0.496003747       6.97784359E-04
        6821   10.0325956      0.496003777       6.97599142E-04
        6831   10.0395718      0.496003747       6.97415322E-04
        6841   10.0465460      0.496003777       6.97232899E-04
        6851   10.0535183      0.496003777       6.97051873E-04
        6861   10.0604887      0.496003717       6.96872186E-04
        6871   10.0674572      0.496003687       6.96693896E-04
        6881   10.0744238      0.496003747       6.96516945E-04
        6891   10.0813894      0.496003687       6.96341333E-04
        6901   10.0883532      0.496003687       6.96167001E-04
        6911   10.0953150      0.496003717       6.95994007E-04
        6921   10.1022749      0.496003687       6.95822353E-04
        6931   10.1092329      0.496003687       6.95651979E-04
        6941   10.1161890      0.496003687       6.95482886E-04
        6951   10.1231441      0.496003687       6.95315073E-04
        6961   10.1300974      0.496003658       6.95148483E-04
        6971   10.1370487      0.496003687       6.94983173E-04
        6981   10.1439981      0.496003687       6.94819086E-04
        6991   10.1509466      0.496003658       6.94656279E-04
        7001   10.1578932      0.496003687       6.94494694E-04
        7011   10.1648378      0.496003628       6.94334332E-04
        7021   10.1717815      0.496003658       6.94175134E-04
        7031   10.1787233      0.496003658       6.94017159E-04
        7041   10.1856632      0.496003628       6.93860347E-04
        7051   10.1926022      0.496003628       6.93704758E-04
        7061   10.1995392      0.496003658       6.93550333E-04
        7071   10.2064743      0.496003598       6.93397073E-04
        7081   10.2134085      0.496003658       6.93244976E-04
        7091   10.2203407      0.496003628       6.93093985E-04
        7101   10.2272720      0.496003628       6.92944159E-04
        7111   10.2342014      0.496003598       6.92795438E-04
        7121   10.2411289      0.496003538       6.92647824E-04
        7131   10.2480555      0.496003598       6.92501315E-04
        7141   10.2549801      0.496003568       6.92355912E-04
        7151   10.2619038      0.496003538       6.92211615E-04
        7161   10.2688255      0.496003538       6.92068425E-04
        7171   10.2757463      0.496003538       6.91926281E-04
        7181   10.2826653      0.496003568       6.91785186E-04
        7191   10.2895832      0.496003509       6.91645138E-04
        7201   10.2964993      0.496003568       6.91506197E-04
        7211   10.3034143      0.496003538       6.91368245E-04
        7221   10.3103285      0.496003538       6.91231340E-04
        7231   10.3172407      0.496003538       6.91095483E-04
        7241   10.3241520      0.496003538       6.90960616E-04
        7251   10.3310614      0.496003509       6.90826797E-04
        7261   10.3379698      0.496003509       6.90693967E-04
        7271   10.3448763      0.496003509       6.90562127E-04
        7281   10.3517818      0.496003479       6.90431276E-04
        7291   10.3586864      0.496003509       6.90301415E-04
        7301   10.3655891      0.496003479       6.90172485E-04
        7311   10.3724909      0.496003509       6.90044544E-04
        7321   10.3793917      0.496003449       6.89917535E-04
        7331   10.3862906      0.496003509       6.89791515E-04
        7341   10.3931885      0.496003479       6.89666427E-04
        7351   10.4000854      0.496003479       6.89542270E-04
        7361   10.4069805      0.496003449       6.89419045E-04
        7371   10.4138746      0.496003479       6.89296750E-04
        7381   10.4207678      0.496003479       6.89175387E-04
        7391   10.4276600      0.496003449       6.89054898E-04
        7401   10.4345503      0.496003449       6.88935339E-04
        7411   10.4414396      0.496003449       6.88816654E-04
        7421   10.4483280      0.496003419       6.88698841E-04
        7431   10.4552155      0.496003419       6.88581902E-04
        7441   10.4621010      0.496003449       6.88465836E-04
        7451   10.4689856      0.496003419       6.88350643E-04
        7461   10.4758692      0.496003449       6.88236323E-04
        7471   10.4827518      0.496003419       6.88122876E-04
        7481   10.4896326      0.496003449       6.88010245E-04
        7491   10.4965124      0.496003419       6.87898486E-04
        7501   10.5033913      0.496003419       6.87787542E-04
        7511   10.5102692      0.496003389       6.87677413E-04
        7521   10.5171461      0.496003389       6.87568099E-04
        7531   10.5240221      0.496003389       6.87459600E-04
        7541   10.5308971      0.496003419       6.87351916E-04
        7551   10.5377703      0.496003389       6.87245047E-04
        7561   10.5446424      0.496003419       6.87138992E-04
        7571   10.5515137      0.496003389       6.87033695E-04
        7581   10.5583839      0.496003360       6.86929212E-04
        7591   10.5652533      0.496003360       6.86825486E-04
        7601   10.5721216      0.496003389       6.86722517E-04
        7611   10.5789890      0.496003360       6.86620304E-04
        7621   10.5858555      0.496003389       6.86518906E-04
        7631   10.5927210      0.496003389       6.86418207E-04
        7641   10.5995855      0.496003360       6.86318264E-04
        7651   10.6064491      0.496003419       6.86219078E-04
        7661   10.6133118      0.496003360       6.86120649E-04
        7671   10.6201725      0.496003360       6.86022919E-04
        7681   10.6270323      0.496003330       6.85925945E-04
        7691   10.6338911      0.496003330       6.85829669E-04
        7701   10.6407490      0.496003360       6.85734150E-04
        7711   10.6476059      0.496003360       6.85639330E-04
        7721   10.6544619      0.496003389       6.85545208E-04
        7731   10.6613169      0.496003360       6.85451785E-04
        7741   10.6681709      0.496003360       6.85359060E-04
        7751   10.6750250      0.496003360       6.85267034E-04
        7761   10.6818781      0.496003300       6.85175648E-04
        7771   10.6887302      0.496003360       6.85084960E-04
        7781   10.6955814      0.496003360       6.84994971E-04
        7791   10.7024317      0.496003360       6.84905623E-04
        7801   10.7092810      0.496003300       6.84816972E-04
        7811   10.7161293      0.496003330       6.84728962E-04
        7821   10.7229767      0.496003330       6.84641593E-04
        7831   10.7298231      0.496003360       6.84554863E-04
        7841   10.7366686      0.496003330       6.84468774E-04
        7851   10.7435131      0.496003300       6.84383325E-04
        7861   10.7503567      0.496003330       6.84298517E-04
        7871   10.7571993      0.496003330       6.84214348E-04
        7881   10.7640419      0.496003300       6.84130820E-04
        7891   10.7708836      0.496003300       6.84047875E-04
        7901   10.7777243      0.496003330       6.83965569E-04
        7911   10.7845640      0.496003300       6.83883845E-04
        7921   10.7914028      0.496003330       6.83802762E-04
        7931   10.7982407      0.496003300       6.83722261E-04
        7941   10.8050776      0.496003300       6.83642342E-04
        7951   10.8119144      0.496003270       6.83563063E-04
        7961   10.8187504      0.496003330       6.83484366E-04
        7971   10.8255854      0.496003270       6.83406251E-04
        7981   10.8324194      0.496003270       6.83328719E-04
        7991   10.8392525      0.496003270       6.83251710E-04
        8001   10.8460846      0.496003270       6.83175283E-04
        8011   10.8529167      0.496003240       6.83099439E-04
        8021   10.8597479      0.496003270       6.83024176E-04
        8031   10.8665781      0.496003270       6.82949438E-04
        8041   10.8734074      0.496003270       6.82875281E-04
        8051   10.8802357      0.496003300       6.82801649E-04
        8061   10.8870640      0.496003270       6.82728598E-04
        8071   10.8938913      0.496003270       6.82656071E-04
        8081   10.9007177      0.496003270       6.82584068E-04
        8091   10.9075432      0.496003240       6.82512589E-04
        8101   10.9143686      0.496003300       6.82441634E-04
        8111   10.9211931      0.496003270       6.82371203E-04
        8121   10.9280167      0.496003270       6.82301295E-04
        8131   10.9348392      0.496003270       6.82231912E-04
        8141   10.9416618      0.496003240       6.82163052E-04
        8151   10.9484835      0.496003270       6.82094716E-04
        8161   10.9553041      0.496003270       6.82026846E-04
        8171   10.9621248      0.496003240       6.81959500E-04
        8181   10.9689445      0.496003240       6.81892678E-04
        8191   10.9757633      0.496003270       6.81826321E-04
        8201   10.9825811      0.496003240       6.81760488E-04
        8211   10.9893990      0.496003270       6.81695121E-04
        8221   10.9962158      0.496003240       6.81630219E-04
        8231   11.0030317      0.496003211       6.81565783E-04
        8241   11.0098476      0.496003211       6.81501871E-04
        8251   11.0166626      0.496003270       6.81438425E-04
        8261   11.0234766      0.496003240       6.81375444E-04
        8271   11.0302906      0.496003240       6.81312929E-04
        8281   11.0371037      0.496003240       6.81250880E-04
        8291   11.0439157      0.496003270       6.81189296E-04
        8301   11.0507278      0.496003181       6.81128120E-04
        8311   11.0575390      0.496003211       6.81067409E-04
        8321   11.0643501      0.496003211       6.81007165E-04
        8331   11.0711603      0.496003240       6.80947385E-04
        8341   11.0779696      0.496003181       6.80888013E-04
        8351   11.0847788      0.496003240       6.80829107E-04
        8361   11.0915871      0.496003211       6.80770609E-04
        8371   11.0983944      0.496003181       6.80712576E-04
        8381   11.1052017      0.496003240       6.80654950E-04
        8391   11.1120081      0.496003181       6.80597732E-04
        8401   11.1188145      0.496003181       6.80540921E-04
        8411   11.1256199      0.496003181       6.80484576E-04
        8421   11.1324244      0.496003181       6.80428639E-04
        8431   11.1392288      0.496003151       6.80373108E-04
        8441   11.1460323      0.496003181       6.80317986E-04
        8451   11.1528358      0.496003181       6.80263271E-04
        8461   11.1596384      0.496003181       6.80208963E-04
        8471   11.1664410      0.496003211       6.80155063E-04
        8481   11.1732426      0.496003211       6.80101570E-04
        8491   11.1800432      0.496003181       6.80048426E-04
        8501   11.1868439      0.496003211       6.79995690E-04
        8511   11.1936436      0.496003181       6.79943361E-04
        8521   11.2004433      0.496003211       6.79891382E-04
        8531   11.2072420      0.496003151       6.79839810E-04
        8541   11.2140408      0.496003211       6.79788587E-04
        8551   11.2208385      0.496003181       6.79737772E-04
        8561   11.2276363      0.496003181       6.79687306E-04
        8571   11.2344332      0.496003151       6.79637247E-04
        8581   11.2412300      0.496003181       6.79587538E-04
        8591   11.2480259      0.496003181       6.79538178E-04
        8601   11.2548208      0.496003181       6.79489225E-04
        8611   11.2616158      0.496003181       6.79440622E-04
        8621   11.2684097      0.496003211       6.79392368E-04
        8631   11.2752037      0.496003181       6.79344463E-04
        8641   11.2819967      0.496003181       6.79296907E-04
        8651   11.2887897      0.496003151       6.79249701E-04
        8661   11.2955818      0.496003181       6.79202843E-04
        8671   11.3023739      0.496003181       6.79156336E-04
        8681   11.3091650      0.496003121       6.79110177E-04
        8691   11.3159561      0.496003151       6.79064367E-04
        8701   11.3227472      0.496003181       6.79018907E-04
        8711   11.3295374      0.496003151       6.78973738E-04
        8721   11.3363276      0.496003121       6.78928918E-04
        8731   11.3431168      0.496003181       6.78884448E-04
        8741   11.3499060      0.496003121       6.78840268E-04
        8751   11.3566942      0.496003181       6.78796438E-04
        8761   11.3634825      0.496003151       6.78752956E-04
        8771   11.3702698      0.496003151       6.78709766E-04
        8781   11.3770571      0.496003151       6.78666867E-04
        8791   11.3838434      0.496003151       6.78624318E-04
        8801   11.3906298      0.496003121       6.78582059E-04
        8811   11.3974152      0.496003121       6.78540149E-04
        8821   11.4042006      0.496003121       6.78498531E-04
        8831   11.4109859      0.496003121       6.78457203E-04
        8841   11.4177704      0.496003121       6.78416167E-04
        8851   11.4245548      0.496003151       6.78375480E-04
        8861   11.4313383      0.496003121       6.78335084E-04
        8871   11.4381218      0.496003151       6.78294979E-04
        8881   11.4449043      0.496003121       6.78255165E-04
        8891   11.4516869      0.496003121       6.78215642E-04
        8901   11.4584694      0.496003151       6.78176410E-04
        8911   11.4652510      0.496003121       6.78137469E-04
        8921   11.4720325      0.496003121       6.78098819E-04
        8931   11.4788132      0.496003091       6.78060460E-04
        8941   11.4855938      0.496003121       6.78022392E-04
        8951   11.4923744      0.496003121       6.77984557E-04
        8961   11.4991541      0.496003151       6.77947013E-04
        8971   11.5059338      0.496003121       6.77909760E-04
        8981   11.5127125      0.496003121       6.77872798E-04
        8991   11.5194912      0.496003121       6.77836069E-04
        9001   11.5262699      0.496003121       6.77799631E-04
        9011   11.5330477      0.496003121       6.77763426E-04
        9021   11.5398254      0.496003091       6.77727512E-04
        9031   11.5466022      0.496003091       6.77691889E-04
        9041   11.5533791      0.496003091       6.77656499E-04
        9051   11.5601559      0.496003091       6.77621400E-04
        9061   11.5669317      0.496003062       6.77586533E-04
        9071   11.5737076      0.496003091       6.77551900E-04
        9081   11.5804834      0.496003091       6.77517557E-04
        9091   11.5872583      0.496003091       6.77483447E-04
        9101   11.5940332      0.496003091       6.77449571E-04
        9111   11.6008081      0.496003121       6.77415985E-04
        9121   11.6075821      0.496003121       6.77382632E-04
        9131   11.6143560      0.496003151       6.77349512E-04
        9141   11.6211300      0.496003091       6.77316624E-04
        9151   11.6279030      0.496003091       6.77283970E-04
        9161   11.6346760      0.496003121       6.77251606E-04
        9171   11.6414480      0.496003091       6.77219476E-04
        9181   11.6482201      0.496003121       6.77187578E-04
        9191   11.6549921      0.496003091       6.77155913E-04
        9201   11.6617632      0.496003121       6.77124481E-04
        9211   11.6685343      0.496003091       6.77093281E-04
        9221   11.6753054      0.496003091       6.77062315E-04
        9231   11.6820765      0.496003091       6.77031581E-04
        9241   11.6888466      0.496003121       6.77001022E-04
        9251   11.6956167      0.496003091       6.76970696E-04
        9261   11.7023869      0.496003091       6.76940603E-04
        9271   11.7091560      0.496003062       6.76910742E-04
        9281   11.7159252      0.496003121       6.76881114E-04
        9291   11.7226944      0.496003121       6.76851661E-04
        9301   11.7294626      0.496003062       6.76822441E-04
        9311   11.7362309      0.496003062       6.76793454E-04
        9321   11.7429991      0.496003062       6.76764641E-04
        9331   11.7497663      0.496003121       6.76736061E-04
        9341   11.7565336      0.496003121       6.76707714E-04
        9351   11.7633009      0.496003121       6.76679541E-04
        9361   11.7700672      0.496003121       6.76651602E-04
        9371   11.7768335      0.496003121       6.76623837E-04
        9381   11.7835999      0.496003121       6.76596304E-04
        9391   11.7903662      0.496003091       6.76568947E-04
        9401   11.7971315      0.496003062       6.76541822E-04
        9411   11.8038969      0.496003062       6.76514872E-04
        9421   11.8106623      0.496003062       6.76488155E-04
        9431   11.8174267      0.496003091       6.76461612E-04
        9441   11.8241911      0.496003091       6.76435244E-04
        9451   11.8309555      0.496003062       6.76409109E-04
        9461   11.8377199      0.496003091       6.76383148E-04
        9471   11.8444834      0.496003091       6.76357362E-04
        9481   11.8512468      0.496003121       6.76331751E-04
        9491   11.8580103      0.496003062       6.76306372E-04
        9501   11.8647738      0.496003091       6.76281168E-04
        9511   11.8715363      0.496003032       6.76256139E-04
        9521   11.8782988      0.496003062       6.76231284E-04
        9531   11.8850613      0.496003032       6.76206604E-04
        9541   11.8918238      0.496003062       6.76182099E-04
        9551   11.8985853      0.496003062       6.76157768E-04
        9561   11.9053469      0.496003091       6.76133670E-04
        9571   11.9121084      0.496003062       6.76109747E-04
        9581   11.9188700      0.496003091       6.76085998E-04
        9591   11.9256306      0.496003091       6.76062424E-04
        9601   11.9323912      0.496003032       6.76039024E-04
        9611   11.9391518      0.496003062       6.76015799E-04
        9621   11.9459124      0.496003062       6.75992691E-04
        9631   11.9526720      0.496003032       6.75969757E-04
        9641   11.9594316      0.496003091       6.75946998E-04
        9651   11.9661913      0.496003062       6.75924413E-04
        9661   11.9729509      0.496003062       6.75902003E-04
        9671   11.9797096      0.496003062       6.75879768E-04
        9681   11.9864683      0.496003032       6.75857707E-04
        9691   11.9932270      0.496003091       6.75835763E-04
        9701   11.9999857      0.496003091       6.75813993E-04
        9711   12.0067434      0.496003062       6.75792398E-04
        9721   12.0135012      0.496003062       6.75770978E-04
        9731   12.0202589      0.496003062       6.75749674E-04
        9741   12.0270166      0.496003062       6.75728545E-04
        9751   12.0337744      0.496003062       6.75707590E-04
        9761   12.0405312      0.496003062       6.75686751E-04
        9771   12.0472879      0.496003062       6.75666088E-04
        9781   12.0540447      0.496003062       6.75645540E-04
        9791   12.0608015      0.496003091       6.75625168E-04
        9801   12.0675573      0.496003091       6.75604970E-04
        9811   12.0743132      0.496003091       6.75584888E-04
        9821   12.0810690      0.496003032       6.75564981E-04
        9831   12.0878248      0.496003032       6.75545190E-04
        9841   12.0945807      0.496003032       6.75525574E-04
        9851   12.1013355      0.496003062       6.75506075E-04
        9861   12.1080904      0.496003062       6.75486750E-04
        9871   12.1148453      0.496003032       6.75467541E-04
        9881   12.1216002      0.496003032       6.75448449E-04
        9891   12.1283550      0.496003062       6.75429532E-04
        9901   12.1351089      0.496003032       6.75410731E-04
        9911   12.1418629      0.496003032       6.75392104E-04
        9921   12.1486168      0.496003062       6.75373594E-04
        9931   12.1553707      0.496003032       6.75355201E-04
        9941   12.1621246      0.496003062       6.75336982E-04
        9951   12.1688776      0.496003091       6.75318879E-04
        9961   12.1756306      0.496003062       6.75300893E-04
        9971   12.1823835      0.496003062       6.75283023E-04
        9981   12.1891365      0.496003032       6.75265328E-04
        9991   12.1958895      0.496003062       6.75247749E-04
