           1   2.50000000       2.47934815E-02
          21   2.49407506       2.53511835E-02
          41   2.48222542       2.59191170E-02
          61   2.46454787       2.65010409E-02
          81   2.44124389       2.71048620E-02
         101   2.41263247       2.77442317E-02
         121   2.37916899       2.84399148E-02
         141   2.34147096       2.92208418E-02
         161   2.30034924       3.01239062E-02
         181   2.25684071       3.11915465E-02
         201   2.21224189       3.24666388E-02
         221   2.16813278       3.39842886E-02
         241   2.12638116       3.57625186E-02
         261   2.08911037       3.77962887E-02
         281   2.05861211       4.00611013E-02
         301   2.03718877       4.25289162E-02
         321   2.02692127       4.51890677E-02
         341   2.02938533       4.80547175E-02
         361   2.04537129       5.11375442E-02
         381   2.07468724       5.44009358E-02
         401   2.11612129       5.77300042E-02
         421   2.16759157       6.09527119E-02
         441   2.22644305       6.39012605E-02
         461   2.28980303       6.64697364E-02
         481   2.35489678       6.86347187E-02
         501   2.41926289       7.04390779E-02
         521   2.48085690       7.19598085E-02
         541   2.53806758       7.32797682E-02
         561   2.58967566       7.44705051E-02
         581   2.63478947       7.55860806E-02
         601   2.67277551       7.66633302E-02
         621   2.70319462       7.77249262E-02
         641   2.72575045       7.87833557E-02
         661   2.74024940       7.98444450E-02
         681   2.74657083       8.09101090E-02
         701   2.74464655       8.19803327E-02
         721   2.73444891       8.30553398E-02
         741   2.71598649       8.41373503E-02
         761   2.68930459       8.52326825E-02
         781   2.65449500       8.63548890E-02
         801   2.61171246       8.75289664E-02
         821   2.56120157       8.87974948E-02
         841   2.50333571       9.02289897E-02
         861   2.43867302       9.19287503E-02
         881   2.36803198       9.40508842E-02
         901   2.29259157       9.68076214E-02
         921   2.21401954      0.100468479    
         941   2.13462257      0.105335735    
         961   2.05750346      0.111683480    
         981   1.98668134      0.119665451    
        1001   1.92709434      0.129243553    
        1021   1.88435841      0.140242055    
        1041   1.86414707      0.152568176    
        1061   1.87114251      0.166374266    
        1081   1.90775561      0.181751207    
        1101   1.97313702      0.198053509    
        1121   2.06309438      0.213738918    
        1141   2.17111087      0.227156073    
        1161   2.28996587      0.237444028    
        1181   2.41314888      0.244699255    
        1201   2.53559852      0.249562472    
        1221   2.65380192      0.252771407    
        1241   2.76554537      0.254930258    
        1261   2.86956573      0.256459266    
        1281   2.96523857      0.257624596    
        1301   3.05234218      0.258585483    
        1321   3.13089514      0.259433836    
        1341   3.20104909      0.260220945    
        1361   3.26302218      0.260975063    
        1381   3.31705713      0.261711240    
        1401   3.36339593      0.262437105    
        1421   3.40226531      0.263156623    
        1441   3.43386841      0.263871491    
        1461   3.45837998      0.264582634    
        1481   3.47594476      0.265290320    
        1501   3.48667550      0.265994728    
        1521   3.49065399      0.266695887    
        1541   3.48792982      0.267393768    
        1561   3.47852159      0.268088400    
        1581   3.46241665      0.268779874    
        1601   3.43957114      0.269468248    
        1621   3.40991044      0.270153821    
        1641   3.37332892      0.270837396    
        1661   3.32969093      0.271520674    
        1681   3.27883101      0.272206634    
        1701   3.22055650      0.272901714    
        1721   3.15465069      0.273617446    
        1741   3.08088040      0.274375260    
        1761   2.99900723      0.275213540    
        1781   2.90880656      0.276200175    
        1801   2.81010079      0.277454764    
        1821   2.70281148      0.279184759    
        1841   2.58704376      0.281746447    
        1861   2.46322131      0.285740346    
        1881   2.33229971      0.292149484    
        1901   2.19609523      0.302505136    
        1921   2.05777764      0.318994373    
        1941   1.92256129      0.344287336    
        1961   1.79856038      0.380766392    
        1981   1.69755518      0.429307401    
        2001   1.63495469      0.489374220    
        2021   1.62763870      0.562240720    
        2041   1.68850780      0.650974870    
        2061   1.81920862      0.748341322    
        2081   2.00693297      0.832793117    
        2101   2.23012829      0.888850391    
        2121   2.46845174      0.918345332    
        2141   2.70835161      0.930854738    
        2161   2.94287157      0.934546828    
        2181   3.16930532      0.934231758    
        2201   3.38716841      0.932328522    
        2221   3.59697866      0.929958701    
        2241   3.79962921      0.927609563    
        2261   3.99609184      0.925472617    
        2281   4.18728781      0.923605800    
        2301   4.37404013      0.922008872    
        2321   4.55706167      0.920658529    
        2341   4.73695898      0.919523597    
        2361   4.91424417      0.918573499    
        2381   5.08934736      0.917779446    
        2401   5.26262856      0.917116404    
        2421   5.43438768      0.916563034    
        2441   5.60487652      0.916101217    
        2461   5.77430391      0.915715814    
        2481   5.94284487      0.915394187    
        2501   6.11064529      0.915125608    
        2521   6.27782679      0.914901376    
        2541   6.44449139      0.914714038    
        2561   6.61072397      0.914557576    
        2581   6.77659512      0.914426863    
        2601   6.94216442      0.914317608    
        2621   7.10748100      0.914226234    
        2641   7.27258635      0.914149880    
        2661   7.43751526      0.914086103    
        2681   7.60229635      0.914032698    
        2701   7.76695442      0.913988233    
        2721   7.93150902      0.913950920    
        2741   8.09597683      0.913919687    
        2761   8.26037312      0.913893580    
        2781   8.42470837      0.913871706    
        2801   8.58899307      0.913853526    
        2821   8.75323582      0.913838267    
        2841   8.91744328      0.913825393    
        2861   9.08162117      0.913814664    
        2881   9.24577427      0.913805723    
        2901   9.40990639      0.913798273    
        2921   9.57402134      0.913792074    
        2941   9.73812199      0.913786829    
        2961   9.90221024      0.913782477    
        2981   10.0662889      0.913778782    
        3001   10.2303591      0.913775682    
        3021   10.3944216      0.913773179    
        3041   10.5584784      0.913771033    
        3061   10.7225304      0.913769245    
        3081   10.8865786      0.913767695    
        3101   11.0506229      0.913766503    
        3121   11.2146645      0.913765430    
        3141   11.3787031      0.913764596    
        3161   11.5427399      0.913763881    
        3181   11.7067747      0.913763285    
        3201   11.8708086      0.913762808    
        3221   12.0348415      0.913762331    
        3241   12.1988735      0.913761973    
        3261   12.3629045      0.913761735    
        3281   12.5269346      0.913761497    
        3301   12.6909637      0.913761318    
        3321   12.8549929      0.913761079    
        3341   13.0190220      0.913761020    
        3361   13.1830502      0.913760900    
        3381   13.3470783      0.913760781    
        3401   13.5111065      0.913760662    
        3421   13.6751337      0.913760602    
        3441   13.8391609      0.913760543    
        3461   14.0031881      0.913760543    
        3481   14.1672153      0.913760543    
        3501   14.3312426      0.913760543    
        3521   14.4952698      0.913760424    
        3541   14.6592970      0.913760483    
        3561   14.8233242      0.913760424    
        3581   14.9873514      0.913760424    
        3601   15.1513786      0.913760304    
        3621   15.3154058      0.913760304    
        3641   15.4794331      0.913760304    
        3661   15.6434603      0.913760304    
        3681   15.8074875      0.913760304    
        3701   15.9715137      0.913760245    
        3721   16.1355400      0.913760185    
        3741   16.2995663      0.913760185    
        3761   16.4635925      0.913760245    
        3781   16.6276188      0.913760245    
        3801   16.7916451      0.913760304    
        3821   16.9556713      0.913760304    
        3841   17.1196976      0.913760304    
        3861   17.2837238      0.913760364    
        3881   17.4477501      0.913760364    
        3901   17.6117764      0.913760364    
        3921   17.7758026      0.913760364    
        3941   17.9398289      0.913760364    
        3961   18.1038551      0.913760364    
        3981   18.2678814      0.913760424    
        4001   18.4319077      0.913760424    
        4021   18.5959339      0.913760424    
        4041   18.7599602      0.913760424    
        4061   18.9239864      0.913760424    
        4081   19.0880127      0.913760424    
        4101   19.2520390      0.913760424    
        4121   19.4160652      0.913760424    
        4141   19.5800915      0.913760424    
        4161   19.7441177      0.913760424    
        4181   19.9081440      0.913760424    
        4201   20.0721703      0.913760424    
        4221   20.2361965      0.913760424    
        4241   20.4002228      0.913760424    
        4261   20.5642490      0.913760424    
        4281   20.7282753      0.913760424    
        4301   20.8923016      0.913760424    
        4321   21.0563278      0.913760424    
        4341   21.2203541      0.913760424    
        4361   21.3843803      0.913760424    
        4381   21.5484066      0.913760424    
        4401   21.7124329      0.913760424    
        4421   21.8764591      0.913760424    
        4441   22.0404854      0.913760424    
        4461   22.2045116      0.913760424    
        4481   22.3685379      0.913760424    
        4501   22.5325642      0.913760424    
        4521   22.6965904      0.913760424    
        4541   22.8606167      0.913760424    
        4561   23.0246429      0.913760424    
        4581   23.1886692      0.913760424    
        4601   23.3526955      0.913760424    
        4621   23.5167217      0.913760424    
        4641   23.6807480      0.913760424    
        4661   23.8447742      0.913760424    
        4681   24.0088005      0.913760424    
        4701   24.1728268      0.913760424    
        4721   24.3368530      0.913760424    
        4741   24.5008793      0.913760424    
        4761   24.6649055      0.913760424    
        4781   24.8289318      0.913760424    
        4801   24.9929581      0.913760424    
        4821   25.1569843      0.913760424    
        4841   25.3210106      0.913760424    
        4861   25.4850368      0.913760424    
        4881   25.6490631      0.913760424    
        4901   25.8130894      0.913760424    
        4921   25.9771156      0.913760424    
        4941   26.1411419      0.913760424    
        4961   26.3051682      0.913760424    
        4981   26.4691944      0.913760424    
        5001   26.6332207      0.913760424    
        5021   26.7972469      0.913760424    
        5041   26.9612732      0.913760424    
        5061   27.1252995      0.913760424    
        5081   27.2893257      0.913760424    
        5101   27.4533520      0.913760424    
        5121   27.6173782      0.913760424    
        5141   27.7814045      0.913760424    
        5161   27.9454308      0.913760424    
        5181   28.1094570      0.913760424    
        5201   28.2734833      0.913760424    
        5221   28.4375095      0.913760424    
        5241   28.6015358      0.913760424    
        5261   28.7655621      0.913760424    
        5281   28.9295883      0.913760424    
        5301   29.0936146      0.913760424    
        5321   29.2576408      0.913760424    
        5341   29.4216671      0.913760424    
        5361   29.5856934      0.913760424    
        5381   29.7497196      0.913760424    
        5401   29.9137459      0.913760424    
        5421   30.0777721      0.913760424    
        5441   30.2417984      0.913760424    
        5461   30.4058247      0.913760424    
        5481   30.5698509      0.913760424    
        5501   30.7338772      0.913760424    
        5521   30.8979034      0.913760424    
        5541   31.0619297      0.913760424    
        5561   31.2259560      0.913760424    
        5581   31.3899822      0.913760424    
        5601   31.5540085      0.913760424    
        5621   31.7180347      0.913760424    
        5641   31.8820610      0.913760424    
        5661   32.0460892      0.913760424    
        5681   32.2101173      0.913760424    
        5701   32.3741455      0.913760424    
        5721   32.5381737      0.913760424    
        5741   32.7022018      0.913760424    
        5761   32.8662300      0.913760424    
        5781   33.0302582      0.913760424    
        5801   33.1942863      0.913760424    
        5821   33.3583145      0.913760424    
        5841   33.5223427      0.913760424    
        5861   33.6863708      0.913760424    
        5881   33.8503990      0.913760424    
        5901   34.0144272      0.913760424    
        5921   34.1784554      0.913760424    
        5941   34.3424835      0.913760424    
        5961   34.5065117      0.913760424    
        5981   34.6705399      0.913760424    
        6001   34.8345680      0.913760424    
        6021   34.9985962      0.913760424    
        6041   35.1626244      0.913760424    
        6061   35.3266525      0.913760424    
        6081   35.4906807      0.913760424    
        6101   35.6547089      0.913760424    
        6121   35.8187370      0.913760424    
        6141   35.9827652      0.913760424    
        6161   36.1467934      0.913760424    
        6181   36.3108215      0.913760424    
        6201   36.4748497      0.913760424    
        6221   36.6388779      0.913760424    
        6241   36.8029060      0.913760424    
        6261   36.9669342      0.913760424    
        6281   37.1309624      0.913760424    
        6301   37.2949905      0.913760424    
        6321   37.4590187      0.913760424    
        6341   37.6230469      0.913760424    
        6361   37.7870750      0.913760424    
        6381   37.9511032      0.913760424    
        6401   38.1151314      0.913760424    
        6421   38.2791595      0.913760424    
        6441   38.4431877      0.913760424    
        6461   38.6072159      0.913760424    
        6481   38.7712440      0.913760424    
        6501   38.9352722      0.913760424    
        6521   39.0993004      0.913760424    
        6541   39.2633286      0.913760424    
        6561   39.4273567      0.913760424    
        6581   39.5913849      0.913760424    
        6601   39.7554131      0.913760424    
        6621   39.9194412      0.913760424    
        6641   40.0834694      0.913760424    
        6661   40.2474976      0.913760424    
        6681   40.4115257      0.913760424    
        6701   40.5755539      0.913760424    
        6721   40.7395821      0.913760424    
        6741   40.9036102      0.913760424    
        6761   41.0676384      0.913760424    
        6781   41.2316666      0.913760424    
        6801   41.3956947      0.913760424    
        6821   41.5597229      0.913760424    
        6841   41.7237511      0.913760424    
        6861   41.8877792      0.913760424    
        6881   42.0518074      0.913760424    
        6901   42.2158356      0.913760424    
        6921   42.3798637      0.913760424    
        6941   42.5438919      0.913760424    
        6961   42.7079201      0.913760424    
        6981   42.8719482      0.913760424    
        7001   43.0359764      0.913760424    
        7021   43.2000046      0.913760424    
        7041   43.3640327      0.913760424    
        7061   43.5280609      0.913760424    
        7081   43.6920891      0.913760424    
        7101   43.8561172      0.913760424    
        7121   44.0201454      0.913760424    
        7141   44.1841736      0.913760424    
        7161   44.3482018      0.913760424    
        7181   44.5122299      0.913760424    
        7201   44.6762581      0.913760424    
        7221   44.8402863      0.913760424    
        7241   45.0043144      0.913760424    
        7261   45.1683426      0.913760424    
        7281   45.3323708      0.913760424    
        7301   45.4963989      0.913760424    
        7321   45.6604271      0.913760424    
        7341   45.8244553      0.913760424    
        7361   45.9884834      0.913760424    
        7381   46.1525116      0.913760424    
        7401   46.3165398      0.913760424    
        7421   46.4805679      0.913760424    
        7441   46.6445961      0.913760424    
        7461   46.8086243      0.913760424    
        7481   46.9726524      0.913760424    
        7501   47.1366806      0.913760424    
        7521   47.3007088      0.913760424    
        7541   47.4647369      0.913760424    
        7561   47.6287651      0.913760424    
        7581   47.7927933      0.913760424    
        7601   47.9568214      0.913760424    
        7621   48.1208496      0.913760424    
        7641   48.2848778      0.913760424    
        7661   48.4489059      0.913760424    
        7681   48.6129341      0.913760424    
        7701   48.7769623      0.913760424    
        7721   48.9409904      0.913760424    
        7741   49.1050186      0.913760424    
        7761   49.2690468      0.913760424    
        7781   49.4330750      0.913760424    
        7801   49.5971031      0.913760424    
        7821   49.7611313      0.913760424    
        7841   49.9251595      0.913760424    
        7861   50.0891876      0.913760424    
        7881   50.2532158      0.913760424    
        7901   50.4172440      0.913760424    
        7921   50.5812721      0.913760424    
        7941   50.7453003      0.913760424    
        7961   50.9093285      0.913760424    
        7981   51.0733566      0.913760424    
        8001   51.2373848      0.913760424    
        8021   51.4014130      0.913760424    
        8041   51.5654411      0.913760424    
        8061   51.7294693      0.913760424    
        8081   51.8934975      0.913760424    
        8101   52.0575256      0.913760424    
        8121   52.2215538      0.913760424    
        8141   52.3855820      0.913760424    
        8161   52.5496101      0.913760424    
        8181   52.7136383      0.913760424    
        8201   52.8776665      0.913760424    
        8221   53.0416946      0.913760424    
        8241   53.2057228      0.913760424    
        8261   53.3697510      0.913760424    
        8281   53.5337791      0.913760424    
        8301   53.6978073      0.913760424    
        8321   53.8618355      0.913760424    
        8341   54.0258636      0.913760424    
        8361   54.1898918      0.913760424    
        8381   54.3539200      0.913760424    
        8401   54.5179482      0.913760424    
        8421   54.6819763      0.913760424    
        8441   54.8460045      0.913760424    
        8461   55.0100327      0.913760424    
        8481   55.1740608      0.913760424    
        8501   55.3380890      0.913760424    
        8521   55.5021172      0.913760424    
        8541   55.6661453      0.913760424    
        8561   55.8301735      0.913760424    
        8581   55.9942017      0.913760424    
        8601   56.1582298      0.913760424    
        8621   56.3222580      0.913760424    
        8641   56.4862862      0.913760424    
        8661   56.6503143      0.913760424    
        8681   56.8143425      0.913760424    
        8701   56.9783707      0.913760424    
        8721   57.1423988      0.913760424    
        8741   57.3064270      0.913760424    
        8761   57.4704552      0.913760424    
        8781   57.6344833      0.913760424    
        8801   57.7985115      0.913760424    
        8821   57.9625397      0.913760424    
        8841   58.1265678      0.913760424    
        8861   58.2905960      0.913760424    
        8881   58.4546242      0.913760424    
        8901   58.6186523      0.913760424    
        8921   58.7826805      0.913760424    
        8941   58.9467087      0.913760424    
        8961   59.1107368      0.913760424    
        8981   59.2747650      0.913760424    
        9001   59.4387932      0.913760424    
        9021   59.6028214      0.913760424    
        9041   59.7668495      0.913760424    
        9061   59.9308777      0.913760424    
        9081   60.0949059      0.913760424    
        9101   60.2589340      0.913760424    
        9121   60.4229622      0.913760424    
        9141   60.5869904      0.913760424    
        9161   60.7510185      0.913760424    
        9181   60.9150467      0.913760424    
        9201   61.0790749      0.913760424    
        9221   61.2431030      0.913760424    
        9241   61.4071312      0.913760424    
        9261   61.5711594      0.913760424    
        9281   61.7351875      0.913760424    
        9301   61.8992157      0.913760424    
        9321   62.0632439      0.913760424    
        9341   62.2272720      0.913760424    
        9361   62.3913002      0.913760424    
        9381   62.5553284      0.913760424    
        9401   62.7193565      0.913760424    
        9421   62.8833847      0.913760424    
        9441   63.0474129      0.913760424    
        9461   63.2114410      0.913760424    
        9481   63.3754692      0.913760424    
        9501   63.5394974      0.913760424    
        9521   63.7035255      0.913760424    
        9541   63.8675537      0.913760424    
        9561   64.0315781      0.913760424    
        9581   64.1956024      0.913760424    
        9601   64.3596268      0.913760424    
        9621   64.5236511      0.913760424    
        9641   64.6876755      0.913760424    
        9661   64.8516998      0.913760424    
        9681   65.0157242      0.913760424    
        9701   65.1797485      0.913760424    
        9721   65.3437729      0.913760424    
        9741   65.5077972      0.913760424    
        9761   65.6718216      0.913760424    
        9781   65.8358459      0.913760424    
        9801   65.9998703      0.913760424    
        9821   66.1638947      0.913760424    
        9841   66.3279190      0.913760424    
        9861   66.4919434      0.913760424    
        9881   66.6559677      0.913760424    
        9901   66.8199921      0.913760424    
        9921   66.9840164      0.913760424    
        9941   67.1480408      0.913760424    
        9961   67.3120651      0.913760424    
        9981   67.4760895      0.913760424    
