           1   3.67486811       2.02159739    
          41   4.32642555       2.01956987    
          81   4.96490049       2.01800346    
         121   5.59645557       2.01710939    
         161   6.22443295       2.01663494    
         201   6.85057974       2.01638985    
         241   7.47579384       2.01626444    
         281   8.10053444       2.01620054    
         321   8.72503471       2.01616812    
         361   9.34941292       2.01615143    
         401   9.97372913       2.01614332    
         441   10.5980139       2.01613903    
         481   11.2222824       2.01613712    
         521   11.8465433       2.01613593    
         561   12.4708004       2.01613522    
         601   13.0950556       2.01613498    
         641   13.7193089       2.01613498    
         681   14.3435621       2.01613474    
         721   14.9678154       2.01613474    
         761   15.5920677       2.01613450    
         801   16.2163200       2.01613450    
         841   16.8405724       2.01613474    
         881   17.4648247       2.01613474    
         921   18.0890770       2.01613474    
         961   18.7133293       2.01613474    
        1001   19.3375816       2.01613474    
        1041   19.9618340       2.01613474    
        1081   20.5860863       2.01613474    
        1121   21.2103386       2.01613474    
        1161   21.8345909       2.01613474    
        1201   22.4588432       2.01613474    
        1241   23.0830956       2.01613474    
        1281   23.7073479       2.01613474    
        1321   24.3316002       2.01613474    
        1361   24.9558525       2.01613474    
        1401   25.5801048       2.01613474    
        1441   26.2043571       2.01613474    
        1481   26.8286095       2.01613474    
        1521   27.4528618       2.01613474    
        1561   28.0771141       2.01613474    
        1601   28.7013664       2.01613474    
        1641   29.3256187       2.01613474    
        1681   29.9498711       2.01613474    
        1721   30.5741234       2.01613474    
        1761   31.1983757       2.01613474    
        1801   31.8226280       2.01613474    
        1841   32.4468803       2.01613474    
        1881   33.0711327       2.01613474    
        1921   33.6953850       2.01613474    
        1961   34.3196373       2.01613474    
        2001   34.9438896       2.01613474    
        2041   35.5681419       2.01613474    
        2081   36.1923943       2.01613474    
        2121   36.8166466       2.01613474    
        2161   37.4408989       2.01613474    
        2201   38.0651512       2.01613474    
        2241   38.6894035       2.01613474    
        2281   39.3136559       2.01613474    
        2321   39.9379082       2.01613474    
        2361   40.5621605       2.01613474    
        2401   41.1864128       2.01613474    
        2441   41.8106651       2.01613474    
        2481   42.4349174       2.01613474    
        2521   43.0591698       2.01613474    
        2561   43.6834221       2.01613474    
        2601   44.3076744       2.01613474    
        2641   44.9319267       2.01613474    
        2681   45.5561790       2.01613474    
        2721   46.1804314       2.01613474    
        2761   46.8046837       2.01613474    
        2801   47.4289360       2.01613474    
        2841   48.0531883       2.01613474    
        2881   48.6774406       2.01613474    
        2921   49.3016930       2.01613474    
        2961   49.9259453       2.01613474    
        3001   50.5501976       2.01613474    
        3041   51.1744499       2.01613474    
        3081   51.7987022       2.01613474    
        3121   52.4229546       2.01613474    
        3161   53.0472069       2.01613474    
        3201   53.6714592       2.01613474    
        3241   54.2957115       2.01613474    
        3281   54.9199638       2.01613474    
        3321   55.5442162       2.01613474    
        3361   56.1684685       2.01613474    
        3401   56.7927208       2.01613474    
        3441   57.4169731       2.01613474    
        3481   58.0412254       2.01613474    
        3521   58.6654778       2.01613474    
        3561   59.2897301       2.01613474    
        3601   59.9139824       2.01613474    
        3641   60.5382347       2.01613474    
        3681   61.1624870       2.01613474    
        3721   61.7867393       2.01613474    
        3761   62.4109917       2.01613474    
        3801   63.0352440       2.01613474    
        3841   63.6594963       2.01613474    
        3881   64.2837524       2.01613474    
        3921   64.9080048       2.01613474    
        3961   65.5322571       2.01613474    
        4001   66.1565094       2.01613474    
        4041   66.7807617       2.01613474    
        4081   67.4050140       2.01613474    
        4121   68.0292664       2.01613474    
        4161   68.6535187       2.01613474    
        4201   69.2777710       2.01613474    
        4241   69.9020233       2.01613474    
        4281   70.5262756       2.01613474    
        4321   71.1505280       2.01613474    
        4361   71.7747803       2.01613474    
        4401   72.3990326       2.01613474    
        4441   73.0232849       2.01613474    
        4481   73.6475372       2.01613474    
        4521   74.2717896       2.01613474    
        4561   74.8960419       2.01613474    
        4601   75.5202942       2.01613474    
        4641   76.1445465       2.01613474    
        4681   76.7687988       2.01613474    
        4721   77.3930511       2.01613474    
        4761   78.0173035       2.01613474    
        4801   78.6415558       2.01613474    
        4841   79.2658081       2.01613474    
        4881   79.8900604       2.01613474    
        4921   80.5143127       2.01613474    
        4961   81.1385651       2.01613474    
        5001   81.7628174       2.01613474    
        5041   82.3870697       2.01613474    
        5081   83.0113220       2.01613474    
        5121   83.6355743       2.01613474    
        5161   84.2598267       2.01613474    
        5201   84.8840790       2.01613474    
        5241   85.5083313       2.01613474    
        5281   86.1325836       2.01613474    
        5321   86.7568359       2.01613474    
        5361   87.3810883       2.01613474    
        5401   88.0053406       2.01613474    
        5441   88.6295929       2.01613474    
        5481   89.2538452       2.01613474    
        5521   89.8780975       2.01613474    
        5561   90.5023499       2.01613474    
        5601   91.1266022       2.01613474    
        5641   91.7508545       2.01613474    
        5681   92.3751068       2.01613474    
        5721   92.9993591       2.01613474    
        5761   93.6236115       2.01613474    
        5801   94.2478638       2.01613474    
        5841   94.8721161       2.01613474    
        5881   95.4963684       2.01613474    
        5921   96.1206207       2.01613474    
        5961   96.7448730       2.01613474    
        6001   97.3691254       2.01613474    
        6041   97.9933777       2.01613474    
        6081   98.6176300       2.01613474    
        6121   99.2418823       2.01613474    
        6161   99.8661346       2.01613474    
        6201   100.490387       2.01613474    
        6241   101.114639       2.01613474    
        6281   101.738892       2.01613474    
        6321   102.363144       2.01613474    
        6361   102.987396       2.01613474    
        6401   103.611649       2.01613474    
        6441   104.235901       2.01613474    
        6481   104.860153       2.01613474    
        6521   105.484406       2.01613474    
        6561   106.108658       2.01613474    
        6601   106.732910       2.01613474    
        6641   107.357162       2.01613474    
        6681   107.981415       2.01613474    
        6721   108.605667       2.01613474    
        6761   109.229919       2.01613474    
        6801   109.854172       2.01613474    
        6841   110.478424       2.01613474    
        6881   111.102676       2.01613474    
        6921   111.726929       2.01613474    
        6961   112.351181       2.01613474    
        7001   112.975433       2.01613474    
        7041   113.599686       2.01613474    
        7081   114.223938       2.01613474    
        7121   114.848190       2.01613474    
        7161   115.472443       2.01613474    
        7201   116.096695       2.01613474    
        7241   116.720947       2.01613474    
        7281   117.345200       2.01613474    
        7321   117.969452       2.01613474    
        7361   118.593704       2.01613474    
        7401   119.217957       2.01613474    
        7441   119.842209       2.01613474    
        7481   120.466461       2.01613474    
        7521   121.090714       2.01613474    
        7561   121.714966       2.01613474    
        7601   122.339218       2.01613474    
        7641   122.963470       2.01613474    
        7681   123.587723       2.01613474    
        7721   124.211975       2.01613474    
        7761   124.836227       2.01613474    
        7801   125.460480       2.01613474    
        7841   126.084732       2.01613474    
        7881   126.708984       2.01613474    
        7921   127.333237       2.01613474    
        7961   127.957489       2.01613474    
        8001   128.581741       2.01613474    
        8041   129.205994       2.01613474    
        8081   129.830246       2.01613474    
        8121   130.454498       2.01613474    
        8161   131.078751       2.01613474    
        8201   131.703003       2.01613474    
        8241   132.327255       2.01613474    
        8281   132.951508       2.01613474    
        8321   133.575760       2.01613474    
        8361   134.200012       2.01613474    
        8401   134.824265       2.01613474    
        8441   135.448517       2.01613474    
        8481   136.072769       2.01613474    
        8521   136.697021       2.01613474    
        8561   137.321274       2.01613474    
        8601   137.945526       2.01613474    
        8641   138.569778       2.01613474    
        8681   139.194031       2.01613474    
        8721   139.818283       2.01613474    
        8761   140.442535       2.01613474    
        8801   141.066788       2.01613474    
        8841   141.691040       2.01613474    
        8881   142.315292       2.01613474    
        8921   142.939545       2.01613474    
        8961   143.563797       2.01613474    
        9001   144.188049       2.01613474    
        9041   144.812302       2.01613474    
        9081   145.436554       2.01613474    
        9121   146.060806       2.01613474    
        9161   146.685059       2.01613474    
        9201   147.309311       2.01613474    
        9241   147.933563       2.01613474    
        9281   148.557816       2.01613474    
        9321   149.182068       2.01613474    
        9361   149.806320       2.01613474    
        9401   150.430573       2.01613474    
        9441   151.054825       2.01613474    
        9481   151.679077       2.01613474    
        9521   152.303329       2.01613474    
        9561   152.927582       2.01613474    
        9601   153.551834       2.01613474    
        9641   154.176086       2.01613474    
        9681   154.800339       2.01613474    
        9721   155.424591       2.01613474    
        9761   156.048843       2.01613474    
        9801   156.673096       2.01613474    
        9841   157.297348       2.01613474    
        9881   157.921600       2.01613474    
        9921   158.545853       2.01613474    
        9961   159.170105       2.01613474    
