           1   3.11849189      0.383841634    
          21   3.22876430      0.383843780    
          41   3.33120394      0.383831143    
          61   3.42623568      0.383812547    
          81   3.51428533      0.383792609    
         101   3.59576106      0.383773506    
         121   3.67104316      0.383756161    
         141   3.74047995      0.383740902    
         161   3.80438733      0.383727729    
         181   3.86304903      0.383716524    
         201   3.91671920      0.383707017    
         221   3.96562362      0.383699000    
         241   4.00996256      0.383692294    
         261   4.04991245      0.383686662    
         281   4.08562851      0.383681923    
         301   4.11724615      0.383678019    
         321   4.14488268      0.383674830    
         341   4.16863775      0.383672178    
         361   4.18859625      0.383670062    
         381   4.20482826      0.383668333    
         401   4.21739006      0.383667141    
         421   4.22632456      0.383666277    
         441   4.23166227      0.383665740    
         461   4.23342085      0.383665562    
         481   4.23160648      0.383665740    
         501   4.22621298      0.383666217    
         521   4.21722221      0.383667111    
         541   4.20460367      0.383668303    
         561   4.18831396      0.383669943    
         581   4.16829681      0.383672059    
         601   4.14448214      0.383674681    
         621   4.11678505      0.383677930    
         641   4.08510447      0.383681834    
         661   4.04932356      0.383686572    
         681   4.00930643      0.383692175    
         701   3.96489811      0.383698970    
         721   3.91592121      0.383706987    
         741   3.86217523      0.383716434    
         761   3.80343390      0.383727700    
         781   3.73944283      0.383740842    
         801   3.66991758      0.383756131    
         821   3.59454203      0.383773506    
         841   3.51296711      0.383792639    
         861   3.42481208      0.383812636    
         881   3.32966852      0.383831084    
         901   3.22711039      0.383843601    
         921   3.11671305      0.383841097    
         941   2.99809074      0.383807033    
         961   2.87096190      0.383711666    
         981   2.73526287      0.383504778    
        1001   2.59134054      0.383108318    
        1021   2.44027233      0.382422179    
        1041   2.28437185      0.381378859    
        1061   2.12793541      0.380118608    
        1081   1.97818089      0.379319012    
        1101   1.84603035      0.380309641    
        1121   1.74577296      0.383826941    
        1141   1.69218731      0.387520045    
        1161   1.69491315      0.387290776    
        1181   1.75342703      0.383423179    
        1201   1.85734200      0.380104601    
        1221   1.99171650      0.379341513    
        1241   2.14250445      0.380233735    
        1261   2.29914546      0.381491393    
        1281   2.45473695      0.382501781    
        1301   2.60520768      0.383156508    
        1321   2.74838781      0.383531034    
        1341   2.88328719      0.383724570    
        1361   3.00960851      0.383812308    
        1381   3.12744284      0.383842468    
        1401   3.23708534      0.383842945    
        1421   3.33892775      0.383829623    
        1441   3.43339586      0.383810759    
        1461   3.52091479      0.383790791    
        1481   3.60189080      0.383771718    
        1501   3.67670155      0.383754522    
        1521   3.74569321      0.383739501    
        1541   3.80917883      0.383726537    
        1561   3.86743975      0.383715451    
        1581   3.92072773      0.383706063    
        1601   3.96926665      0.383698165    
        1621   4.01325464      0.383691519    
        1641   4.05286694      0.383685976    
        1661   4.08825684      0.383681357    
        1681   4.11955786      0.383677542    
        1701   4.14688587      0.383674383    
        1721   4.17034006      0.383671790    
        1741   4.19000387      0.383669704    
        1761   4.20594597      0.383668095    
        1781   4.21822166      0.383666933    
        1801   4.22687292      0.383666128    
        1821   4.23192883      0.383665651    
        1841   4.23340702      0.383665472    
        1861   4.23131180      0.383665681    
        1881   4.22563696      0.383666217    
        1901   4.21636248      0.383667141    
        1921   4.20345736      0.383668423    
        1941   4.18687725      0.383670121    
        1961   4.16656446      0.383672237    
        1981   4.14244795      0.383674920    
        2001   4.11444139      0.383678198    
        2021   4.08244324      0.383682162    
        2041   4.04633474      0.383686960    
        2061   4.00597858      0.383692652    
        2081   3.96121788      0.383699477    
        2101   3.91187406      0.383707613    
        2121   3.85774422      0.383717239    
        2141   3.79860020      0.383728683    
        2161   3.73418522      0.383742034    
        2181   3.66421223      0.383757412    
        2201   3.58836269      0.383774966    
        2221   3.50628519      0.383794278    
        2241   3.41759634      0.383814156    
        2261   3.32188606      0.383832484    
        2281   3.21872711      0.383844197    
        2301   3.10769677      0.383839965    
        2321   2.98841453      0.383802354    
        2341   2.86061096      0.383700401    
        2361   2.72424626      0.383481830    
        2381   2.57971144      0.383066386    
        2401   2.42815948      0.382353485    
        2421   2.27202964      0.381283402    
        2441   2.11581206      0.380025417    
        2461   1.96699440      0.379312873    
        2481   1.83679926      0.380500376    
        2501   1.73969996      0.384167224    
        2521   1.69029880      0.387681872    
        2541   1.69757366      0.387071997    
        2561   1.76012957      0.383091688    
        2581   1.86699450      0.379952371    
        2601   2.00312948      0.379371375    
        2621   2.15470862      0.380331725    
        2641   2.31147408      0.381583154    
        2661   2.46678042      0.382565618    
        2681   2.61673760      0.383194685    
        2701   2.75929165      0.383551598    
        2721   2.89352131      0.383734435    
        2741   3.01916909      0.383816302    
        2761   3.13634753      0.383843303    
        2781   3.24536252      0.383842349    
        2801   3.34661007      0.383828282    
        2821   3.44051695      0.383809268    
        2841   3.52750754      0.383789301    
        2861   3.60798597      0.383770406    
        2881   3.68232751      0.383753330    
        2901   3.75087571      0.383738458    
        2921   3.81394100      0.383725643    
        2941   3.87180257      0.383714736    
        2961   3.92470980      0.383705437    
        2981   3.97288442      0.383697629    
        3001   4.01652288      0.383691102    
        3021   4.05579805      0.383685619    
        3041   4.09086180      0.383681059    
        3061   4.12184668      0.383677244    
        3081   4.14886713      0.383674115    
        3101   4.17202091      0.383671612    
        3121   4.19139004      0.383669585    
        3141   4.20704222      0.383668005    
        3161   4.21903181      0.383666843    
        3181   4.22739983      0.383666068    
        3201   4.23217440      0.383665651    
        3221   4.23337173      0.383665472    
        3241   4.23099613      0.383665740    
        3261   4.22503901      0.383666277    
        3281   4.21548080      0.383667201    
        3301   4.20228863      0.383668512    
        3321   4.18541765      0.383670270    
        3341   4.16480923      0.383672506    
        3361   4.14039040      0.383675128    
        3381   4.11207438      0.383678496    
        3401   4.07975817      0.383682519    
        3421   4.04332113      0.383687377    
        3441   4.00262499      0.383693188    
        3461   3.95751119      0.383700103    
        3481   3.90779901      0.383708358    
        3501   3.85328412      0.383718133    
        3521   3.79373574      0.383729696    
        3541   3.72889495      0.383743167    
        3561   3.65847254      0.383758783    
        3581   3.58214712      0.383776486    
        3601   3.49956465      0.383795857    
        3621   3.41033959      0.383815795    
        3641   3.31405973      0.383833766    
        3661   3.21029758      0.383844614    
        3681   3.09863186      0.383838475    
        3701   2.97868800      0.383797169    
        3721   2.85020947      0.383688301    
        3741   2.71318150      0.383457482    
        3761   2.56804085      0.383022368    
        3781   2.41601992      0.382282197    
        3801   2.25968790      0.381186247    
        3821   2.10373521      0.379934847    
        3841   1.95592356      0.379318297    
        3861   1.82777429      0.380708009    
        3881   1.73392558      0.384507596    
        3901   1.68876624      0.387814671    
        3921   1.70058012      0.386829823    
        3941   1.76710606      0.382767081    
        3961   1.87682438      0.379817516    
        3981   2.01463294      0.379410744    
        4001   2.16693997      0.380431145    
        4021   2.32378936      0.381673098    
        4041   2.47878718      0.382627159    
        4061   2.62821889      0.383231133    
        4081   2.77014160      0.383571148    
        4101   2.90370035      0.383743823    
        4121   3.02867556      0.383820027    
        4141   3.14520001      0.383843988    
        4161   3.25358987      0.383841515    
        4181   3.35424542      0.383826941    
        4201   3.44759393      0.383807719    
        4221   3.53405881      0.383787781    
        4241   3.61404204      0.383768976    
        4261   3.68791676      0.383752108    
        4281   3.75602341      0.383737355    
        4301   3.81867027      0.383724689    
        4321   3.87613416      0.383713871    
        4341   3.92866206      0.383704782    
        4361   3.97647357      0.383697093    
        4381   4.01976347      0.383690625    
        4401   4.05870247      0.383685172    
        4421   4.09344149      0.383680731    
        4441   4.12411118      0.383677036    
        4461   4.15082455      0.383673906    
        4481   4.17367792      0.383671403    
        4501   4.19275284      0.383669406    
        4521   4.20811558      0.383667886    
        4541   4.21981955      0.383666724    
        4561   4.22790432      0.383666039    
        4581   4.23239756      0.383665562    
        4601   4.23331451      0.383665502    
        4621   4.23065805      0.383665800    
        4641   4.22441912      0.383666396    
        4661   4.21457672      0.383667320    
        4681   4.20109749      0.383668631    
        4701   4.18393517      0.383670390    
        4721   4.16303015      0.383672655    
        4741   4.13830853      0.383675367    
        4761   4.10968208      0.383678734    
        4781   4.07704639      0.383682787    
        4801   4.04028034      0.383687735    
        4821   3.99924326      0.383693606    
        4841   3.95377517      0.383700639    
        4861   3.90369344      0.383709013    
        4881   3.84879184      0.383718908    
        4901   3.78883743      0.383730561    
        4921   3.72356915      0.383744240    
        4941   3.65269518      0.383759975    
        4961   3.57589149      0.383777887    
        4981   3.49280143      0.383797348    
        5001   3.40303731      0.383817226    
        5021   3.30618525      0.383834898    
        5041   3.20181727      0.383844823    
        5061   3.08951402      0.383836776    
        5081   2.96890688      0.383791566    
        5101   2.83975291      0.383675456    
        5121   2.70206404      0.383432001    
        5141   2.55632496      0.382976532    
        5161   2.40385032      0.382208705    
        5181   2.24734449      0.381087899    
        5201   2.09170413      0.379847884    
        5221   1.94497013      0.379336536    
        5241   1.81895924      0.380932570    
        5261   1.72845387      0.384845883    
        5281   1.68759072      0.387917787    
        5301   1.70392966      0.386566967    
        5321   1.77435195      0.382451415    
        5341   1.88682842      0.379699588    
        5361   2.02622604      0.379458696    
        5381   2.17919970      0.380531400    
        5401   2.33609390      0.381761044    
        5421   2.49076080      0.382686466    
        5441   2.63965511      0.383265942    
        5461   2.78094101      0.383589476    
        5481   2.91382742      0.383752406    
        5501   3.03813076      0.383823156    
        5521   3.15400314      0.383844256    
        5541   3.26177025      0.383840442    
        5561   3.36183619      0.383825243    
        5581   3.45462894      0.383805871    
        5601   3.54057050      0.383785993    
        5621   3.62006068      0.383767307    
        5641   3.69347024      0.383750618    
        5661   3.76113725      0.383736014    
        5681   3.82336736      0.383723497    
        5701   3.88043475      0.383712828    
        5721   3.93258452      0.383703858    
        5741   3.98003411      0.383696288    
        5761   4.02297592      0.383689940    
        5781   4.06158018      0.383684605    
        5801   4.09599495      0.383680165    
        5821   4.12634993      0.383676469    
        5841   4.15275669      0.383673459    
        5861   4.17531061      0.383671016    
        5881   4.19409132      0.383669019    
        5901   4.20916462      0.383667469    
        5921   4.22058249      0.383666366    
        5941   4.22838402      0.383665591    
        5961   4.23259592      0.383665204    
        5981   4.23323202      0.383665234    
        6001   4.23029423      0.383665413    
        6021   4.22377300      0.383666098    
        6041   4.21364641      0.383667052    
        6061   4.19987965      0.383668423    
        6081   4.18242550      0.383670270    
        6101   4.16122341      0.383672506    
        6121   4.13619852      0.383675337    
        6141   4.10726118      0.383678824    
        6161   4.07430553      0.383682907    
        6181   4.03720903      0.383687973    
        6201   3.99582982      0.383693933    
        6221   3.95000577      0.383701026    
        6241   3.89955306      0.383709550    
        6261   3.84426284      0.383719593    
        6281   3.78390050      0.383731425    
        6301   3.71820235      0.383745253    
        6321   3.64687419      0.383761138    
        6341   3.56958961      0.383779198    
        6361   3.48598933      0.383798778    
        6381   3.39568329      0.383818686    
        6401   3.29825592      0.383835971    
        6421   3.19327879      0.383844972    
        6441   3.08033490      0.383834869    
        6461   2.95906210      0.383785486    
        6481   2.82923222      0.383661777    
        6501   2.69088459      0.383405030    
        6521   2.54455423      0.382928640    
        6541   2.39164162      0.382132739    
        6561   2.23499155      0.380988300    
        6581   2.07971311      0.379764885    
        6601   1.93413115      0.379368246    
        6621   1.81035399      0.381173998    
        6641   1.72328639      0.385180086    
        6661   1.68677354      0.387989700    
        6681   1.70762217      0.386284947    
        6701   1.78186727      0.382145941    
        6721   1.89700866      0.379598141    
        6741   2.03791356      0.379514545    
        6761   2.19149518      0.380632222    
        6781   2.34839678      0.381846815    
        6801   2.50271082      0.382743478    
        6821   2.65105629      0.383299083    
        6841   2.79170012      0.383606851    
        6861   2.92391253      0.383760452    
        6881   3.04754424      0.383826017    
        6901   3.16276598      0.383844495    
        6921   3.26991224      0.383839369    
        6941   3.36939073      0.383823633    
        6961   3.46162963      0.383804083    
        6981   3.54704952      0.383784264    
        7001   3.62604856      0.383765757    
        7021   3.69899464      0.383749217    
        7041   3.76622343      0.383734852    
        7061   3.82803798      0.383722454    
        7081   3.88471031      0.383711934    
        7101   3.93648291      0.383703083    
        7121   3.98357129      0.383695602    
        7141   4.02616644      0.383689344    
        7161   4.06443596      0.383684099    
        7181   4.09852695      0.383679718    
        7201   4.12856770      0.383676112    
        7221   4.15466833      0.383673131    
        7241   4.17692280      0.383670717    
        7261   4.19540977      0.383668840    
        7281   4.21019411      0.383667320    
        7301   4.22132635      0.383666217    
        7321   4.22884464      0.383665502    
        7341   4.23277473      0.383665115    
        7361   4.23312950      0.383665115    
        7381   4.22991037      0.383665323    
        7401   4.22310638      0.383666009    
        7421   4.21269464      0.383667022    
        7441   4.19863987      0.383668423    
        7461   4.18089342      0.383670270    
        7481   4.15939331      0.383672565    
        7501   4.13406420      0.383675456    
        7521   4.10481453      0.383678973    
        7541   4.07153797      0.383683145    
        7561   4.03411007      0.383688241    
        7581   3.99238729      0.383694351    
        7601   3.94620609      0.383701503    
        7621   3.89538074      0.383710146    
        7641   3.83970046      0.383720309    
        7661   3.77892828      0.383732259    
        7681   3.71279836      0.383746266    
        7701   3.64101386      0.383762419    
        7721   3.56324577      0.383780539    
        7741   3.47913241      0.383800179    
        7761   3.38828135      0.383819938    
        7781   3.29027557      0.383836806    
        7801   3.18468642      0.383844823    
        7821   3.07109928      0.383832514    
        7841   2.94915915      0.383778811    
        7861   2.81865287      0.383647084    
        7881   2.67964935      0.383376569    
        7901   2.53273582      0.382878482    
        7921   2.37940240      0.382054210    
        7941   2.22263908      0.380887568    
        7961   2.06777382      0.379686356    
        7981   1.92341983      0.379414022    
        8001   1.80197191      0.381431162    
        8021   1.71843290      0.385507196    
        8041   1.68631685      0.388030171    
        8061   1.71165156      0.385986984    
        8081   1.78964078      0.381852388    
        8101   1.90735233      0.379513204    
        8121   2.04968357      0.379577637    
        8141   2.20381570      0.380733401    
        8161   2.36068869      0.381930530    
        8181   2.51462913      0.382798433    
        8201   2.66241503      0.383330792    
        8221   2.80241227      0.383623332    
        8241   2.93394947      0.383768022    
        8261   3.05691051      0.383828759    
        8281   3.17148352      0.383844674    
        8301   3.27801132      0.383838415    
        8321   3.37690449      0.383822143    
        8341   3.46859193      0.383802474    
        8361   3.55349278      0.383782744    
        8381   3.63200259      0.383764356    
        8401   3.70448709      0.383747965    
        8421   3.77127934      0.383733690    
        8441   3.83267999      0.383721501    
        8461   3.88895822      0.383711129    
        8481   3.94035482      0.383702368    
        8501   3.98708296      0.383695006    
        8521   4.02933168      0.383688778    
        8541   4.06726742      0.383683622    
        8561   4.10103512      0.383679271    
        8581   4.13076210      0.383675784    
        8601   4.15655661      0.383672774    
        8621   4.17851210      0.383670449    
        8641   4.19670582      0.383668542    
        8661   4.21120119      0.383667171    
        8681   4.22204781      0.383666098    
        8701   4.22928333      0.383665413    
        8721   4.23293161      0.383665025    
        8741   4.23300552      0.383665085    
        8761   4.22950506      0.383665413    
        8781   4.22241831      0.383666039    
        8801   4.21172142      0.383667141    
        8821   4.19737768      0.383668512    
        8841   4.17933798      0.383670390    
        8861   4.15753937      0.383672714    
        8881   4.13190508      0.383675635    
        8901   4.10234261      0.383679122    
        8921   4.06874418      0.383683503    
        8941   4.03098345      0.383688569    
        8961   3.98891592      0.383694708    
        8981   3.94237638      0.383702010    
        9001   3.89117694      0.383710772    
        9021   3.83510494      0.383721083    
        9041   3.77392125      0.383733213    
        9061   3.70735741      0.383747339    
        9081   3.63511443      0.383763611    
        9101   3.55686045      0.383781880    
        9121   3.47223139      0.383801639    
        9141   3.38083267      0.383821368    
        9161   3.28224564      0.383837819    
        9181   3.17604160      0.383844674    
        9201   3.06180859      0.383830011    
        9221   2.93919945      0.383771837    
        9241   2.80801702      0.383631736    
        9261   2.66836095      0.383346975    
        9281   2.52087283      0.382826537    
        9301   2.36713648      0.381973684    
        9321   2.21029234      0.380786598    
        9341   2.05589342      0.379613578    
        9361   1.91284513      0.379475057    
        9381   1.79382229      0.381703675    
        9401   1.71390021      0.385824859    
        9421   1.68622184      0.388038576    
        9441   1.71601284      0.385675222    
        9461   1.79766381      0.381572247    
        9481   1.91785049      0.379443973    
        9501   2.06152868      0.379647315    
        9521   2.21615577      0.380834550    
        9541   2.37296557      0.382012159    
        9561   2.52651286      0.382851362    
        9581   2.67372918      0.383361071    
        9601   2.81307578      0.383639038    
        9621   2.94393706      0.383775115    
        9641   3.06622839      0.383831203    
        9661   3.18015432      0.383844703    
        9681   3.28606582      0.383837253    
        9701   3.38437629      0.383820564    
        9721   3.47551441      0.383800834    
        9741   3.55989814      0.383781135    
        9761   3.63792109      0.383762956    
        9781   3.70994616      0.383746743    
        9801   3.77630353      0.383732677    
        9821   3.83729148      0.383720636    
        9841   3.89317727      0.383710355    
        9861   3.94419885      0.383701712    
        9881   3.99056792      0.383694410    
        9901   4.03247166      0.383688360    
        9921   4.07007408      0.383683205    
        9941   4.10351944      0.383678913    
        9961   4.13293314      0.383675456    
        9981   4.15842247      0.383672535    
