           1   3.06989288       2.45731568    
          41   3.83547163       2.42499948    
          81   4.56762648       2.39521122    
         121   5.27934074       2.37910748    
         161   5.98071575       2.37117505    
         201   6.67709589       2.36737275    
         241   7.37109900       2.36556840    
         281   8.06397724       2.36471605    
         321   8.75632477       2.36431384    
         361   9.44842243       2.36412430    
         401   10.1404018       2.36403513    
         441   10.8323259       2.36399317    
         481   11.5242243       2.36397338    
         521   12.2161102       2.36396408    
         561   12.9079905       2.36395955    
         601   13.5998678       2.36395741    
         641   14.2917442       2.36395669    
         681   14.9836197       2.36395621    
         721   15.6754951       2.36395574    
         761   16.3673706       2.36395574    
         801   17.0592461       2.36395574    
         841   17.7511215       2.36395597    
         881   18.4429970       2.36395597    
         921   19.1348724       2.36395597    
         961   19.8267479       2.36395597    
        1001   20.5186234       2.36395597    
        1041   21.2104988       2.36395597    
        1081   21.9023743       2.36395597    
        1121   22.5942497       2.36395597    
        1161   23.2861252       2.36395597    
        1201   23.9780006       2.36395597    
        1241   24.6698761       2.36395597    
        1281   25.3617516       2.36395597    
        1321   26.0536270       2.36395597    
        1361   26.7455025       2.36395597    
        1401   27.4373779       2.36395597    
        1441   28.1292534       2.36395597    
        1481   28.8211288       2.36395597    
        1521   29.5130043       2.36395597    
        1561   30.2048798       2.36395597    
        1601   30.8967552       2.36395597    
        1641   31.5886307       2.36395597    
        1681   32.2805061       2.36395597    
        1721   32.9723816       2.36395597    
        1761   33.6642570       2.36395597    
        1801   34.3561325       2.36395597    
        1841   35.0480080       2.36395597    
        1881   35.7398834       2.36395597    
        1921   36.4317589       2.36395597    
        1961   37.1236343       2.36395597    
        2001   37.8155098       2.36395597    
        2041   38.5073853       2.36395597    
        2081   39.1992607       2.36395597    
        2121   39.8911362       2.36395597    
        2161   40.5830116       2.36395597    
        2201   41.2748871       2.36395597    
        2241   41.9667625       2.36395597    
        2281   42.6586380       2.36395597    
        2321   43.3505135       2.36395597    
        2361   44.0423889       2.36395597    
        2401   44.7342644       2.36395597    
        2441   45.4261398       2.36395597    
        2481   46.1180153       2.36395597    
        2521   46.8098907       2.36395597    
        2561   47.5017662       2.36395597    
        2601   48.1936417       2.36395597    
        2641   48.8855171       2.36395597    
        2681   49.5773926       2.36395597    
        2721   50.2692680       2.36395597    
        2761   50.9611435       2.36395597    
        2801   51.6530190       2.36395597    
        2841   52.3448944       2.36395597    
        2881   53.0367699       2.36395597    
        2921   53.7286453       2.36395597    
        2961   54.4205208       2.36395597    
        3001   55.1123962       2.36395597    
        3041   55.8042717       2.36395597    
        3081   56.4961472       2.36395597    
        3121   57.1880226       2.36395597    
        3161   57.8798981       2.36395597    
        3201   58.5717735       2.36395597    
        3241   59.2636490       2.36395597    
        3281   59.9555244       2.36395597    
        3321   60.6473999       2.36395597    
        3361   61.3392754       2.36395597    
        3401   62.0311508       2.36395597    
        3441   62.7230263       2.36395597    
        3481   63.4149017       2.36395597    
        3521   64.1067734       2.36395597    
        3561   64.7986450       2.36395597    
        3601   65.4905167       2.36395597    
        3641   66.1823883       2.36395597    
        3681   66.8742599       2.36395597    
        3721   67.5661316       2.36395597    
        3761   68.2580032       2.36395597    
        3801   68.9498749       2.36395597    
        3841   69.6417465       2.36395597    
        3881   70.3336182       2.36395597    
        3921   71.0254898       2.36395597    
        3961   71.7173615       2.36395597    
        4001   72.4092331       2.36395597    
        4041   73.1011047       2.36395597    
        4081   73.7929764       2.36395597    
        4121   74.4848480       2.36395597    
        4161   75.1767197       2.36395597    
        4201   75.8685913       2.36395597    
        4241   76.5604630       2.36395597    
        4281   77.2523346       2.36395597    
        4321   77.9442062       2.36395597    
        4361   78.6360779       2.36395597    
        4401   79.3279495       2.36395597    
        4441   80.0198212       2.36395597    
        4481   80.7116928       2.36395597    
        4521   81.4035645       2.36395597    
        4561   82.0954361       2.36395597    
        4601   82.7873077       2.36395597    
        4641   83.4791794       2.36395597    
        4681   84.1710510       2.36395597    
        4721   84.8629227       2.36395597    
        4761   85.5547943       2.36395597    
        4801   86.2466660       2.36395597    
        4841   86.9385376       2.36395597    
        4881   87.6304092       2.36395597    
        4921   88.3222809       2.36395597    
        4961   89.0141525       2.36395597    
        5001   89.7060242       2.36395597    
        5041   90.3978958       2.36395597    
        5081   91.0897675       2.36395597    
        5121   91.7816391       2.36395597    
        5161   92.4735107       2.36395597    
        5201   93.1653824       2.36395597    
        5241   93.8572540       2.36395597    
        5281   94.5491257       2.36395597    
        5321   95.2409973       2.36395597    
        5361   95.9328690       2.36395597    
        5401   96.6247406       2.36395597    
        5441   97.3166122       2.36395597    
        5481   98.0084839       2.36395597    
        5521   98.7003555       2.36395597    
        5561   99.3922272       2.36395597    
        5601   100.084099       2.36395597    
        5641   100.775970       2.36395597    
        5681   101.467842       2.36395597    
        5721   102.159714       2.36395597    
        5761   102.851585       2.36395597    
        5801   103.543457       2.36395597    
        5841   104.235329       2.36395597    
        5881   104.927200       2.36395597    
        5921   105.619072       2.36395597    
        5961   106.310944       2.36395597    
        6001   107.002815       2.36395597    
        6041   107.694687       2.36395597    
        6081   108.386559       2.36395597    
        6121   109.078430       2.36395597    
        6161   109.770302       2.36395597    
        6201   110.462173       2.36395597    
        6241   111.154045       2.36395597    
        6281   111.845917       2.36395597    
        6321   112.537788       2.36395597    
        6361   113.229660       2.36395597    
        6401   113.921532       2.36395597    
        6441   114.613403       2.36395597    
        6481   115.305275       2.36395597    
        6521   115.997147       2.36395597    
        6561   116.689018       2.36395597    
        6601   117.380890       2.36395597    
        6641   118.072762       2.36395597    
        6681   118.764633       2.36395597    
        6721   119.456505       2.36395597    
        6761   120.148376       2.36395597    
        6801   120.840248       2.36395597    
        6841   121.532120       2.36395597    
        6881   122.223991       2.36395597    
        6921   122.915863       2.36395597    
        6961   123.607735       2.36395597    
        7001   124.299606       2.36395597    
        7041   124.991478       2.36395597    
        7081   125.683350       2.36395597    
        7121   126.375221       2.36395597    
        7161   127.067093       2.36395597    
        7201   127.758965       2.36395597    
        7241   128.450836       2.36395597    
        7281   129.142715       2.36395597    
        7321   129.834595       2.36395597    
        7361   130.526474       2.36395597    
        7401   131.218353       2.36395597    
        7441   131.910233       2.36395597    
        7481   132.602112       2.36395597    
        7521   133.293991       2.36395597    
        7561   133.985870       2.36395597    
        7601   134.677750       2.36395597    
        7641   135.369629       2.36395597    
        7681   136.061508       2.36395597    
        7721   136.753387       2.36395597    
        7761   137.445267       2.36395597    
        7801   138.137146       2.36395597    
        7841   138.829025       2.36395597    
        7881   139.520905       2.36395597    
        7921   140.212784       2.36395597    
        7961   140.904663       2.36395597    
        8001   141.596542       2.36395597    
        8041   142.288422       2.36395597    
        8081   142.980301       2.36395597    
        8121   143.672180       2.36395597    
        8161   144.364059       2.36395597    
        8201   145.055939       2.36395597    
        8241   145.747818       2.36395597    
        8281   146.439697       2.36395597    
        8321   147.131577       2.36395597    
        8361   147.823456       2.36395597    
        8401   148.515335       2.36395597    
        8441   149.207214       2.36395597    
        8481   149.899094       2.36395597    
        8521   150.590973       2.36395597    
        8561   151.282852       2.36395597    
        8601   151.974731       2.36395597    
        8641   152.666611       2.36395597    
        8681   153.358490       2.36395597    
        8721   154.050369       2.36395597    
        8761   154.742249       2.36395597    
        8801   155.434128       2.36395597    
        8841   156.126007       2.36395597    
        8881   156.817886       2.36395597    
        8921   157.509766       2.36395597    
        8961   158.201645       2.36395597    
        9001   158.893524       2.36395597    
        9041   159.585403       2.36395597    
        9081   160.277283       2.36395597    
        9121   160.969162       2.36395597    
        9161   161.661041       2.36395597    
        9201   162.352921       2.36395597    
        9241   163.044800       2.36395597    
        9281   163.736679       2.36395597    
        9321   164.428558       2.36395597    
        9361   165.120438       2.36395597    
        9401   165.812317       2.36395597    
        9441   166.504196       2.36395597    
        9481   167.196075       2.36395597    
        9521   167.887955       2.36395597    
        9561   168.579834       2.36395597    
        9601   169.271713       2.36395597    
        9641   169.963593       2.36395597    
        9681   170.655472       2.36395597    
        9721   171.347351       2.36395597    
        9761   172.039230       2.36395597    
        9801   172.731110       2.36395597    
        9841   173.422989       2.36395597    
        9881   174.114868       2.36395597    
        9921   174.806747       2.36395597    
        9961   175.498627       2.36395597    
