           1   2.50000000       2.43819114E-02  -1.48121326E-04
          11   2.49851871       2.45196335E-02  -2.96242652E-04
          21   2.49555635       2.46579722E-02  -4.43762692E-04
          31   2.49111867       2.47969180E-02  -5.90069278E-04
          41   2.48521805       2.49366388E-02  -7.34530273E-04
          51   2.47787285       2.50773076E-02  -8.76484904E-04
          61   2.46910810       2.52192281E-02  -1.01523486E-03
          71   2.45895576       2.53628045E-02  -1.15003542E-03
          81   2.44745541       2.55086236E-02  -1.28008658E-03
          91   2.43465447       2.56574117E-02  -1.40452513E-03
         101   2.42060924       2.58101225E-02  -1.52241671E-03
         111   2.40538502       2.59678420E-02  -1.63274922E-03
         121   2.38905764       2.61319261E-02  -1.73442753E-03
         131   2.37171340       2.63038538E-02  -1.82627013E-03
         141   2.35345078       2.64853388E-02  -1.90700882E-03
         151   2.33438063       2.66782138E-02  -1.97529164E-03
         161   2.31462765       2.68844590E-02  -2.02969136E-03
         171   2.29433084       2.71060616E-02  -2.06871866E-03
         181   2.27364373       2.73449663E-02  -2.09084433E-03
         191   2.25273538       2.76029557E-02  -2.09452840E-03
         201   2.23179007       2.78815478E-02  -2.07826006E-03
         211   2.21100736       2.81818397E-02  -2.04060785E-03
         221   2.19060135       2.85044033E-02  -1.98028237E-03
         231   2.17079854       2.88492404E-02  -1.89620827E-03
         241   2.15183640       2.92156748E-02  -1.78760581E-03
         251   2.13396025       2.96024159E-02  -1.65407965E-03
         261   2.11741948       3.00075561E-02  -1.49570790E-03
         271   2.10246229       3.04290019E-02  -1.31312804E-03
         281   2.08933091       3.08644269E-02  -1.10760704E-03
         291   2.07825494       3.13116163E-02  -8.81092215E-04
         301   2.06944394       3.17689776E-02  -6.36229292E-04
         311   2.06308174       3.22352797E-02  -3.76340351E-04
         321   2.05931830       3.27101015E-02  -1.05359417E-04
         331   2.05826473       3.31933238E-02   1.72279833E-04
         341   2.05998755       3.36851738E-02   4.51796077E-04
         351   2.06450558       3.41855884E-02   7.28245941E-04
         361   2.07178807       3.46940085E-02   9.96726681E-04
         371   2.08175540       3.52088846E-02   1.25258020E-03
         381   2.09428120       3.57275531E-02   1.49157993E-03
         391   2.10919690       3.62463444E-02   1.71008485E-03
         401   2.12629771       3.67606655E-02   1.90515036E-03
         411   2.14534926       3.72654870E-02   2.07458786E-03
         421   2.16609526       3.77558395E-02   2.21697567E-03
         431   2.18826509       3.82272191E-02   2.33162637E-03
         441   2.21158123       3.86759788E-02   2.41851690E-03
         451   2.23576641       3.90994884E-02   2.47819605E-03
         461   2.26054835       3.94963399E-02   2.51167757E-03
         471   2.28566504       3.98662798E-02   2.52033118E-03
         481   2.31086826       4.02100570E-02   2.50577764E-03
         491   2.33592606       4.05292474E-02   2.46979459E-03
         501   2.36062407       4.08260040E-02   2.41423538E-03
         511   2.38476634       4.11028527E-02   2.34096427E-03
         521   2.40817595       4.13625166E-02   2.25180504E-03
         531   2.43069410       4.16077077E-02   2.14850344E-03
         541   2.45217919       4.18410152E-02   2.03270302E-03
         551   2.47250628       4.20648307E-02   1.90592872E-03
         561   2.49156547       4.22812551E-02   1.76958053E-03
         571   2.50926137       4.24921736E-02   1.62493216E-03
         581   2.52551079       4.26991284E-02   1.47313438E-03
         591   2.54024220       4.29033563E-02   1.31522189E-03
         601   2.55339432       4.31058258E-02   1.15212274E-03
         611   2.56491566       4.33074310E-02   9.84668266E-04
         621   2.57476234       4.35086265E-02   8.13604391E-04
         631   2.58289838       4.37098593E-02   6.39603473E-04
         641   2.58929443       4.39113826E-02   4.63275675E-04
         651   2.59392715       4.41133380E-02   2.85180751E-04
         661   2.59677887       4.43157740E-02   1.05839325E-04
         671   2.59783721       4.45187688E-02  -7.42555276E-05
         681   2.59709454       4.47222590E-02  -2.54627317E-04
         691   2.59454823       4.49263081E-02  -4.34804911E-04
         701   2.59020019       4.51309606E-02  -6.14311313E-04
         711   2.58405709       4.53362912E-02  -7.92652136E-04
         721   2.57613063       4.55425456E-02  -9.69304063E-04
         731   2.56643748       4.57499847E-02  -1.14370254E-03
         741   2.55500054       4.59591933E-02  -1.31522911E-03
         751   2.54184818       4.61708084E-02  -1.48319814E-03
         761   2.52701616       4.63858321E-02  -1.64684281E-03
         771   2.51054764       4.66055274E-02  -1.80530059E-03
         781   2.49249458       4.68314923E-02  -1.95759791E-03
         791   2.47291851       4.70657237E-02  -2.10263487E-03
         801   2.45189214       4.73106727E-02  -2.23916932E-03
         811   2.42950034       4.75692227E-02  -2.36580288E-03
         821   2.40584230       4.78448346E-02  -2.48096697E-03
         831   2.38103271       4.81414013E-02  -2.58291233E-03
         841   2.35520363       4.84632961E-02  -2.66970322E-03
         851   2.32850671       4.88153137E-02  -2.73921667E-03
         861   2.30111456       4.92024682E-02  -2.78915279E-03
         871   2.27322292       4.96299006E-02  -2.81705568E-03
         881   2.24505234       5.01025319E-02  -2.82035139E-03
         891   2.21684885       5.06247692E-02  -2.79640523E-03
         901   2.18888474       5.12001477E-02  -2.74260365E-03
         911   2.16145873       5.18308543E-02  -2.65646214E-03
         921   2.13489413       5.25175221E-02  -2.53576343E-03
         931   2.10953641       5.32589257E-02  -2.37872312E-03
         941   2.08574915       5.40518425E-02  -2.18417915E-03
         951   2.06390738       5.48914559E-02  -1.95179589E-03
         961   2.04438949       5.57718165E-02  -1.68226601E-03
         971   2.02756691       5.66866398E-02  -1.37748953E-03
         981   2.01379204       5.76301478E-02  -1.04070432E-03
         991   2.00338507       5.85980080E-02  -6.76539436E-04
        1001   1.99661970       5.95876910E-02  -2.90966680E-04
        1011   1.99371004       6.05986454E-02   1.08864508E-04
        1021   1.99479866       6.16311841E-02   5.14912419E-04
        1031   1.99994779       6.26856536E-02   9.18628357E-04
        1041   2.00913405       6.37606457E-02   1.31141138E-03
        1051   2.02224827       6.48518428E-02   1.68508012E-03
        1061   2.03909898       6.59515560E-02   2.03230977E-03
        1071   2.05942202       6.70484006E-02   2.34698690E-03
        1081   2.08289194       6.81286007E-02   2.62444187E-03
        1091   2.10913634       6.91774487E-02   2.86155078E-03
        1101   2.13775182       7.01808929E-02   3.05670942E-03
        1111   2.16831899       7.11270720E-02   3.20969895E-03
        1121   2.20041609       7.20073134E-02   3.32147907E-03
        1131   2.23363090       7.28166774E-02   3.39394202E-03
        1141   2.26757026       7.35537931E-02   3.42965685E-03
        1151   2.30186677       7.42204264E-02   3.43162939E-03
        1161   2.33618307       7.48208463E-02   3.40309390E-03
        1171   2.37021399       7.53609985E-02   3.34734260E-03
        1181   2.40368748       7.58478120E-02   3.26759648E-03
        1191   2.43636346       7.62885809E-02   3.16691375E-03
        1201   2.46803260       7.66904801E-02   3.04812961E-03
        1211   2.49851394       7.70602673E-02   2.91382335E-03
        1221   2.52765226       7.74040148E-02   2.76630512E-03
        1231   2.55531526       7.77270496E-02   2.60761799E-03
        1241   2.58139133       7.80339539E-02   2.43954849E-03
        1251   2.60578680       7.83286095E-02   2.26364494E-03
        1261   2.62842321       7.86140710E-02   2.08123820E-03
        1271   2.64923549       7.88928717E-02   1.89346483E-03
        1281   2.66817021       7.91670606E-02   1.70128932E-03
        1291   2.68518305       7.94380754E-02   1.50552648E-03
        1301   2.70023823       7.97071084E-02   1.30686187E-03
        1311   2.71330690       7.99750015E-02   1.10587105E-03
        1321   2.72436571       8.02423358E-02   9.03037202E-04
        1331   2.73339605       8.05094913E-02   6.98766904E-04
        1341   2.74038363       8.07766840E-02   4.93404688E-04
        1351   2.74531770       8.10441226E-02   2.87246192E-04
        1361   2.74819016       8.13118070E-02   8.05505551E-05
        1371   2.74899578       8.15798268E-02  -1.26448373E-04
        1381   2.74773121       8.18480551E-02  -3.33531119E-04
        1391   2.74439597       8.21165964E-02  -5.40482055E-04
        1401   2.73899126       8.23855251E-02  -7.47078913E-04
        1411   2.73152041       8.26548487E-02  -9.53082053E-04
        1421   2.72198963       8.29248875E-02  -1.15822337E-03
        1431   2.71040750       8.31960216E-02  -1.36219442E-03
        1441   2.69678545       8.34687278E-02  -1.56463322E-03
        1451   2.68113923       8.37438703E-02  -1.76511006E-03
        1461   2.66348815       8.40225369E-02  -1.96311180E-03
        1471   2.64385700       8.43062103E-02  -2.15802342E-03
        1481   2.62227678       8.45968425E-02  -2.34910846E-03
        1491   2.59878564       8.48969519E-02  -2.53548566E-03
        1501   2.57343078       8.52098018E-02  -2.71610450E-03
        1511   2.54626966       8.55393857E-02  -2.88971607E-03
        1521   2.51737261       8.58907923E-02  -3.05484282E-03
        1531   2.48682427       8.62700939E-02  -3.20974551E-03
        1541   2.45472693       8.66846740E-02  -3.35238851E-03
        1551   2.42120314       8.71432424E-02  -3.48040485E-03
        1561   2.38639903       8.76559094E-02  -3.59106506E-03
        1571   2.35048842       8.82342458E-02  -3.68125015E-03
        1581   2.31367588       8.88909250E-02  -3.74743622E-03
        1591   2.27620149       8.96395668E-02  -3.78569658E-03
        1601   2.23834443       9.04940441E-02  -3.79172945E-03
        1611   2.20042706       9.14676785E-02  -3.76092363E-03
        1621   2.16281772       9.25721675E-02  -3.68847349E-03
        1631   2.12593293       9.38162506E-02  -3.56955640E-03
        1641   2.09023738       9.52043980E-02  -3.39958584E-03
        1651   2.05624151       9.67357159E-02  -3.17454664E-03
        1661   2.02449608       9.84032452E-02  -2.89140968E-03
        1671   1.99558198      0.100194573      -2.54861359E-03
        1681   1.97009587      0.102093115      -2.14657118E-03
        1691   1.94863021      0.104080953      -1.68814661E-03
        1701   1.93174875      0.106142245      -1.17901992E-03
        1711   1.91995859      0.108265780      -6.27845526E-04
        1721   1.91368008      0.110447109      -4.61234595E-05
        1731   1.91321886      0.112686522       5.52273530E-04
        1741   1.91874158      0.114985771       1.15190679E-03
        1751   1.93026066      0.117342114       1.73683872E-03
        1761   1.94762909      0.119743228       2.29181419E-03
        1771   1.97054720      0.122164257       2.80338014E-03
        1781   1.99858105      0.124568492       3.26077081E-03
        1791   2.03118873      0.126911998       3.65644018E-03
        1801   2.06775308      0.129149526       3.98620311E-03
        1811   2.10761499      0.131241187       4.24902001E-03
        1821   2.15010524      0.133157223       4.44652280E-03
        1831   2.19457054      0.134880349       4.58239671E-03
        1841   2.24039459      0.136405677       4.66173235E-03
        1851   2.28701186      0.137738898       4.69042594E-03
        1861   2.33391619      0.138893515       4.67468146E-03
        1871   2.38066292      0.139887825       4.62063123E-03
        1881   2.42686915      0.140742660       4.53407690E-03
        1891   2.47220993      0.141479030       4.42032609E-03
        1901   2.51641321      0.142116934       4.28411225E-03
        1911   2.55925441      0.142674387       4.12957137E-03
        1921   2.60055017      0.143167257       3.96025740E-03
        1931   2.64015269      0.143608853       3.77918221E-03
        1941   2.67794442      0.144010350       3.58886714E-03
        1951   2.71383309      0.144380882       3.39140091E-03
        1961   2.74774718      0.144727767       3.18849622E-03
        1971   2.77963209      0.145056665       2.98154354E-03
        1981   2.80944753      0.145372167       2.77166069E-03
        1991   2.83716416      0.145677835       2.55973544E-03
        2001   2.86276150      0.145976231       2.34646420E-03
        2011   2.88622618      0.146269530       2.13238364E-03
        2021   2.90755010      0.146559164       1.91789900E-03
        2031   2.92672920      0.146846294       1.70330727E-03
        2041   2.94376230      0.147131711       1.48881634E-03
        2051   2.95865035      0.147415906       1.27456221E-03
        2061   2.97139597      0.147699505       1.06062205E-03
        2071   2.98200226      0.147982582       8.47026124E-04
        2081   2.99047256      0.148265436       6.33767457E-04
        2091   2.99681020      0.148548052       4.20810073E-04
        2101   3.00101829      0.148830518       2.08096128E-04
        2111   3.00309920      0.149112850      -4.44783655E-06
        2121   3.00305462      0.149395093      -2.16905290E-04
        2131   3.00088549      0.149677217      -4.29364620E-04
        2141   2.99659181      0.149959236      -6.41914026E-04
        2151   2.99017262      0.150241166      -8.54636601E-04
        2161   2.98162627      0.150523126      -1.06760510E-03
        2171   2.97095013      0.150805235      -1.28087646E-03
        2181   2.95814133      0.151087657      -1.49448565E-03
        2191   2.94319654      0.151370898      -1.70843815E-03
        2201   2.92611217      0.151655212      -1.92270230E-03
        2211   2.90688515      0.151941419      -2.13719928E-03
        2221   2.88551307      0.152230337      -2.35179137E-03
        2231   2.86199522      0.152523324      -2.56626820E-03
        2241   2.83633256      0.152822003      -2.78033013E-03
        2251   2.80852938      0.153128639      -2.99356831E-03
        2261   2.77859378      0.153446108      -3.20544001E-03
        2271   2.74653935      0.153778195      -3.41523997E-03
        2281   2.71238685      0.154129922      -3.62206553E-03
        2291   2.67616630      0.154507667      -3.82477487E-03
        2301   2.63791847      0.154919490      -4.02193842E-03
        2311   2.59769917      0.155375749      -4.21178155E-03
        2321   2.55558133      0.155889347      -4.39211726E-03
        2331   2.51166010      0.156476349      -4.56027128E-03
        2341   2.46605730      0.157156467      -4.71299840E-03
        2351   2.41892743      0.157953560      -4.84639173E-03
        2361   2.37046361      0.158895835      -4.95579233E-03
        2371   2.32090569      0.160015956      -5.03570400E-03
        2381   2.27054858      0.161350682      -5.07972948E-03
        2391   2.21975136      0.162939593      -5.08054486E-03
        2401   2.16894579      0.164823085      -5.02994051E-03
        2411   2.11864638      0.167038977      -4.91896598E-03
        2421   2.06945682      0.169618264      -4.73822327E-03
        2431   2.02207470      0.172580004      -4.47835634E-03
        2441   1.97729111      0.175926626      -4.13078303E-03
        2451   1.93598330      0.179640472      -3.68868629E-03
        2461   1.89909649      0.183684826      -3.14824376E-03
        2471   1.86761403      0.188010037      -2.50999187E-03
        2481   1.84251416      0.192564219      -1.78012368E-03
        2491   1.82471287      0.197307423      -9.71430156E-04
        2501   1.81499863      0.202220127      -1.03533443E-04
        2511   1.81396329      0.207303196       7.97874236E-04
        2521   1.82194209      0.212563381       1.70290458E-03
        2531   1.83897114      0.217989504       2.58027157E-03
        2541   1.86477387      0.223530501       3.40052531E-03
        2551   1.89877915      0.229086637       4.13904805E-03
        2561   1.94016957      0.234520227       4.77818446E-03
        2571   1.98795140      0.239680216       5.30813960E-03
        2581   2.04103279      0.244431809       5.72664198E-03
        2591   2.09829926      0.248678386       6.03768229E-03
        2601   2.15867615      0.252371043       6.24977099E-03
        2611   2.22117376      0.255506277       6.37414074E-03
        2621   2.28491521      0.258115679       6.42318884E-03
        2631   2.34914708      0.260253698       6.40930096E-03
        2641   2.41324019      0.261985332       6.34407112E-03
        2651   2.47668099      0.263377517       6.23786636E-03
        2661   2.53905964      0.264493048       6.09964551E-03
        2671   2.60005617      0.265387505       5.93695045E-03
        2681   2.65942574      0.266108036       5.75600239E-03
        2691   2.71698570      0.266693473       5.56184817E-03
        2701   2.77260423      0.267175078       5.35852415E-03
        2711   2.82618952      0.267577529       5.14921825E-03
        2721   2.87768173      0.267919958       4.93641943E-03
        2731   2.92704582      0.268217325       4.72204620E-03
        2741   2.97426629      0.268480897       4.50755842E-03
        2751   3.01934195      0.268719375       4.29404946E-03
        2761   3.06228232      0.268939167       4.08232072E-03
        2771   3.10310555      0.269145191       3.87294381E-03
        2781   3.14183497      0.269341111       3.66631011E-03
        2791   3.17849803      0.269529641       3.46266921E-03
        2801   3.21312475      0.269712776       3.26216081E-03
        2811   3.24574637      0.269892007       3.06483940E-03
        2821   3.27639484      0.270068377       2.87069404E-03
        2831   3.30510187      0.270242721       2.67966371E-03
        2841   3.33189845      0.270415545       2.49164901E-03
        2851   3.35681486      0.270587265       2.30652234E-03
        2861   3.37988019      0.270758241       2.12413445E-03
        2871   3.40112162      0.270928681       1.94432109E-03
        2881   3.42056489      0.271098554       1.76690659E-03
        2891   3.43823385      0.271268129       1.59170781E-03
        2901   3.45415092      0.271437377       1.41853618E-03
        2911   3.46833634      0.271606356       1.24720007E-03
        2921   3.48080826      0.271775126       1.07750588E-03
        2931   3.49158335      0.271943748       9.09259194E-04
        2941   3.50067592      0.272112072       7.42265547E-04
        2951   3.50809860      0.272280246       5.76330698E-04
        2961   3.51386189      0.272448182       4.11260989E-04
        2971   3.51797462      0.272616029       2.46863434E-04
        2981   3.52044320      0.272783548       8.29456840E-05
        2991   3.52127266      0.272950947      -8.06839962E-05
        3001   3.52046585      0.273118079      -2.44216877E-04
        3011   3.51802373      0.273285091      -4.07843938E-04
        3021   3.51394534      0.273451895      -5.71755983E-04
        3031   3.50822783      0.273618460      -7.36143789E-04
        3041   3.50086641      0.273784906      -9.01198422E-04
        3051   3.49185443      0.273951083      -1.06711104E-03
        3061   3.48118329      0.274117112      -1.23407319E-03
        3071   3.46884251      0.274282932      -1.40227634E-03
        3081   3.45481968      0.274448603      -1.57191185E-03
        3091   3.43910050      0.274614215      -1.74317078E-03
        3101   3.42166877      0.274779648      -1.91624265E-03
        3111   3.40250635      0.274945110      -2.09131511E-03
        3121   3.38159323      0.275110632      -2.26857234E-03
        3131   3.35890746      0.275276303      -2.44819326E-03
        3141   3.33442545      0.275442392      -2.63034902E-03
        3151   3.30812192      0.275609165      -2.81520025E-03
        3161   3.27996993      0.275776953      -3.00289271E-03
        3171   3.24994111      0.275946409      -3.19355237E-03
        3181   3.21800566      0.276118100      -3.38727841E-03
        3191   3.18413281      0.276293039      -3.58413463E-03
        3201   3.14829159      0.276472658      -3.78413871E-03
        3211   3.11045027      0.276658773      -3.98724806E-03
        3221   3.07057786      0.276853740      -4.19334183E-03
        3231   3.02864456      0.277060866      -4.40219883E-03
        3241   2.98462248      0.277284503      -4.61346889E-03
        3251   2.93848777      0.277530432      -4.82663745E-03
        3261   2.89022136      0.277806431      -5.04097901E-03
        3271   2.83981156      0.278122663      -5.25550218E-03
        3281   2.78725648      0.278492540      -5.46887610E-03
        3291   2.73256779      0.278933764      -5.67934290E-03
        3301   2.67577434      0.279469222      -5.88460779E-03
        3311   2.61692834      0.280128896      -6.08170452E-03
        3321   2.55611134      0.280951262      -6.26683049E-03
        3331   2.49344301      0.281985283      -6.43515307E-03
        3341   2.42909145      0.283292770      -6.58058515E-03
        3351   2.36328554      0.284949869      -6.69553038E-03
        3361   2.29633021      0.287048876      -6.77062059E-03
        3371   2.22862411      0.289697528      -6.79446245E-03
        3381   2.16067958      0.293016583      -6.75345166E-03
        3391   2.09314513      0.297133356      -6.63172826E-03
        3401   2.02682781      0.302169412      -6.41139550E-03
        3411   1.96271384      0.308223307      -6.07316848E-03
        3421   1.90198219      0.315349042      -5.59764775E-03
        3431   1.84600568      0.323536634      -4.96740825E-03
        3441   1.79633164      0.332703322      -4.17000009E-03
        3451   1.75463164      0.342707992      -3.20172287E-03
        3461   1.72261441      0.353393883      -2.07163789E-03
        3471   1.70189798      0.364645958      -8.04781099E-04
        3481   1.69385016      0.376430213       5.56819374E-04
        3491   1.69941831      0.388775140       1.95661280E-03
        3501   1.71898448      0.401680410       3.32989683E-03
        3511   1.75228345      0.415002972       4.61299019E-03
        3521   1.79841340      0.428395212       5.75272366E-03
        3531   1.85594058      0.441351593       6.71337824E-03
        3541   1.92307436      0.453337491       7.47924624E-03
        3551   1.99786687      0.463928640       8.05279892E-03
        3561   2.07839489      0.472892255       8.44998099E-03
        3571   2.16289473      0.480192840       8.69460870E-03
        3581   2.24984074      0.485945702       8.81342497E-03
        3591   2.33797503      0.490353644       8.83256365E-03
        3601   2.42630076      0.493650824       8.77547637E-03
        3611   2.51405549      0.496065080       8.66203289E-03
        3621   2.60067582      0.497797132       8.50838702E-03
        3631   2.68575978      0.499013692       8.32727924E-03
        3641   2.76903248      0.499847114       8.12852103E-03
        3651   2.85031772      0.500399828       7.91952293E-03
        3661   2.92951298      0.500749111       7.70578580E-03
        3671   3.00657082      0.500952840       7.49132456E-03
        3681   3.08148408      0.501053393       7.27901468E-03
        3691   3.15427423      0.501081944       7.07087107E-03
        3701   3.22498298      0.501061082       6.86826278E-03
        3711   3.29366565      0.501007199       6.67207781E-03
        3721   3.36038637      0.500931859       6.48285123E-03
        3731   3.42521477      0.500843525       6.30085962E-03
        3741   3.48822331      0.500748098       6.12619333E-03
        3751   3.54948521      0.500649750       5.95880859E-03
        3761   3.60907340      0.500551343       5.79856988E-03
        3771   3.66705918      0.500454664       5.64527698E-03
        3781   3.72351193      0.500361145       5.49868867E-03
        3791   3.77849889      0.500271559       5.35853859E-03
        3801   3.83208418      0.500186265       5.22454595E-03
        3811   3.88432956      0.500105619       5.09642530E-03
        3821   3.93529391      0.500029624       4.97389212E-03
        3831   3.98503280      0.499958098       4.85666608E-03
        3841   4.03359938      0.499891102       4.74447617E-03
        3851   4.08104420      0.499828398       4.63706022E-03
        3861   4.12741470      0.499769688       4.53416770E-03
        3871   4.17275620      0.499714762       4.43556020E-03
        3881   4.21711159      0.499663502       4.34101094E-03
        3891   4.26052189      0.499615610       4.25030524E-03
        3901   4.30302477      0.499570817       4.16324008E-03
        3911   4.34465694      0.499528915       4.07962454E-03
        3921   4.38545322      0.499489784       3.99927841E-03
        3931   4.42544603      0.499453127       3.92203173E-03
        3941   4.46466637      0.499418885       3.84772546E-03
        3951   4.50314379      0.499386817       3.77620920E-03
        3961   4.54090595      0.499356747       3.70734185E-03
        3971   4.57797956      0.499328554       3.64099070E-03
        3981   4.61438942      0.499302030       3.57703096E-03
        3991   4.65015984      0.499277264       3.51534551E-03
        4001   4.68531322      0.499253839       3.45582375E-03
        4011   4.71987152      0.499231875       3.39836208E-03
        4021   4.75385523      0.499211192       3.34286247E-03
        4031   4.78728390      0.499191701       3.28923319E-03
        4041   4.82017612      0.499173343       3.23738740E-03
        4051   4.85255003      0.499155998       3.18724336E-03
        4061   4.88442230      0.499139637       3.13872378E-03
        4071   4.91580963      0.499124199       3.09175625E-03
        4081   4.94672728      0.499109566       3.04627209E-03
        4091   4.97719002      0.499095708       3.00220633E-03
        4101   5.00721216      0.499082655       2.95949774E-03
        4111   5.03680706      0.499070197       2.91808834E-03
        4121   5.06598806      0.499058396       2.87792343E-03
        4131   5.09476709      0.499047250       2.83895107E-03
        4141   5.12315655      0.499036580       2.80112214E-03
        4151   5.15116787      0.499026537       2.76439032E-03
        4161   5.17881155      0.499016941       2.72871112E-03
        4171   5.20609856      0.499007791       2.69404263E-03
        4181   5.23303890      0.498999119       2.66034529E-03
        4191   5.25964212      0.498990834       2.62758136E-03
        4201   5.28591776      0.498982906       2.59571476E-03
        4211   5.31187487      0.498975396       2.56471150E-03
        4221   5.33752203      0.498968214       2.53453897E-03
        4231   5.36286736      0.498961300       2.50516646E-03
        4241   5.38791895      0.498954743       2.47656461E-03
        4251   5.41268444      0.498948455       2.44870526E-03
        4261   5.43717146      0.498942465       2.42156163E-03
        4271   5.46138716      0.498936713       2.39510834E-03
        4281   5.48533821      0.498931199       2.36932118E-03
        4291   5.50903130      0.498925954       2.34417687E-03
        4301   5.53247309      0.498920858       2.31965305E-03
        4311   5.55566978      0.498916000       2.29572877E-03
        4321   5.57862711      0.498911321       2.27238378E-03
        4331   5.60135078      0.498906851       2.24959874E-03
        4341   5.62384701      0.498902559       2.22735503E-03
        4351   5.64612055      0.498898476       2.20563496E-03
        4361   5.66817713      0.498894453       2.18442152E-03
        4371   5.69002151      0.498890668       2.16369843E-03
        4381   5.71165848      0.498886943       2.14345008E-03
        4391   5.73309278      0.498883426       2.12366157E-03
        4401   5.75432920      0.498879999       2.10431870E-03
        4411   5.77537251      0.498876691       2.08540750E-03
        4421   5.79622650      0.498873502       2.06691492E-03
        4431   5.81689548      0.498870492       2.04882817E-03
        4441   5.83738375      0.498867482       2.03113491E-03
        4451   5.85769510      0.498864621       2.01382372E-03
        4461   5.87783337      0.498861909       1.99688319E-03
        4471   5.89780235      0.498859257       1.98030262E-03
        4481   5.91760540      0.498856723       1.96407153E-03
        4491   5.93724632      0.498854220       1.94817979E-03
        4501   5.95672798      0.498851776       1.93261774E-03
        4511   5.97605419      0.498849481       1.91737618E-03
        4521   5.99522781      0.498847216       1.90244615E-03
        4531   6.01425219      0.498845041       1.88781903E-03
        4541   6.03313017      0.498842955       1.87348644E-03
        4551   6.05186510      0.498840868       1.85944035E-03
        4561   6.07045937      0.498838902       1.84567308E-03
        4571   6.08891630      0.498836994       1.83217716E-03
        4581   6.10723829      0.498835176       1.81894540E-03
        4591   6.12542772      0.498833328       1.80597079E-03
        4601   6.14348745      0.498831570       1.79324660E-03
        4611   6.16141987      0.498829901       1.78076630E-03
        4621   6.17922735      0.498828232       1.76852371E-03
        4631   6.19691277      0.498826683       1.75651268E-03
        4641   6.21447802      0.498825103       1.74472737E-03
        4651   6.23192549      0.498823583       1.73316221E-03
        4661   6.24925709      0.498822093       1.72181160E-03
        4671   6.26647520      0.498820692       1.71067030E-03
        4681   6.28358173      0.498819262       1.69973308E-03
        4691   6.30057907      0.498817950       1.68899505E-03
        4701   6.31746912      0.498816609       1.67845131E-03
        4711   6.33425379      0.498815358       1.66809722E-03
        4721   6.35093498      0.498814106       1.65792834E-03
        4731   6.36751413      0.498812854       1.64794014E-03
        4741   6.38399363      0.498811722       1.63812854E-03
        4751   6.40037489      0.498810530       1.62848935E-03
        4761   6.41665983      0.498809427       1.61901850E-03
        4771   6.43284988      0.498808324       1.60971226E-03
        4781   6.44894695      0.498807251       1.60056679E-03
        4791   6.46495247      0.498806268       1.59157836E-03
        4801   6.48086834      0.498805225       1.58274360E-03
        4811   6.49669600      0.498804271       1.57405890E-03
        4821   6.51243639      0.498803258       1.56552100E-03
        4831   6.52809143      0.498802394       1.55712676E-03
        4841   6.54366255      0.498801440       1.54887291E-03
        4851   6.55915117      0.498800486       1.54075644E-03
        4861   6.57455873      0.498799652       1.53277430E-03
        4871   6.58988667      0.498798847       1.52492372E-03
        4881   6.60513592      0.498798013       1.51720177E-03
        4891   6.62030792      0.498797178       1.50960579E-03
        4901   6.63540411      0.498796374       1.50213309E-03
        4911   6.65042543      0.498795569       1.49478111E-03
        4921   6.66537333      0.498794824       1.48754730E-03
        4931   6.68024874      0.498794138       1.48042932E-03
        4941   6.69505310      0.498793393       1.47342461E-03
        4951   6.70978737      0.498792678       1.46653096E-03
        4961   6.72445250      0.498791963       1.45974616E-03
        4971   6.73904991      0.498791307       1.45306787E-03
        4981   6.75358057      0.498790652       1.44649402E-03
        4991   6.76804543      0.498790026       1.44002249E-03
        5001   6.78244543      0.498789310       1.43365131E-03
        5011   6.79678202      0.498788744       1.42737851E-03
        5021   6.81105566      0.498788089       1.42120209E-03
        5031   6.82526779      0.498787552       1.41512020E-03
        5041   6.83941889      0.498786986       1.40913099E-03
        5051   6.85351038      0.498786360       1.40323269E-03
        5061   6.86754274      0.498785853       1.39742356E-03
        5071   6.88151693      0.498785257       1.39170187E-03
        5081   6.89543390      0.498784721       1.38606597E-03
        5091   6.90929461      0.498784244       1.38051424E-03
        5101   6.92309952      0.498783708       1.37504505E-03
        5111   6.93685007      0.498783201       1.36965688E-03
        5121   6.95054674      0.498782724       1.36434822E-03
        5131   6.96419001      0.498782218       1.35911768E-03
        5141   6.97778130      0.498781711       1.35396374E-03
        5151   6.99132109      0.498781294       1.34888501E-03
        5161   7.00480986      0.498780817       1.34388020E-03
        5171   7.01824856      0.498780370       1.33894791E-03
        5181   7.03163815      0.498779953       1.33408676E-03
        5191   7.04497910      0.498779505       1.32929557E-03
        5201   7.05827188      0.498779118       1.32457307E-03
        5211   7.07151747      0.498778671       1.31991797E-03
        5221   7.08471680      0.498778254       1.31532922E-03
        5231   7.09786987      0.498777896       1.31080556E-03
        5241   7.11097813      0.498777479       1.30634580E-03
        5251   7.12404156      0.498777062       1.30194891E-03
        5261   7.13706112      0.498776734       1.29761372E-03
        5271   7.15003729      0.498776376       1.29333930E-03
        5281   7.16297054      0.498775959       1.28912448E-03
        5291   7.17586184      0.498775631       1.28496834E-03
        5301   7.18871164      0.498775274       1.28086982E-03
        5311   7.20152044      0.498774916       1.27682788E-03
        5321   7.21428871      0.498774618       1.27284171E-03
        5331   7.22701693      0.498774230       1.26891024E-03
        5341   7.23970604      0.498773932       1.26503257E-03
        5351   7.25235653      0.498773575       1.26120786E-03
        5361   7.26496840      0.498773277       1.25743519E-03
        5371   7.27754259      0.498772979       1.25371374E-03
        5381   7.29007959      0.498772681       1.25004270E-03
        5391   7.30257988      0.498772353       1.24642113E-03
        5401   7.31504393      0.498772085       1.24284835E-03
        5411   7.32747221      0.498771757       1.23932352E-03
        5421   7.33986521      0.498771489       1.23584585E-03
        5431   7.35222387      0.498771191       1.23241462E-03
        5441   7.36454821      0.498770952       1.22902903E-03
        5451   7.37683868      0.498770684       1.22568838E-03
        5461   7.38909578      0.498770446       1.22239196E-03
        5471   7.40131950      0.498770118       1.21913897E-03
        5481   7.41351080      0.498769850       1.21592882E-03
        5491   7.42567015      0.498769611       1.21276081E-03
        5501   7.43779755      0.498769403       1.20963436E-03
        5511   7.44989395      0.498769164       1.20654877E-03
        5521   7.46195936      0.498768866       1.20350334E-03
        5531   7.47399426      0.498768687       1.20049750E-03
        5541   7.48599911      0.498768449       1.19753066E-03
        5551   7.49797440      0.498768240       1.19460223E-03
        5561   7.50992060      0.498768002       1.19171152E-03
        5571   7.52183771      0.498767734       1.18885806E-03
        5581   7.53372622      0.498767525       1.18604128E-03
        5591   7.54558659      0.498767287       1.18326058E-03
        5601   7.55741930      0.498767078       1.18051539E-03
        5611   7.56922436      0.498766929       1.17780524E-03
        5621   7.58100224      0.498766690       1.17512955E-03
        5631   7.59275341      0.498766482       1.17248786E-03
        5641   7.60447836      0.498766273       1.16987957E-03
        5651   7.61617708      0.498766065       1.16730435E-03
        5661   7.62785006      0.498765856       1.16476160E-03
        5671   7.63949776      0.498765677       1.16225088E-03
        5681   7.65112019      0.498765498       1.15977169E-03
        5691   7.66271782      0.498765320       1.15732348E-03
        5701   7.67429113      0.498765141       1.15490588E-03
        5711   7.68584013      0.498764962       1.15251855E-03
        5721   7.69736528      0.498764813       1.15016091E-03
        5731   7.70886707      0.498764604       1.14783261E-03
        5741   7.72034550      0.498764455       1.14553317E-03
        5751   7.73180103      0.498764277       1.14326226E-03
        5761   7.74323368      0.498764127       1.14101940E-03
        5771   7.75464392      0.498763949       1.13880413E-03
        5781   7.76603174      0.498763800       1.13661611E-03
        5791   7.77739811      0.498763621       1.13445497E-03
        5801   7.78874254      0.498763442       1.13232038E-03
        5811   7.80006552      0.498763263       1.13021187E-03
        5821   7.81136751      0.498763144       1.12812920E-03
        5831   7.82264900      0.498762965       1.12607190E-03
        5841   7.83390951      0.498762846       1.12403964E-03
        5851   7.84514999      0.498762697       1.12203206E-03
        5861   7.85637045      0.498762578       1.12004881E-03
        5871   7.86757088      0.498762429       1.11808965E-03
        5881   7.87875175      0.498762339       1.11615413E-03
        5891   7.88991308      0.498762190       1.11424201E-03
        5901   7.90105534      0.498762012       1.11235294E-03
        5911   7.91217899      0.498761892       1.11048657E-03
        5921   7.92328405      0.498761773       1.10864255E-03
        5931   7.93437052      0.498761624       1.10682065E-03
        5941   7.94543886      0.498761475       1.10502052E-03
        5951   7.95648909      0.498761356       1.10324193E-03
        5961   7.96752167      0.498761237       1.10148464E-03
        5971   7.97853661      0.498761088       1.09974819E-03
        5981   7.98953390      0.498760998       1.09803246E-03
        5991   8.00051403      0.498760819       1.09633710E-03
        6001   8.01147747      0.498760790       1.09466177E-03
        6011   8.02242374      0.498760641       1.09300634E-03
        6021   8.03335381      0.498760492       1.09137048E-03
        6031   8.04426765      0.498760402       1.08975393E-03
        6041   8.05516529      0.498760313       1.08815636E-03
        6051   8.06604671      0.498760194       1.08657766E-03
        6061   8.07691288      0.498760045       1.08501746E-03
        6071   8.08776283      0.498759985       1.08347554E-03
        6081   8.09859753      0.498759866       1.08195178E-03
        6091   8.10941696      0.498759717       1.08044583E-03
        6101   8.12022114      0.498759627       1.07895746E-03
        6111   8.13101101      0.498759508       1.07748643E-03
        6121   8.14178562      0.498759419       1.07603252E-03
        6131   8.15254593      0.498759359       1.07459561E-03
        6141   8.16329193      0.498759240       1.07317534E-03
        6151   8.17402363      0.498759121       1.07177161E-03
        6161   8.18474102      0.498759061       1.07038417E-03
        6171   8.19544506      0.498758942       1.06901280E-03
        6181   8.20613480      0.498758852       1.06765726E-03
        6191   8.21681118      0.498758763       1.06631732E-03
        6201   8.22747421      0.498758644       1.06499286E-03
        6211   8.23812389      0.498758525       1.06368365E-03
        6221   8.24876118      0.498758465       1.06238958E-03
        6231   8.25938511      0.498758435       1.06111029E-03
        6241   8.26999664      0.498758316       1.05984567E-03
        6251   8.28059483      0.498758256       1.05859560E-03
        6261   8.29118061      0.498758167       1.05735986E-03
        6271   8.30175400      0.498758018       1.05613819E-03
        6281   8.31231499      0.498758048       1.05493050E-03
        6291   8.32286453      0.498757869       1.05373666E-03
        6301   8.33340168      0.498757839       1.05255644E-03
        6311   8.34392738      0.498757750       1.05138961E-03
        6321   8.35444164      0.498757690       1.05023605E-03
        6331   8.36494446      0.498757571       1.04909565E-03
        6341   8.37543583      0.498757511       1.04796817E-03
        6351   8.38591576      0.498757452       1.04685349E-03
        6361   8.39638424      0.498757392       1.04575139E-03
        6371   8.40684128      0.498757273       1.04466174E-03
        6381   8.41728783      0.498757213       1.04358443E-03
        6391   8.42772388      0.498757184       1.04251923E-03
        6401   8.43814945      0.498757064       1.04146614E-03
        6411   8.44856453      0.498757005       1.04042492E-03
        6421   8.45896912      0.498756975       1.03939534E-03
        6431   8.46936321      0.498756886       1.03837741E-03
        6441   8.47974682      0.498756826       1.03737088E-03
        6451   8.49012089      0.498756766       1.03637564E-03
        6461   8.50048447      0.498756707       1.03539159E-03
        6471   8.51083851      0.498756617       1.03441859E-03
        6481   8.52118301      0.498756558       1.03345641E-03
        6491   8.53151798      0.498756468       1.03250507E-03
        6501   8.54184341      0.498756438       1.03156432E-03
        6511   8.55215931      0.498756349       1.03063404E-03
        6521   8.56246567      0.498756319       1.02971413E-03
        6531   8.57276249      0.498756200       1.02880446E-03
        6541   8.58305073      0.498756170       1.02790492E-03
        6551   8.59332943      0.498756170       1.02701539E-03
        6561   8.60359955      0.498756081       1.02613575E-03
        6571   8.61386108      0.498755991       1.02526590E-03
        6581   8.62411404      0.498755962       1.02440570E-03
        6591   8.63435841      0.498755872       1.02355506E-03
        6601   8.64459419      0.498755872       1.02271384E-03
        6611   8.65482140      0.498755783       1.02188194E-03
        6621   8.66504002      0.498755753       1.02105923E-03
        6631   8.67525101      0.498755723       1.02024560E-03
        6641   8.68545341      0.498755634       1.01944094E-03
        6651   8.69564819      0.498755544       1.01864513E-03
        6661   8.70583439      0.498755544       1.01785816E-03
        6671   8.71601295      0.498755485       1.01707981E-03
        6681   8.72618389      0.498755455       1.01631007E-03
        6691   8.73634720      0.498755336       1.01554871E-03
        6701   8.74650288      0.498755336       1.01479574E-03
        6711   8.75665092      0.498755246       1.01405103E-03
        6721   8.76679134      0.498755246       1.01331458E-03
        6731   8.77692413      0.498755217       1.01258617E-03
        6741   8.78705025      0.498755157       1.01186568E-03
        6751   8.79716873      0.498755068       1.01115310E-03
        6761   8.80728054      0.498755038       1.01044832E-03
        6771   8.81738472      0.498755008       1.00975123E-03
        6781   8.82748222      0.498754948       1.00906182E-03
        6791   8.83757305      0.498754889       1.00837997E-03
        6801   8.84765720      0.498754859       1.00770546E-03
        6811   8.85773468      0.498754799       1.00703840E-03
        6821   8.86780548      0.498754799       1.00637856E-03
        6831   8.87786961      0.498754770       1.00572594E-03
        6841   8.88792706      0.498754710       1.00508041E-03
        6851   8.89797783      0.498754621       1.00444187E-03
        6861   8.90802193      0.498754650       1.00381032E-03
        6871   8.91806030      0.498754621       1.00318564E-03
        6881   8.92809200      0.498754561       1.00256770E-03
        6891   8.93811798      0.498754472       1.00195652E-03
        6901   8.94813728      0.498754472       1.00135198E-03
        6911   8.95815086      0.498754442       1.00075395E-03
        6921   8.96815872      0.498754382       1.00016233E-03
        6931   8.97815990      0.498754352       9.99577111E-04
        6941   8.98815536      0.498754293       9.98998294E-04
        6951   8.99814510      0.498754233       9.98425763E-04
        6961   9.00812912      0.498754233       9.97859403E-04
        6971   9.01810741      0.498754174       9.97299096E-04
        6981   9.02807999      0.498754144       9.96744842E-04
        6991   9.03804779      0.498754144       9.96196643E-04
        7001   9.04800987      0.498754114       9.95654264E-04
        7011   9.05796623      0.498754054       9.95117822E-04
        7021   9.06791782      0.498753995       9.94587084E-04
        7031   9.07786369      0.498753995       9.94062051E-04
        7041   9.08780384      0.498753935       9.93542722E-04
        7051   9.09773922      0.498753905       9.93028982E-04
        7061   9.10766983      0.498753875       9.92520712E-04
        7071   9.11759472      0.498753905       9.92017915E-04
        7081   9.12751484      0.498753846       9.91520588E-04
        7091   9.13743019      0.498753816       9.91028501E-04
        7101   9.14734077      0.498753786       9.90541768E-04
        7111   9.15724659      0.498753756       9.90060274E-04
        7121   9.16714764      0.498753697       9.89583903E-04
        7131   9.17704391      0.498753667       9.89112654E-04
        7141   9.18693542      0.498753667       9.88646410E-04
        7151   9.19682217      0.498753607       9.88185173E-04
        7161   9.20670414      0.498753607       9.87728825E-04
        7171   9.21658134      0.498753548       9.87277366E-04
        7181   9.22645378      0.498753548       9.86830797E-04
        7191   9.23632240      0.498753488       9.86389001E-04
        7201   9.24618626      0.498753458       9.85951861E-04
        7211   9.25604534      0.498753399       9.85519378E-04
        7221   9.26590061      0.498753428       9.85091552E-04
        7231   9.27575111      0.498753428       9.84668266E-04
        7241   9.28559780      0.498753369       9.84249520E-04
        7251   9.29544067      0.498753369       9.83835198E-04
        7261   9.30527878      0.498753339       9.83425300E-04
        7271   9.31511307      0.498753279       9.83019709E-04
        7281   9.32494354      0.498753279       9.82618541E-04
        7291   9.33477020      0.498753250       9.82221565E-04
        7301   9.34459209      0.498753190       9.81828780E-04
        7311   9.35441017      0.498753190       9.81440186E-04
        7321   9.36422443      0.498753190       9.81055782E-04
        7331   9.37403488      0.498753160       9.80675453E-04
        7341   9.38384151      0.498753130       9.80299199E-04
        7351   9.39364433      0.498753101       9.79926903E-04
        7361   9.40344334      0.498753071       9.79558565E-04
        7371   9.41323853      0.498753071       9.79194068E-04
        7381   9.42303085      0.498753041       9.78833530E-04
        7391   9.43281937      0.498753011       9.78476717E-04
        7401   9.44260406      0.498752981       9.78123746E-04
        7411   9.45238495      0.498752981       9.77774500E-04
        7421   9.46216297      0.498752981       9.77428979E-04
        7431   9.47193718      0.498752922       9.77087067E-04
        7441   9.48170853      0.498752892       9.76748765E-04
        7451   9.49147606      0.498752892       9.76414070E-04
        7461   9.50123978      0.498752832       9.76082869E-04
        7471   9.51100063      0.498752832       9.75755218E-04
        7481   9.52075863      0.498752832       9.75431001E-04
        7491   9.53051281      0.498752773       9.75110219E-04
        7501   9.54026413      0.498752743       9.74792812E-04
        7511   9.55001163      0.498752743       9.74478782E-04
        7521   9.55975628      0.498752713       9.74168070E-04
        7531   9.56949806      0.498752713       9.73860617E-04
        7541   9.57923698      0.498752683       9.73556365E-04
        7551   9.58897209      0.498752654       9.73255374E-04
        7561   9.59870434      0.498752654       9.72957525E-04
        7571   9.60843372      0.498752683       9.72662820E-04
        7581   9.61816025      0.498752654       9.72371199E-04
        7591   9.62788391      0.498752594       9.72082664E-04
        7601   9.63760471      0.498752624       9.71797155E-04
        7611   9.64732265      0.498752594       9.71514673E-04
        7621   9.65703773      0.498752564       9.71235160E-04
        7631   9.66674995      0.498752534       9.70958557E-04
        7641   9.67645931      0.498752534       9.70684865E-04
        7651   9.68616581      0.498752505       9.70414083E-04
        7661   9.69587040      0.498752505       9.70146153E-04
        7671   9.70557213      0.498752445       9.69881017E-04
        7681   9.71527100      0.498752475       9.69618675E-04
        7691   9.72496700      0.498752475       9.69359069E-04
        7701   9.73466015      0.498752385       9.69102199E-04
        7711   9.74435139      0.498752356       9.68848006E-04
        7721   9.75403976      0.498752385       9.68596491E-04
        7731   9.76372528      0.498752356       9.68347595E-04
        7741   9.77340889      0.498752385       9.68101318E-04
        7751   9.78308964      0.498752326       9.67857603E-04
        7761   9.79276848      0.498752326       9.67616448E-04
        7771   9.80244446      0.498752326       9.67377855E-04
        7781   9.81211853      0.498752296       9.67141765E-04
        7791   9.82178974      0.498752266       9.66908119E-04
        7801   9.83145905      0.498752236       9.66676918E-04
        7811   9.84112549      0.498752266       9.66448162E-04
        7821   9.85079002      0.498752236       9.66221793E-04
        7831   9.86045265      0.498752207       9.65997751E-04
        7841   9.87011242      0.498752236       9.65776097E-04
        7851   9.87977028      0.498752177       9.65556770E-04
        7861   9.88942623      0.498752207       9.65339714E-04
        7871   9.89907932      0.498752177       9.65124927E-04
        7881   9.90873051      0.498752147       9.64912353E-04
        7891   9.91837978      0.498752147       9.64702049E-04
        7901   9.92802715      0.498752117       9.64493898E-04
        7911   9.93767166      0.498752177       9.64287960E-04
        7921   9.94731426      0.498752117       9.64084174E-04
        7931   9.95695496      0.498752117       9.63882485E-04
        7941   9.96659374      0.498752087       9.63682891E-04
        7951   9.97623062      0.498752058       9.63485392E-04
        7961   9.98586559      0.498752058       9.63289931E-04
        7971   9.99549866      0.498752087       9.63096507E-04
        7981   10.0051298      0.498752058       9.62905120E-04
        7991   10.0147591      0.498752028       9.62715712E-04
        8001   10.0243864      0.498751998       9.62528284E-04
        8011   10.0340118      0.498751998       9.62342834E-04
        8021   10.0436354      0.498752028       9.62159305E-04
        8031   10.0532570      0.498752028       9.61977697E-04
        8041   10.0628767      0.498751968       9.61797952E-04
        8051   10.0724945      0.498751968       9.61620128E-04
        8061   10.0821104      0.498751938       9.61444108E-04
        8071   10.0917244      0.498751968       9.61269950E-04
        8081   10.1013374      0.498751968       9.61097598E-04
        8091   10.1109486      0.498751909       9.60927049E-04
        8101   10.1205578      0.498751938       9.60758247E-04
        8111   10.1301651      0.498751938       9.60591191E-04
        8121   10.1397715      0.498751879       9.60425881E-04
        8131   10.1493759      0.498751849       9.60262318E-04
        8141   10.1589785      0.498751879       9.60100442E-04
        8151   10.1685791      0.498751879       9.59940255E-04
        8161   10.1781788      0.498751849       9.59781755E-04
        8171   10.1877766      0.498751849       9.59624886E-04
        8181   10.1973724      0.498751879       9.59469646E-04
        8191   10.2069674      0.498751849       9.59316036E-04
        8201   10.2165604      0.498751849       9.59163997E-04
        8211   10.2261524      0.498751789       9.59013531E-04
        8221   10.2357426      0.498751760       9.58864635E-04
        8231   10.2453308      0.498751760       9.58717254E-04
        8241   10.2549181      0.498751760       9.58571443E-04
        8251   10.2645035      0.498751730       9.58427147E-04
        8261   10.2740879      0.498751730       9.58284305E-04
        8271   10.2836704      0.498751760       9.58142977E-04
        8281   10.2932520      0.498751730       9.58003104E-04
        8291   10.3028316      0.498751700       9.57864686E-04
        8301   10.3124104      0.498751700       9.57727723E-04
        8311   10.3219881      0.498751700       9.57592158E-04
        8321   10.3315639      0.498751730       9.57457989E-04
        8331   10.3411388      0.498751700       9.57325217E-04
        8341   10.3507118      0.498751640       9.57193843E-04
        8351   10.3602839      0.498751700       9.57063807E-04
        8361   10.3698549      0.498751700       9.56935110E-04
        8371   10.3794241      0.498751611       9.56807751E-04
        8381   10.3889923      0.498751670       9.56681732E-04
        8391   10.3985596      0.498751640       9.56556993E-04
        8401   10.4081249      0.498751611       9.56433534E-04
        8411   10.4176893      0.498751640       9.56311356E-04
        8421   10.4272528      0.498751611       9.56190459E-04
        8431   10.4368143      0.498751640       9.56070842E-04
        8441   10.4463749      0.498751640       9.55952448E-04
        8451   10.4559345      0.498751581       9.55835276E-04
        8461   10.4654932      0.498751611       9.55719326E-04
        8471   10.4750500      0.498751611       9.55604541E-04
        8481   10.4846058      0.498751581       9.55490978E-04
        8491   10.4941607      0.498751581       9.55378579E-04
        8501   10.5037146      0.498751551       9.55267344E-04
        8511   10.5132675      0.498751521       9.55157273E-04
        8521   10.5228195      0.498751551       9.55048308E-04
        8531   10.5323696      0.498751521       9.54940508E-04
        8541   10.5419188      0.498751551       9.54833813E-04
        8551   10.5514669      0.498751521       9.54728224E-04
        8561   10.5610142      0.498751521       9.54623742E-04
        8571   10.5705605      0.498751521       9.54520307E-04
        8581   10.5801058      0.498751521       9.54417919E-04
        8591   10.5896502      0.498751521       9.54316638E-04
        8601   10.5991936      0.498751462       9.54216404E-04
        8611   10.6087360      0.498751521       9.54117160E-04
        8621   10.6182775      0.498751462       9.54018964E-04
        8631   10.6278181      0.498751462       9.53921757E-04
        8641   10.6373577      0.498751462       9.53825598E-04
        8651   10.6468964      0.498751491       9.53730429E-04
        8661   10.6564341      0.498751491       9.53636249E-04
        8671   10.6659708      0.498751432       9.53543000E-04
        8681   10.6755066      0.498751462       9.53450741E-04
        8691   10.6850414      0.498751402       9.53359413E-04
        8701   10.6945753      0.498751462       9.53269016E-04
        8711   10.7041082      0.498751432       9.53179551E-04
        8721   10.7136402      0.498751462       9.53091017E-04
        8731   10.7231712      0.498751402       9.53003415E-04
        8741   10.7327013      0.498751432       9.52916744E-04
        8751   10.7422304      0.498751402       9.52830946E-04
        8761   10.7517586      0.498751402       9.52746021E-04
        8771   10.7612858      0.498751402       9.52661969E-04
        8781   10.7708120      0.498751402       9.52578790E-04
        8791   10.7803383      0.498751402       9.52496484E-04
        8801   10.7898636      0.498751402       9.52414994E-04
        8811   10.7993879      0.498751402       9.52334376E-04
        8821   10.8089113      0.498751372       9.52254573E-04
        8831   10.8184338      0.498751372       9.52175586E-04
        8841   10.8279552      0.498751372       9.52097413E-04
        8851   10.8374758      0.498751402       9.52020055E-04
        8861   10.8469963      0.498751342       9.51943512E-04
        8871   10.8565159      0.498751342       9.51867725E-04
        8881   10.8660345      0.498751342       9.51792754E-04
        8891   10.8755522      0.498751342       9.51718539E-04
        8901   10.8850689      0.498751342       9.51645081E-04
        8911   10.8945856      0.498751342       9.51572380E-04
        8921   10.9041014      0.498751312       9.51500435E-04
        8931   10.9136162      0.498751372       9.51429247E-04
        8941   10.9231300      0.498751342       9.51358757E-04
        8951   10.9326439      0.498751342       9.51289025E-04
        8961   10.9421568      0.498751312       9.51219990E-04
        8971   10.9516687      0.498751283       9.51151655E-04
        8981   10.9611807      0.498751312       9.51084017E-04
        8991   10.9706917      0.498751253       9.51017078E-04
        9001   10.9802017      0.498751312       9.50950838E-04
        9011   10.9897108      0.498751312       9.50885296E-04
        9021   10.9992199      0.498751283       9.50820453E-04
        9031   11.0087280      0.498751283       9.50756250E-04
        9041   11.0182352      0.498751312       9.50692687E-04
        9051   11.0277424      0.498751253       9.50629823E-04
        9061   11.0372486      0.498751283       9.50567599E-04
        9071   11.0467539      0.498751283       9.50506015E-04
        9081   11.0562592      0.498751283       9.50445072E-04
        9091   11.0657635      0.498751283       9.50384710E-04
        9101   11.0752678      0.498751283       9.50324989E-04
        9111   11.0847712      0.498751283       9.50265909E-04
        9121   11.0942736      0.498751223       9.50207410E-04
        9131   11.1037760      0.498751253       9.50149493E-04
        9141   11.1132774      0.498751283       9.50092217E-04
        9151   11.1227779      0.498751253       9.50035523E-04
        9161   11.1322784      0.498751253       9.49979411E-04
        9171   11.1417780      0.498751193       9.49923880E-04
        9181   11.1512775      0.498751223       9.49868932E-04
        9191   11.1607761      0.498751223       9.49814508E-04
        9201   11.1702747      0.498751193       9.49760666E-04
        9211   11.1797724      0.498751223       9.49707348E-04
        9221   11.1892691      0.498751253       9.49654612E-04
        9231   11.1987658      0.498751223       9.49602399E-04
        9241   11.2082615      0.498751193       9.49550711E-04
        9251   11.2177572      0.498751223       9.49499547E-04
        9261   11.2272520      0.498751223       9.49448906E-04
        9271   11.2367468      0.498751193       9.49398789E-04
        9281   11.2462406      0.498751193       9.49349196E-04
        9291   11.2557344      0.498751223       9.49300127E-04
        9301   11.2652273      0.498751253       9.49251582E-04
        9311   11.2747202      0.498751163       9.49203502E-04
        9321   11.2842121      0.498751193       9.49155947E-04
        9331   11.2937040      0.498751193       9.49108857E-04
        9341   11.3031950      0.498751223       9.49062232E-04
        9351   11.3126860      0.498751193       9.49016132E-04
        9361   11.3221760      0.498751193       9.48970497E-04
        9371   11.3316660      0.498751193       9.48925328E-04
        9381   11.3411551      0.498751193       9.48880624E-04
        9391   11.3506441      0.498751163       9.48836387E-04
        9401   11.3601322      0.498751193       9.48792615E-04
        9411   11.3696203      0.498751163       9.48749250E-04
        9421   11.3791075      0.498751163       9.48706351E-04
        9431   11.3885946      0.498751193       9.48663917E-04
        9441   11.3980808      0.498751163       9.48621891E-04
        9451   11.4075670      0.498751134       9.48580273E-04
        9461   11.4170532      0.498751193       9.48539120E-04
        9471   11.4265385      0.498751193       9.48498375E-04
        9481   11.4360237      0.498751163       9.48458037E-04
        9491   11.4455080      0.498751163       9.48418106E-04
        9501   11.4549923      0.498751163       9.48378583E-04
        9511   11.4644756      0.498751163       9.48339468E-04
        9521   11.4739590      0.498751104       9.48300760E-04
        9531   11.4834423      0.498751134       9.48262459E-04
        9541   11.4929247      0.498751163       9.48224566E-04
        9551   11.5024071      0.498751134       9.48187080E-04
        9561   11.5118885      0.498751163       9.48149944E-04
        9571   11.5213699      0.498751104       9.48113215E-04
        9581   11.5308514      0.498751104       9.48076835E-04
        9591   11.5403318      0.498751163       9.48040863E-04
        9601   11.5498123      0.498751134       9.48005239E-04
        9611   11.5592928      0.498751134       9.47969966E-04
        9621   11.5687723      0.498751134       9.47935041E-04
        9631   11.5782518      0.498751134       9.47900524E-04
        9641   11.5877304      0.498751134       9.47866356E-04
        9651   11.5972090      0.498751104       9.47832537E-04
        9661   11.6066875      0.498751104       9.47799068E-04
        9671   11.6161652      0.498751134       9.47765948E-04
        9681   11.6256428      0.498751074       9.47733119E-04
        9691   11.6351204      0.498751104       9.47700639E-04
        9701   11.6445971      0.498751104       9.47668508E-04
        9711   11.6540737      0.498751134       9.47636727E-04
        9721   11.6635504      0.498751104       9.47605236E-04
        9731   11.6730261      0.498751074       9.47574095E-04
        9741   11.6825018      0.498751074       9.47543245E-04
        9751   11.6919775      0.498751134       9.47512744E-04
        9761   11.7014523      0.498751134       9.47482535E-04
        9771   11.7109270      0.498751134       9.47452616E-04
        9781   11.7204018      0.498751134       9.47423046E-04
        9791   11.7298756      0.498751044       9.47393768E-04
        9801   11.7393494      0.498751074       9.47364781E-04
        9811   11.7488232      0.498751074       9.47336084E-04
        9821   11.7582970      0.498751104       9.47307679E-04
        9831   11.7677698      0.498751074       9.47279565E-04
        9841   11.7772427      0.498751104       9.47251741E-04
        9851   11.7867155      0.498751074       9.47224209E-04
        9861   11.7961874      0.498751074       9.47196968E-04
        9871   11.8056593      0.498751044       9.47170018E-04
        9881   11.8151312      0.498751104       9.47143300E-04
        9891   11.8246031      0.498751074       9.47116874E-04
        9901   11.8340740      0.498751074       9.47090739E-04
        9911   11.8435450      0.498751074       9.47064837E-04
        9921   11.8530159      0.498751044       9.47039225E-04
        9931   11.8624859      0.498751074       9.47013847E-04
        9941   11.8719559      0.498751074       9.46988759E-04
        9951   11.8814259      0.498751074       9.46963904E-04
        9961   11.8908958      0.498751044       9.46939341E-04
        9971   11.9003649      0.498751044       9.46915010E-04
        9981   11.9098339      0.498751044       9.46890912E-04
        9991   11.9193029      0.498751074       9.46867105E-04
