           1   2.56656289       4.85084131E-02
          41   2.60567546       4.86123934E-02
          81   2.61560750       4.86348830E-02
         121   2.59596968       4.85889316E-02
         161   2.54755068       4.84488234E-02
         201   2.47264361       4.81574014E-02
         241   2.37591076       4.76730764E-02
         281   2.26581979       4.71262075E-02
         321   2.15630865       4.70476896E-02
         361   2.06720018       4.80470434E-02
         401   2.02029610       4.93325293E-02
         441   2.02956867       4.90214527E-02
         481   2.09210443       4.76133153E-02
         521   2.19016218       4.69738021E-02
         561   2.30175638       4.72849831E-02
         601   2.40879965       4.78471369E-02
         641   2.49925685       4.82709222E-02
         681   2.56606293       4.85068895E-02
         721   2.60544300       4.86118421E-02
         761   2.61565185       4.86349687E-02
         801   2.59628916       4.85897250E-02
         841   2.54813170       4.84507084E-02
         881   2.47345567       4.81610000E-02
         921   2.37689519       4.76783551E-02
         961   2.26687431       4.71303351E-02
        1001   2.15727377       4.70438600E-02
        1041   2.06787038       4.80333529E-02
        1081   2.02048492       4.93258983E-02
        1121   2.02921605       4.90327254E-02
        1161   2.09131980       4.76248115E-02
        1201   2.18914866       4.69743907E-02
        1241   2.30070925       4.72799353E-02
        1281   2.40786004       4.78422791E-02
        1321   2.49851179       4.82679158E-02
        1361   2.56556082       4.85054329E-02
        1401   2.60520816       4.86113131E-02
        1441   2.61569381       4.86350805E-02
        1481   2.59660625       4.85905334E-02
        1521   2.54871082       4.84526604E-02
        1561   2.47426605       4.81646433E-02
        1601   2.37787867       4.76836637E-02
        1641   2.26792884       4.71345298E-02
        1681   2.15824080       4.70401496E-02
        1721   2.06854415       4.80198003E-02
        1761   2.02067876       4.93190996E-02
        1801   2.02886820       4.90439422E-02
        1841   2.09053826       4.76364456E-02
        1881   2.18813634       4.69751060E-02
        1921   2.29966187       4.72749360E-02
        1961   2.40691900       4.78374176E-02
        2001   2.49776459       4.82648984E-02
        2041   2.56505632       4.85039800E-02
        2081   2.60497093       4.86108251E-02
        2121   2.61573315       4.86351922E-02
        2161   2.59692073       4.85913083E-02
        2201   2.54928732       4.84545380E-02
        2241   2.47507429       4.81682085E-02
        2281   2.37886071       4.76889089E-02
        2321   2.26898336       4.71387170E-02
        2361   2.15920949       4.70365062E-02
        2401   2.06922197       4.80061620E-02
        2441   2.02087784       4.93120775E-02
        2481   2.02852535       4.90548797E-02
        2521   2.08975983       4.76481058E-02
        2561   2.18712497       4.69758511E-02
        2601   2.29861379       4.72699031E-02
        2641   2.40597630       4.78324853E-02
        2681   2.49701524       4.82618324E-02
        2721   2.56454921       4.85024527E-02
        2761   2.60473084       4.86102551E-02
        2801   2.61576986       4.86352928E-02
        2841   2.59723282       4.85921316E-02
        2881   2.54986167       4.84564640E-02
        2921   2.47588086       4.81718332E-02
        2961   2.37984180       4.76942249E-02
        3001   2.27003813       4.71430309E-02
        3041   2.16018009       4.70330641E-02
        3081   2.06990314       4.79927883E-02
        3121   2.02108169       4.93049994E-02
        3161   2.02818680       4.90659960E-02
        3201   2.08898449       4.76599857E-02
        3241   2.18611503       4.69768234E-02
        3281   2.29756570       4.72650267E-02
        3321   2.40503287       4.78277095E-02
        3361   2.49626446       4.82588932E-02
        3401   2.56404018       4.85010184E-02
        3441   2.60448861       4.86097746E-02
        3481   2.61580420       4.86354381E-02
        3521   2.59754252       4.85929698E-02
        3561   2.55043364       4.84583713E-02
        3601   2.47668552       4.81754690E-02
        3641   2.38082170       4.76995669E-02
        3681   2.27109289       4.71474044E-02
        3721   2.16115260       4.70297262E-02
        3761   2.07058835       4.79793623E-02
        3801   2.02129054       4.92978245E-02
        3841   2.02785325       4.90768366E-02
        3881   2.08821225       4.76718321E-02
        3921   2.18510580       4.69777882E-02
        3961   2.29651642       4.72600609E-02
        4001   2.40408683       4.78227846E-02
        4041   2.49551034       4.82557714E-02
        4081   2.56352782       4.84994538E-02
        4121   2.60424328       4.86092083E-02
        4161   2.61583567       4.86355275E-02
        4201   2.59784961       4.85937335E-02
        4241   2.55100346       4.84602191E-02
        4281   2.47748828       4.81789447E-02
        4321   2.38180041       4.77047339E-02
        4361   2.27214766       4.71516512E-02
        4401   2.16212678       4.70263548E-02
        4441   2.07127738       4.79658730E-02
        4481   2.02150488       4.92903031E-02
        4521   2.02752471       4.90875058E-02
        4561   2.08744335       4.76837382E-02
        4601   2.18409801       4.69787940E-02
        4641   2.29546690       4.72550765E-02
        4681   2.40313959       4.78178151E-02
        4721   2.49475455       4.82526496E-02
        4761   2.56301355       4.84979227E-02
        4801   2.60399556       4.86086495E-02
        4841   2.61586475       4.86356430E-02
        4881   2.59815431       4.85945679E-02
        4921   2.55157113       4.84621599E-02
        4961   2.47828937       4.81825918E-02
        5001   2.38277817       4.77100946E-02
        5041   2.27320266       4.71561290E-02
        5081   2.16310287       4.70232591E-02
        5121   2.07196999       4.79526222E-02
        5161   2.02172399       4.92827296E-02
        5201   2.02720070       4.90981489E-02
        5241   2.08667731       4.76957783E-02
        5281   2.18309093       4.69799787E-02
        5321   2.29441667       4.72501963E-02
        5361   2.40219045       4.78129014E-02
        5401   2.49399638       4.82495576E-02
        5441   2.56249642       4.84963953E-02
        5481   2.60374498       4.86080609E-02
        5521   2.61589098       4.86357063E-02
        5561   2.59845638       4.85953093E-02
        5601   2.55213642       4.84639741E-02
        5641   2.47908854       4.81860787E-02
        5681   2.38375473       4.77152914E-02
        5721   2.27425766       4.71604951E-02
        5761   2.16408062       4.70201485E-02
        5801   2.07266665       4.79392111E-02
        5841   2.02194834       4.92749512E-02
        5881   2.02688169       4.91085611E-02
        5921   2.08591461       4.77078333E-02
        5961   2.18208528       4.69811298E-02
        6001   2.29336619       4.72451933E-02
        6041   2.40124011       4.78078462E-02
        6081   2.49323606       4.82463166E-02
        6121   2.56197667       4.84946966E-02
        6161   2.60349154       4.86073457E-02
        6201   2.61591411       4.86356355E-02
        6241   2.59875512       4.85958979E-02
        6281   2.55269837       4.84656170E-02
        6321   2.47988486       4.81894054E-02
        6361   2.38472939       4.77203652E-02
        6401   2.27531219       4.71647941E-02
        6441   2.16506004       4.70170304E-02
        6481   2.07336688       4.79258224E-02
        6521   2.02217793       4.92668562E-02
        6561   2.02656794       4.91187423E-02
        6601   2.08515549       4.77198325E-02
        6641   2.18108082       4.69823331E-02
        6681   2.29231501       4.72401902E-02
        6721   2.40028787       4.78027463E-02
        6761   2.49247336       4.82430458E-02
        6801   2.56145453       4.84930389E-02
        6841   2.60323572       4.86066863E-02
        6881   2.61593485       4.86356169E-02
        6921   2.59905171       4.85965647E-02
        6961   2.55325866       4.84673791E-02
        7001   2.48067975       4.81928214E-02
        7041   2.38570309       4.77255061E-02
        7081   2.27636671       4.71691899E-02
        7121   2.16604090       4.70140576E-02
        7161   2.07407045       4.79125455E-02
        7201   2.02241206       4.92588505E-02
        7241   2.02625871       4.91289943E-02
        7281   2.08439970       4.77320775E-02
        7321   2.18007827       4.69837487E-02
        7361   2.29126430       4.72353287E-02
        7401   2.39933491       4.77977321E-02
        7441   2.49170923       4.82398346E-02
        7481   2.56093025       4.84913960E-02
        7521   2.60297751       4.86060604E-02
        7561   2.61595321       4.86356430E-02
        7601   2.59934592       4.85972799E-02
        7641   2.55381632       4.84691225E-02
        7681   2.48147225       4.81962189E-02
        7721   2.38667512       4.77306359E-02
        7761   2.27742076       4.71736193E-02
        7801   2.16702318       4.70112078E-02
        7841   2.07477760       4.78993244E-02
        7881   2.02265143       4.92505431E-02
        7921   2.02595448       4.91390303E-02
        7961   2.08364725       4.77443635E-02
        8001   2.17907691       4.69852202E-02
        8041   2.29021311       4.72304523E-02
        8081   2.39838052       4.77926880E-02
        8121   2.49094319       4.82366383E-02
        8161   2.56040382       4.84897792E-02
        8201   2.60271692       4.86054458E-02
        8241   2.61596918       4.86357138E-02
        8281   2.59963775       4.85980436E-02
        8321   2.55437183       4.84709442E-02
        8361   2.48226309       4.81996909E-02
        8401   2.38764620       4.77358811E-02
        8441   2.27847481       4.71781939E-02
        8481   2.16800690       4.70085777E-02
        8521   2.07548809       4.78862710E-02
        8561   2.02289557       4.92421649E-02
        8601   2.02565503       4.91490103E-02
        8641   2.08289790       4.77568284E-02
        8681   2.17807674       4.69869003E-02
        8721   2.28916168       4.72257100E-02
        8761   2.39742494       4.77877334E-02
        8801   2.49017525       4.82334793E-02
        8841   2.55987525       4.84882407E-02
        8881   2.60245395       4.86048609E-02
        8921   2.61598253       4.86357734E-02
        8961   2.59992695       4.85987701E-02
        9001   2.55492520       4.84727509E-02
        9041   2.48305225       4.82031778E-02
        9081   2.38861609       4.77411114E-02
        9121   2.27952886       4.71828133E-02
        9161   2.16899228       4.70060520E-02
        9201   2.07620215       4.78732996E-02
        9241   2.02314472       4.92337048E-02
        9281   2.02536058       4.91588339E-02
        9321   2.08215213       4.77692783E-02
        9361   2.17707801       4.69885841E-02
        9401   2.28810978       4.72209044E-02
        9441   2.39646769       4.77826893E-02
        9481   2.48940492       4.82302383E-02
        9521   2.55934381       4.84865755E-02
        9561   2.60218811       4.86042276E-02
        9601   2.61599302       4.86357808E-02
        9641   2.60021353       4.85994481E-02
        9681   2.55547595       4.84744944E-02
        9721   2.48383904       4.82065454E-02
        9761   2.38958430       4.77462262E-02
        9801   2.28058267       4.71873693E-02
        9841   2.16997933       4.70035449E-02
        9881   2.07692003       4.78602648E-02
        9921   2.02339888       4.92250547E-02
        9961   2.02507091       4.91685644E-02
