           1   2.29986525       5.19784808E-04  -2.68486965E-05
          11   2.29946375       5.19760419E-04  -5.34703213E-05
          21   2.29879880       5.19731431E-04  -7.96403474E-05
          31   2.29787612       5.19704306E-04  -1.05136991E-04
          41   2.29670334       5.19672118E-04  -1.29742562E-04
          51   2.29529071       5.19643479E-04  -1.53244415E-04
          61   2.29365015       5.19613503E-04  -1.75436973E-04
          71   2.29179573       5.19583467E-04  -1.96122710E-04
          81   2.28974342       5.19550289E-04  -2.15114051E-04
          91   2.28751111       5.19518624E-04  -2.32234408E-04
         101   2.28511810       5.19483816E-04  -2.47320539E-04
         111   2.28258562       5.19447436E-04  -2.60223285E-04
         121   2.27993608       5.19410474E-04  -2.70809804E-04
         131   2.27719307       5.19371126E-04  -2.78965337E-04
         141   2.27438140       5.19330439E-04  -2.84594309E-04
         151   2.27152681       5.19289635E-04  -2.87622330E-04
         161   2.26865530       5.19248133E-04  -2.87997740E-04
         171   2.26579356       5.19206573E-04  -2.85692397E-04
         181   2.26296854       5.19163208E-04  -2.80703389E-04
         191   2.26020670       5.19120542E-04  -2.73053971E-04
         201   2.25753427       5.19078691E-04  -2.62793852E-04
         211   2.25497699       5.19035850E-04  -2.49999721E-04
         221   2.25255966       5.18993649E-04  -2.34775434E-04
         231   2.25030565       5.18954708E-04  -2.17251611E-04
         241   2.24823737       5.18914370E-04  -1.97584814E-04
         251   2.24637508       5.18875837E-04  -1.75956637E-04
         261   2.24473739       5.18837129E-04  -1.52571622E-04
         271   2.24334073       5.18794986E-04  -1.27655701E-04
         281   2.24219918       5.18753601E-04  -1.01453799E-04
         291   2.24132395       5.18717745E-04  -7.42267366E-05
         301   2.24072409       5.18681773E-04  -4.62478893E-05
         311   2.24040580       5.18639223E-04  -1.78007322E-05
         321   2.24037218       5.18597779E-04   1.08255335E-05
         331   2.24062347       5.18558722E-04   3.93391529E-05
         341   2.24115705       5.18523797E-04   6.74502662E-05
         351   2.24196768       5.18482819E-04   9.48741290E-05
         361   2.24304700       5.18445682E-04   1.21334582E-04
         371   2.24438405       5.18407382E-04   1.46567763E-04
         381   2.24596548       5.18368906E-04   1.70325220E-04
         391   2.24777532       5.18332876E-04   1.92376625E-04
         401   2.24979544       5.18299174E-04   2.12512634E-04
         411   2.25200582       5.18266810E-04   2.30546546E-04
         421   2.25438476       5.18236426E-04   2.46316340E-04
         431   2.25690913       5.18205110E-04   2.59685505E-04
         441   2.25955439       5.18173736E-04   2.70544231E-04
         451   2.26229477       5.18146029E-04   2.78809632E-04
         461   2.26510453       5.18117857E-04   2.84426322E-04
         471   2.26795697       5.18090907E-04   2.87365081E-04
         481   2.27082515       5.18064830E-04   2.87623174E-04
         491   2.27368259       5.18038636E-04   2.85223068E-04
         501   2.27650309       5.18012559E-04   2.80211389E-04
         511   2.27926087       5.17986831E-04   2.72657431E-04
         521   2.28193116       5.17961977E-04   2.62651854E-04
         531   2.28448987       5.17936482E-04   2.50305020E-04
         541   2.28691435       5.17911627E-04   2.35745756E-04
         551   2.28918314       5.17884269E-04   2.19119276E-04
         561   2.29127645       5.17856097E-04   2.00585768E-04
         571   2.29317617       5.17826760E-04   1.80318675E-04
         581   2.29486585       5.17796841E-04   1.58503026E-04
         591   2.29633117       5.17768436E-04   1.35333947E-04
         601   2.29755950       5.17740264E-04   1.11015055E-04
         611   2.29854035       5.17707842E-04   8.57570121E-05
         621   2.29926562       5.17677574E-04   5.97762591E-05
         631   2.29972911       5.17648237E-04   3.32934360E-05
         641   2.29992700       5.17619483E-04   6.53202005E-06
         651   2.29985762       5.17593289E-04  -2.02829215E-05
         661   2.29952145       5.17566747E-04  -4.69258448E-05
         671   2.29892135       5.17536013E-04  -7.31724067E-05
         681   2.29806256       5.17508714E-04  -9.88003012E-05
         691   2.29695225       5.17482695E-04  -1.23591220E-04
         701   2.29559970       5.17450797E-04  -1.47331710E-04
         711   2.29401660       5.17419598E-04  -1.69814579E-04
         721   2.29221654       5.17388340E-04  -1.90840583E-04
         731   2.29021502       5.17356675E-04  -2.10219907E-04
         741   2.28802919       5.17321518E-04  -2.27773693E-04
         751   2.28567839       5.17288281E-04  -2.43335497E-04
         761   2.28318310       5.17253531E-04  -2.56752974E-04
         771   2.28056526       5.17215114E-04  -2.67889613E-04
         781   2.27784848       5.17176173E-04  -2.76626262E-04
         791   2.27505708       5.17136068E-04  -2.82862777E-04
         801   2.27221656       5.17095614E-04  -2.86519848E-04
         811   2.26935291       5.17054345E-04  -2.87540141E-04
         821   2.26649261       5.17011969E-04  -2.85890041E-04
         831   2.26366210       5.16970467E-04  -2.81560642E-04
         841   2.26088834       5.16928849E-04  -2.74568360E-04
         851   2.25819755       5.16886183E-04  -2.64956470E-04
         861   2.25561547       5.16844389E-04  -2.52795115E-04
         871   2.25316715       5.16801840E-04  -2.38181368E-04
         881   2.25087643       5.16760279E-04  -2.21239156E-04
         891   2.24876571       5.16716798E-04  -2.02118681E-04
         901   2.24685574       5.16674947E-04  -1.80995092E-04
         911   2.24516559       5.16633736E-04  -1.58067225E-04
         921   2.24371219       5.16589091E-04  -1.33555499E-04
         931   2.24250984       5.16553468E-04  -1.07699860E-04
         941   2.24157095       5.16517204E-04  -8.07565157E-05
         951   2.24090505       5.16472734E-04  -5.29959434E-05
         961   2.24051857       5.16438624E-04  -2.46988166E-05
         971   2.24041557       5.16400381E-04   3.84771010E-06
         981   2.24059725       5.16360160E-04   3.23528766E-05
         991   2.24106145       5.16324770E-04   6.05265450E-05
        1001   2.24180365       5.16288157E-04   8.80831358E-05
        1011   2.24281621       5.16249624E-04   1.14744704E-04
        1021   2.24408889       5.16210392E-04   1.40244665E-04
        1031   2.24560881       5.16175234E-04   1.64330995E-04
        1041   2.24736071       5.16140542E-04   1.86769612E-04
        1051   2.24932718       5.16104396E-04   2.07346151E-04
        1061   2.25148869       5.16068132E-04   2.25868469E-04
        1071   2.25382376       5.16034779E-04   2.42168666E-04
        1081   2.25630951       5.16005559E-04   2.56104307E-04
        1091   2.25892186       5.15976164E-04   2.67559488E-04
        1101   2.26163578       5.15946129E-04   2.76444858E-04
        1111   2.26442504       5.15918597E-04   2.82698165E-04
        1121   2.26726341       5.15891705E-04   2.86283990E-04
        1131   2.27012420       5.15865569E-04   2.87193339E-04
        1141   2.27298069       5.15839783E-04   2.85442307E-04
        1151   2.27580667       5.15814696E-04   2.81071669E-04
        1161   2.27857614       5.15788619E-04   2.74144986E-04
        1171   2.28126431       5.15764114E-04   2.64747796E-04
        1181   2.28384686       5.15738735E-04   2.52985541E-04
        1191   2.28630090       5.15714230E-04   2.38982480E-04
        1201   2.28860450       5.15684893E-04   2.22879462E-04
        1211   2.29073787       5.15658816E-04   2.04833137E-04
        1221   2.29268217       5.15630469E-04   1.85013239E-04
        1231   2.29442072       5.15599619E-04   1.63601828E-04
        1241   2.29593873       5.15572377E-04   1.40791366E-04
        1251   2.29722309       5.15544554E-04   1.16783107E-04
        1261   2.29826283       5.15511783E-04   9.17857251E-05
        1271   2.29904938       5.15484717E-04   6.60139631E-05
        1281   2.29957604       5.15461259E-04   3.96870819E-05
        1291   2.29983830       5.15434425E-04   1.30275203E-05
        1301   2.29983401       5.15409338E-04  -1.37401366E-05
        1311   2.29956317       5.15384600E-04  -4.03909507E-05
        1321   2.29902792       5.15353517E-04  -6.67003696E-05
        1331   2.29823303       5.15323773E-04  -9.24459746E-05
        1341   2.29718518       5.15294494E-04  -1.17408650E-04
        1351   2.29589319       5.15263062E-04  -1.41374083E-04
        1361   2.29436827       5.15235297E-04  -1.64133802E-04
        1371   2.29262328       5.15205087E-04  -1.85487064E-04
        1381   2.29067326       5.15173422E-04  -2.05242031E-04
        1391   2.28853512       5.15142048E-04  -2.23217241E-04
        1401   2.28622746       5.15109627E-04  -2.39243585E-04
        1411   2.28377032       5.15073305E-04  -2.53165461E-04
        1421   2.28118563       5.15035819E-04  -2.64842587E-04
        1431   2.27849650       5.14999032E-04  -2.74151709E-04
        1441   2.27572680       5.14959742E-04  -2.80988490E-04
        1451   2.27290177       5.14919637E-04  -2.85268383E-04
        1461   2.27004743       5.14878775E-04  -2.86928727E-04
        1471   2.26718974       5.14837622E-04  -2.85930320E-04
        1481   2.26435566       5.14795422E-04  -2.82257941E-04
        1491   2.26157165       5.14753629E-04  -2.75922095E-04
        1501   2.25886416       5.14710613E-04  -2.66959541E-04
        1511   2.25625896       5.14668121E-04  -2.55433639E-04
        1521   2.25378108       5.14629181E-04  -2.41434871E-04
        1531   2.25145483       5.14586631E-04  -2.25080279E-04
        1541   2.24930286       5.14547573E-04  -2.06513490E-04
        1551   2.24734640       5.14509156E-04  -1.85903278E-04
        1561   2.24560499       5.14466607E-04  -1.63442513E-04
        1571   2.24409580       5.14423999E-04  -1.39346303E-04
        1581   2.24283409       5.14384010E-04  -1.13849339E-04
        1591   2.24183249       5.14340121E-04  -8.72039818E-05
        1601   2.24110103       5.14299725E-04  -5.96766986E-05
        1611   2.24064708       5.14265907E-04  -3.15452198E-05
        1621   2.24047542       5.14224230E-04  -3.09486313E-06
        1631   2.24058771       5.14184765E-04   2.53848120E-05
        1641   2.24098277       5.14144136E-04   5.36039006E-05
        1651   2.24165654       5.14104613E-04   8.12760118E-05
        1661   2.24260211       5.14068990E-04   1.08121589E-04
        1671   2.24380994       5.14030340E-04   1.33871697E-04
        1681   2.24526787       5.13995765E-04   1.58271359E-04
        1691   2.24696136       5.13954670E-04   1.81082098E-04
        1701   2.24887323       5.13918581E-04   2.02084891E-04
        1711   2.25098443       5.13887557E-04   2.21082795E-04
        1721   2.25327444       5.13852749E-04   2.37902248E-04
        1731   2.25572038       5.13823819E-04   2.52394675E-04
        1741   2.25829864       5.13793551E-04   2.64437811E-04
        1751   2.26098442       5.13765088E-04   2.73936166E-04
        1761   2.26375175       5.13738254E-04   2.80820823E-04
        1771   2.26657462       5.13710896E-04   2.85050104E-04
        1781   2.26942635       5.13684470E-04   2.86608323E-04
        1791   2.27228022       5.13658510E-04   2.85505608E-04
        1801   2.27511001       5.13633306E-04   2.81776767E-04
        1811   2.27788973       5.13607927E-04   2.75479746E-04
        1821   2.28059411       5.13580977E-04   2.66694551E-04
        1831   2.28319907       5.13557112E-04   2.55521823E-04
        1841   2.28568101       5.13528881E-04   2.42080889E-04
        1851   2.28801823       5.13500185E-04   2.26508666E-04
        1861   2.29019022       5.13472653E-04   2.08957616E-04
        1871   2.29217792       5.13442210E-04   1.89594066E-04
        1881   2.29396439       5.13416657E-04   1.68596962E-04
        1891   2.29553413       5.13391104E-04   1.46155668E-04
        1901   2.29687357       5.13360661E-04   1.22469122E-04
        1911   2.29797149       5.13331965E-04   9.77441305E-05
        1921   2.29881859       5.13303559E-04   7.21935576E-05
        1931   2.29940772       5.13277424E-04   4.60353112E-05
        1941   2.29973388       5.13251580E-04   1.94908025E-05
        1951   2.29979420       5.13220730E-04  -7.21625292E-06
        1961   2.29958844       5.13194303E-04  -3.38611426E-05
        1971   2.29911828       5.13168459E-04  -6.02195760E-05
        1981   2.29838753       5.13137667E-04  -8.60691725E-05
        1991   2.29740262       5.13113162E-04  -1.11190056E-04
        2001   2.29617167       5.13082952E-04  -1.35367212E-04
        2011   2.29470515       5.13049657E-04  -1.58390903E-04
        2021   2.29301572       5.13014849E-04  -1.80058647E-04
        2031   2.29111791       5.12981438E-04  -2.00176597E-04
        2041   2.28902817       5.12949249E-04  -2.18561225E-04
        2051   2.28676462       5.12915140E-04  -2.35040512E-04
        2061   2.28434706       5.12881321E-04  -2.49455799E-04
        2071   2.28179669       5.12844184E-04  -2.61663459E-04
        2081   2.27913642       5.12807630E-04  -2.71536090E-04
        2091   2.27638984       5.12768107E-04  -2.78964988E-04
        2101   2.27358198       5.12728875E-04  -2.83860805E-04
        2111   2.27073836       5.12688363E-04  -2.86155875E-04
        2121   2.26788521       5.12647210E-04  -2.85805028E-04
        2131   2.26504898       5.12605940E-04  -2.82787456E-04
        2141   2.26225638       5.12564089E-04  -2.77107290E-04
        2151   2.25953364       5.12522354E-04  -2.68794684E-04
        2161   2.25690699       5.12480445E-04  -2.57906562E-04
        2171   2.25440145       5.12437720E-04  -2.44526629E-04
        2181   2.25204134       5.12396742E-04  -2.28765537E-04
        2191   2.24984980       5.12356404E-04  -2.10760205E-04
        2201   2.24784827       5.12318511E-04  -1.90672974E-04
        2211   2.24605680       5.12281084E-04  -1.68690618E-04
        2221   2.24449301       5.12243481E-04  -1.45022394E-04
        2231   2.24317265       5.12205355E-04  -1.19898003E-04
        2241   2.24210906       5.12165308E-04  -9.35651260E-05
        2251   2.24131298       5.12120954E-04  -6.62866514E-05
        2261   2.24079227       5.12084458E-04  -3.83374136E-05
        2271   2.24055219       5.12048427E-04  -1.00002908E-05
        2281   2.24059534       5.12008555E-04   1.84364653E-05
        2291   2.24092126       5.11969789E-04   4.66834026E-05
        2301   2.24152637       5.11931372E-04   7.44535064E-05
        2311   2.24240470       5.11896273E-04   1.01466001E-04
        2321   2.24354744       5.11857448E-04   1.27449865E-04
        2331   2.24494290       5.11816819E-04   1.52146735E-04
        2341   2.24657702       5.11779799E-04   1.75314344E-04
        2351   2.24843335       5.11744351E-04   1.96729554E-04
        2361   2.25049353       5.11710765E-04   2.16190165E-04
        2371   2.25273705       5.11680497E-04   2.33517130E-04
        2381   2.25514197       5.11651102E-04   2.48556113E-04
        2391   2.25768495       5.11620485E-04   2.61178735E-04
        2401   2.26034117       5.11592138E-04   2.71282683E-04
        2411   2.26308537       5.11562801E-04   2.78793043E-04
        2421   2.26589108       5.11536258E-04   2.83661328E-04
        2431   2.26873207       5.11509832E-04   2.85865768E-04
        2441   2.27158189       5.11484279E-04   2.85410351E-04
        2451   2.27441382       5.11458376E-04   2.82323570E-04
        2461   2.27720213       5.11432881E-04   2.76657869E-04
        2471   2.27992153       5.11408318E-04   2.68487725E-04
        2481   2.28254724       5.11382299E-04   2.57908658E-04
        2491   2.28505588       5.11354941E-04   2.45035306E-04
        2501   2.28742528       5.11328049E-04   2.30000238E-04
        2511   2.28963470       5.11302729E-04   2.12951869E-04
        2521   2.29166460       5.11273334E-04   1.94052845E-04
        2531   2.29349756       5.11243299E-04   1.73478940E-04
        2541   2.29511786       5.11216174E-04   1.51416927E-04
        2551   2.29651141       5.11185499E-04   1.28063053E-04
        2561   2.29766655       5.11155929E-04   1.03621845E-04
        2571   2.29857349       5.11128630E-04   7.83045543E-05
        2581   2.29922438       5.11098769E-04   5.23274248E-05
        2591   2.29961395       5.11072460E-04   2.59109165E-05
        2601   2.29973888       5.11045859E-04  -7.22313416E-07
        2611   2.29959798       5.11017803E-04  -2.73480309E-05
        2621   2.29919243       5.10986371E-04  -5.37421292E-05
        2631   2.29852581       5.10954240E-04  -7.96819222E-05
        2641   2.29760385       5.10926824E-04  -1.04947198E-04
        2651   2.29643416       5.10896905E-04  -1.29322230E-04
        2661   2.29502678       5.10866172E-04  -1.52596142E-04
        2671   2.29339385       5.10837068E-04  -1.74565168E-04
        2681   2.29154921       5.10807033E-04  -1.95033615E-04
        2691   2.28950882       5.10775484E-04  -2.13815700E-04
        2701   2.28729033       5.10741491E-04  -2.30736783E-04
        2711   2.28491330       5.10708080E-04  -2.45635078E-04
        2721   2.28239846       5.10671758E-04  -2.58363405E-04
        2731   2.27976823       5.10634854E-04  -2.68790696E-04
        2741   2.27704620       5.10597136E-04  -2.76803767E-04
        2751   2.27425671       5.10557380E-04  -2.82308843E-04
        2761   2.27142549       5.10517566E-04  -2.85232789E-04
        2771   2.26857829       5.10476762E-04  -2.85525311E-04
        2781   2.26574159       5.10435435E-04  -2.83159490E-04
        2791   2.26294184       5.10395213E-04  -2.78133492E-04
        2801   2.26020575       5.10352780E-04  -2.70470977E-04
        2811   2.25755906       5.10309648E-04  -2.60222412E-04
        2821   2.25502729       5.10269136E-04  -2.47464952E-04
        2831   2.25263500       5.10224316E-04  -2.32302307E-04
        2841   2.25040531       5.10185375E-04  -2.14865140E-04
        2851   2.24836016       5.10146667E-04  -1.95309214E-04
        2861   2.24652004       5.10104350E-04  -1.73815191E-04
        2871   2.24490309       5.10064303E-04  -1.50586682E-04
        2881   2.24352527       5.10026352E-04  -1.25848193E-04
        2891   2.24240065       5.09987236E-04  -9.98425021E-05
        2901   2.24154043       5.09952020E-04  -7.28284576E-05
        2911   2.24095345       5.09912788E-04  -4.50774751E-05
        2921   2.24064565       5.09872334E-04  -1.68703809E-05
        2931   2.24061990       5.09837992E-04   1.15062103E-05
        2941   2.24087667       5.09800389E-04   3.97636322E-05
        2951   2.24141335       5.09755744E-04   6.76145137E-05
        2961   2.24222422       5.09722333E-04   9.47767767E-05
        2971   2.24330115       5.09685080E-04   1.20977551E-04
        2981   2.24463344       5.09647944E-04   1.45955724E-04
        2991   2.24620748       5.09610632E-04   1.69465478E-04
        3001   2.24800754       5.09575999E-04   1.91279192E-04
        3011   2.25001574       5.09539386E-04   2.11189807E-04
        3021   2.25221205       5.09504345E-04   2.29012803E-04
        3031   2.25457478       5.09472156E-04   2.44587864E-04
        3041   2.25708103       5.09442238E-04   2.57780688E-04
        3051   2.25970650       5.09411155E-04   2.68482807E-04
        3061   2.26242566       5.09383390E-04   2.76612642E-04
        3071   2.26521277       5.09356963E-04   2.82115681E-04
        3081   2.26804161       5.09330537E-04   2.84963608E-04
        3091   2.27088547       5.09304693E-04   2.85154092E-04
        3101   2.27371812       5.09279198E-04   2.82709749E-04
        3111   2.27651358       5.09254518E-04   2.77677114E-04
        3121   2.27924609       5.09228557E-04   2.70125078E-04
        3131   2.28189111       5.09202480E-04   2.60144094E-04
        3141   2.28442502       5.09177742E-04   2.47844087E-04
        3151   2.28682518       5.09151025E-04   2.33352941E-04
        3161   2.28907061       5.09125181E-04   2.16815024E-04
        3171   2.29114151       5.09098580E-04   1.98389374E-04
        3181   2.29302001       5.09072503E-04   1.78248360E-04
        3191   2.29468989       5.09046600E-04   1.56575697E-04
        3201   2.29613686       5.09020581E-04   1.33565249E-04
        3211   2.29734850       5.08995843E-04   1.09419147E-04
        3221   2.29831457       5.08969999E-04   8.43466987E-05
        3231   2.29902673       5.08940779E-04   5.85627495E-05
        3241   2.29947925       5.08914934E-04   3.22865380E-05
        3251   2.29966807       5.08883852E-04   5.73989018E-06
        3261   2.29959178       5.08855039E-04  -2.08535621E-05
        3271   2.29925108       5.08827681E-04  -4.72700303E-05
        3281   2.29864883       5.08801895E-04  -7.32868284E-05
        3291   2.29779005       5.08775353E-04  -9.86835948E-05
        3301   2.29668188       5.08744037E-04  -1.23243663E-04
        3311   2.29533410       5.08715864E-04  -1.46755105E-04
        3321   2.29375792       5.08685946E-04  -1.69012783E-04
        3331   2.29196692       5.08654863E-04  -1.89819402E-04
        3341   2.28997660       5.08622092E-04  -2.08986807E-04
        3351   2.28780413       5.08589437E-04  -2.26337928E-04
        3361   2.28546858       5.08555386E-04  -2.41708112E-04
        3371   2.28299046       5.08521916E-04  -2.54946906E-04
        3381   2.28039145       5.08483266E-04  -2.65919516E-04
        3391   2.27769518       5.08446479E-04  -2.74508377E-04
        3401   2.27492571       5.08407771E-04  -2.80615175E-04
        3411   2.27210808       5.08367782E-04  -2.84162001E-04
        3421   2.26926827       5.08327270E-04  -2.85092829E-04
        3431   2.26643252       5.08286641E-04  -2.83375120E-04
        3441   2.26362753       5.08244440E-04  -2.79000960E-04
        3451   2.26087928       5.08204277E-04  -2.71988072E-04
        3461   2.25821424       5.08163299E-04  -2.62380083E-04
        3471   2.25565767       5.08123077E-04  -2.50247511E-04
        3481   2.25323439       5.08082914E-04  -2.35687519E-04
        3491   2.25096798       5.08043740E-04  -2.18823872E-04
        3501   2.24888062       5.08006662E-04  -1.99806294E-04
        3511   2.24699306       5.07968827E-04  -1.78809001E-04
        3521   2.24532390       5.07930643E-04  -1.56029855E-04
        3531   2.24388981       5.07890480E-04  -1.31687964E-04
        3541   2.24270535       5.07849618E-04  -1.06021573E-04
        3551   2.24178219       5.07812598E-04  -7.92853680E-05
        3561   2.24112964       5.07776509E-04  -5.17473454E-05
        3571   2.24075460       5.07735822E-04  -2.36856322E-05
        3581   2.24066067       5.07693854E-04   4.61468699E-06
        3591   2.24084878       5.07649034E-04   3.28657807E-05
        3601   2.24131680       5.07613295E-04   6.07804359E-05
        3611   2.24206018       5.07579301E-04   8.80758453E-05
        3621   2.24307132       5.07542689E-04   1.14477043E-04
        3631   2.24433994       5.07509161E-04   1.39720389E-04
        3641   2.24585342       5.07472781E-04   1.63556731E-04
        3651   2.24759650       5.07436285E-04   1.85754339E-04
        3661   2.24955177       5.07398159E-04   2.06101206E-04
        3671   2.25169969       5.07365912E-04   2.24407646E-04
        3681   2.25401926       5.07331744E-04   2.40507841E-04
        3691   2.25648761       5.07299847E-04   2.54261133E-04
        3701   2.25908089       5.07269637E-04   2.65553099E-04
        3711   2.26177406       5.07240184E-04   2.74295773E-04
        3721   2.26454139       5.07213059E-04   2.80427921E-04
        3731   2.26735663       5.07186283E-04   2.83914967E-04
        3741   2.27019334       5.07160614E-04   2.84748385E-04
        3751   2.27302527       5.07135701E-04   2.82944733E-04
        3761   2.27582622       5.07110963E-04   2.78544641E-04
        3771   2.27857041       5.07084536E-04   2.71611701E-04
        3781   2.28123331       5.07059507E-04   2.62231042E-04
        3791   2.28379083       5.07032499E-04   2.50507728E-04
        3801   2.28622031       5.07006247E-04   2.36565116E-04
        3811   2.28850031       5.06979413E-04   2.20543501E-04
        3821   2.29061079       5.06951939E-04   2.02598138E-04
        3831   2.29253340       5.06923534E-04   1.82897871E-04
        3841   2.29425168       5.06897981E-04   1.61623626E-04
        3851   2.29575062       5.06869226E-04   1.38966294E-04
        3861   2.29701757       5.06840472E-04   1.15126044E-04
        3871   2.29804182       5.06812707E-04   9.03100517E-05
        3881   2.29881454       5.06784243E-04   6.47314810E-05
        3891   2.29932928       5.06755314E-04   3.86082684E-05
        3901   2.29958177       5.06727258E-04   1.21613502E-05
        3911   2.29956985       5.06699493E-04  -1.43865109E-05
        3921   2.29929352       5.06668410E-04  -4.08118794E-05
        3931   2.29875541       5.06644603E-04  -6.68918874E-05
        3941   2.29795980       5.06616139E-04  -9.24061751E-05
        3951   2.29691362       5.06590470E-04  -1.17137199E-04
        3961   2.29562545       5.06558106E-04  -1.40872435E-04
        3971   2.29410648       5.06525510E-04  -1.63405188E-04
        3981   2.29236984       5.06494951E-04  -1.84536344E-04
        3991   2.29043031       5.06462296E-04  -2.04076030E-04
        4001   2.28830481       5.06430690E-04  -2.21844646E-04
        4011   2.28601170       5.06395590E-04  -2.37674874E-04
        4021   2.28357124       5.06361888E-04  -2.51412857E-04
        4031   2.28100491       5.06325276E-04  -2.62920279E-04
        4041   2.27833557       5.06286975E-04  -2.72075442E-04
        4051   2.27558732       5.06248442E-04  -2.78775580E-04
        4061   2.27278495       5.06209035E-04  -2.82937865E-04
        4071   2.26995420       5.06168755E-04  -2.84501031E-04
        4081   2.26712132       5.06127544E-04  -2.83427042E-04
        4091   2.26431251       5.06086682E-04  -2.79702159E-04
        4101   2.26155400       5.06045762E-04  -2.73337530E-04
        4111   2.25887227       5.06004610E-04  -2.64370552E-04
        4121   2.25629282       5.05961885E-04  -2.52865080E-04
        4131   2.25384045       5.05920849E-04  -2.38911918E-04
        4141   2.25153899       5.05882199E-04  -2.22628107E-04
        4151   2.24941111       5.05840406E-04  -2.04156735E-04
        4161   2.24747753       5.05801174E-04  -1.83666198E-04
        4171   2.24575758       5.05764503E-04  -1.61348100E-04
        4181   2.24426842       5.05724747E-04  -1.37416078E-04
        4191   2.24302483       5.05690638E-04  -1.12103517E-04
        4201   2.24203944       5.05655305E-04  -8.56606202E-05
        4211   2.24132228       5.05616132E-04  -5.83518122E-05
        4221   2.24088049       5.05577540E-04  -3.04526257E-05
        4231   2.24071860       5.05534757E-04  -2.24596988E-06
        4241   2.24083805       5.05494245E-04   2.59812205E-05
        4251   2.24123764       5.05460892E-04   5.39419780E-05
        4261   2.24191356       5.05417062E-04   8.13528459E-05
        4271   2.24285865       5.05379983E-04   1.07937078E-04
        4281   2.24406338       5.05343429E-04   1.33428606E-04
        4291   2.24551558       5.05308970E-04   1.57575094E-04
        4301   2.24720073       5.05275209E-04   1.80140982E-04
        4311   2.24910212       5.05236560E-04   2.00909984E-04
        4321   2.25120068       5.05202799E-04   2.19687034E-04
        4331   2.25347567       5.05168748E-04   2.36300752E-04
        4341   2.25590467       5.05140575E-04   2.50604528E-04
        4351   2.25846434       5.05109900E-04   2.62477901E-04
        4361   2.26112986       5.05081087E-04   2.71826546E-04
        4371   2.26387548       5.05054311E-04   2.78582796E-04
        4381   2.26667547       5.05027536E-04   2.82705936E-04
        4391   2.26950336       5.05001633E-04   2.84180860E-04
        4401   2.27233267       5.04976080E-04   2.83018104E-04
        4411   2.27513742       5.04950818E-04   2.79252534E-04
        4421   2.27789187       5.04925614E-04   2.72941979E-04
        4431   2.28057098       5.04899188E-04   2.64166301E-04
        4441   2.28315067       5.04872063E-04   2.53025501E-04
        4451   2.28560805       5.04845055E-04   2.39638539E-04
        4461   2.28792143       5.04821597E-04   2.24141259E-04
        4471   2.29007030       5.04794938E-04   2.06685043E-04
        4481   2.29203606       5.04769676E-04   1.87435318E-04
        4491   2.29380155       5.04740630E-04   1.66569676E-04
        4501   2.29535174       5.04713971E-04   1.44276593E-04
        4511   2.29667330       5.04684343E-04   1.20753568E-04
        4521   2.29775500       5.04656462E-04   9.62060221E-05
        4531   2.29858780       5.04632480E-04   7.08452862E-05
        4541   2.29916453       5.04609605E-04   4.48876672E-05
        4551   2.29948020       5.04579046E-04   1.85531353E-05
        4561   2.29953241       5.04554017E-04  -7.93618165E-06
        4571   2.29932046       5.04524505E-04  -3.43573010E-05
        4581   2.29884648       5.04498719E-04  -6.04875095E-05
        4591   2.29811430       5.04471187E-04  -8.61060689E-05
        4601   2.29713011       5.04443829E-04  -1.10995155E-04
        4611   2.29590225       5.04414667E-04  -1.34941176E-04
        4621   2.29444122       5.04382886E-04  -1.57736416E-04
        4631   2.29275966       5.04354946E-04  -1.79180148E-04
        4641   2.29087186       5.04325610E-04  -1.99080619E-04
        4651   2.28879404       5.04292140E-04  -2.17255933E-04
        4661   2.28654456       5.04260475E-04  -2.33535728E-04
        4671   2.28414297       5.04226948E-04  -2.47763441E-04
        4681   2.28161049       5.04191790E-04  -2.59796914E-04
        4691   2.27896953       5.04154828E-04  -2.69510871E-04
        4701   2.27624393       5.04116702E-04  -2.76797800E-04
        4711   2.27345824       5.04077936E-04  -2.81570276E-04
        4721   2.27063799       5.04038180E-04  -2.83761852E-04
        4731   2.26780915       5.03997842E-04  -2.83328816E-04
        4741   2.26499796       5.03956922E-04  -2.80251494E-04
        4751   2.26223087       5.03915653E-04  -2.74535036E-04
        4761   2.25953388       5.03874442E-04  -2.66210409E-04
        4771   2.25693274       5.03834744E-04  -2.55335006E-04
        4781   2.25445271       5.03792835E-04  -2.41992821E-04
        4791   2.25211763       5.03751682E-04  -2.26294622E-04
        4801   2.24995041       5.03710704E-04  -2.08376863E-04
        4811   2.24797225       5.03668038E-04  -1.88401609E-04
        4821   2.24620271       5.03631658E-04  -1.66554732E-04
        4831   2.24465942       5.03594114E-04  -1.43044133E-04
        4841   2.24335790       5.03557385E-04  -1.18097945E-04
        4851   2.24231124       5.03520074E-04  -9.19621452E-05
        4861   2.24152994       5.03483869E-04  -6.48974819E-05
        4871   2.24102187       5.03447547E-04  -3.71764181E-05
        4881   2.24079227       5.03409537E-04  -9.07952017E-06
        4891   2.24084330       5.03372576E-04   1.91074450E-05
        4901   2.24117446       5.03338408E-04   4.70979903E-05
        4911   2.24178243       5.03300864E-04   7.46081641E-05
        4921   2.24266100       5.03266114E-04   1.01359823E-04
        4931   2.24380136       5.03227522E-04   1.27084655E-04
        4941   2.24519181       5.03191492E-04   1.51527231E-04
        4951   2.24681854       5.03153657E-04   1.74448185E-04
        4961   2.24866509       5.03117684E-04   1.95626562E-04
        4971   2.25071311       5.03087474E-04   2.14862783E-04
        4981   2.25294256       5.03051619E-04   2.31980055E-04
        4991   2.25533128       5.03020769E-04   2.46825628E-04
        5001   2.25785613       5.02991024E-04   2.59272900E-04
        5011   2.26049256       5.02961921E-04   2.69221346E-04
        5021   2.26321530       5.02935494E-04   2.76597129E-04
        5031   2.26599860       5.02909068E-04   2.81352928E-04
        5041   2.26881623       5.02883166E-04   2.83467467E-04
        5051   2.27164173       5.02857787E-04   2.82945053E-04
        5061   2.27444887       5.02832234E-04   2.79814500E-04
        5071   2.27721214       5.02807496E-04   2.74128222E-04
        5081   2.27990627       5.02783456E-04   2.65960523E-04
        5091   2.28250694       5.02758485E-04   2.55406369E-04
        5101   2.28499103       5.02734794E-04   2.42579976E-04
        5111   2.28733635       5.02709299E-04   2.27612909E-04
        5121   2.28952241       5.02685609E-04   2.10652768E-04
        5131   2.29152989       5.02655515E-04   1.91861327E-04
        5141   2.29334164       5.02627576E-04   1.71413136E-04
        5151   2.29494190       5.02597133E-04   1.49493775E-04
        5161   2.29631710       5.02567797E-04   1.26298313E-04
        5171   2.29745555       5.02539217E-04   1.02029844E-04
        5181   2.29834747       5.02510520E-04   7.68980899E-05
        5191   2.29898548       5.02486480E-04   5.11179605E-05
        5201   2.29936409       5.02462965E-04   2.49081222E-05
        5211   2.29947996       5.02433453E-04  -1.51012500E-06
        5221   2.29933238       5.02407725E-04  -2.79142005E-05
        5231   2.29892254       5.02383919E-04  -5.40818000E-05
        5241   2.29825377       5.02355862E-04  -7.97919565E-05
        5251   2.29733181       5.02326642E-04  -1.04826206E-04
        5261   2.29616451       5.02297247E-04  -1.28970292E-04
        5271   2.29476190       5.02269424E-04  -1.52015447E-04
        5281   2.29313588       5.02240728E-04  -1.73759472E-04
        5291   2.29130030       5.02208597E-04  -1.94008666E-04
        5301   2.28927112       5.02176292E-04  -2.12578918E-04
        5311   2.28706598       5.02142357E-04  -2.29297380E-04
        5321   2.28470421       5.02108480E-04  -2.44004201E-04
        5331   2.28220654       5.02072624E-04  -2.56554020E-04
        5341   2.27959514       5.02035546E-04  -2.66817486E-04
        5351   2.27689338       5.01996547E-04  -2.74683029E-04
        5361   2.27412581       5.01957838E-04  -2.80058361E-04
        5371   2.27131748       5.01918257E-04  -2.82872206E-04
        5381   2.26849437       5.01877978E-04  -2.83075409E-04
        5391   2.26568246       5.01837872E-04  -2.80642504E-04
        5401   2.26290822       5.01795905E-04  -2.75572442E-04
        5411   2.26019764       5.01755043E-04  -2.67890195E-04
        5421   2.25757670       5.01713832E-04  -2.57646432E-04
        5431   2.25507045       5.01673087E-04  -2.44918716E-04
        5441   2.25270319       5.01632632E-04  -2.29810903E-04
        5451   2.25049806       5.01590781E-04  -2.12453335E-04
        5461   2.24847651       5.01552131E-04  -1.93001528E-04
        5471   2.24665856       5.01515460E-04  -1.71635285E-04
        5481   2.24506259       5.01476286E-04  -1.48556821E-04
        5491   2.24370432       5.01433155E-04  -1.23989477E-04
        5501   2.24259734       5.01395843E-04  -9.81745543E-05
        5511   2.24175286       5.01355680E-04  -7.13687768E-05
        5521   2.24117923       5.01319941E-04  -4.38415373E-05
        5531   2.24088240       5.01286355E-04  -1.58709518E-05
        5541   2.24086547       5.01246366E-04   1.22589809E-05
        5551   2.24112844       5.01209463E-04   4.02620790E-05
        5561   2.24166870       5.01173490E-04   6.78539582E-05
        5571   2.24248075       5.01133734E-04   9.47555236E-05
        5581   2.24355626       5.01097122E-04   1.20696495E-04
        5591   2.24488449       5.01058006E-04   1.45418657E-04
        5601   2.24645185       5.01024537E-04   1.68678831E-04
        5611   2.24824286       5.00987575E-04   1.90252278E-04
        5621   2.25023961       5.00954280E-04   2.09934238E-04
        5631   2.25242233       5.00918599E-04   2.27542478E-04
        5641   2.25476956       5.00886585E-04   2.42918803E-04
        5651   2.25725818       5.00856375E-04   2.55930412E-04
        5661   2.25986433       5.00826747E-04   2.66470714E-04
        5671   2.26256275       5.00800204E-04   2.74459337E-04
        5681   2.26532793       5.00773080E-04   2.79842643E-04
        5691   2.26813364       5.00747061E-04   2.82593159E-04
        5701   2.27095366       5.00721799E-04   2.82709079E-04
        5711   2.27376175       5.00697002E-04   2.80213135E-04
        5721   2.27653217       5.00672788E-04   2.75152008E-04
        5731   2.27923942       5.00647060E-04   2.67594587E-04
        5741   2.28185940       5.00623020E-04   2.57630949E-04
        5751   2.28436852       5.00599039E-04   2.45370320E-04
        5761   2.28674436       5.00574126E-04   2.30940015E-04
        5771   2.28896594       5.00545721E-04   2.14483473E-04
        5781   2.29101419       5.00521855E-04   1.96159017E-04
        5791   2.29287100       5.00494672E-04   1.76137692E-04
        5801   2.29452038       5.00464870E-04   1.54602152E-04
        5811   2.29594827       5.00435941E-04   1.31745008E-04
        5821   2.29714251       5.00409107E-04   1.07767250E-04
        5831   2.29809284       5.00378083E-04   8.28765333E-05
        5841   2.29879141       5.00351656E-04   5.72863937E-05
        5851   2.29923224       5.00328199E-04   3.12142365E-05
        5861   2.29941154       5.00302005E-04   4.88041223E-06
        5871   2.29932785       5.00274589E-04  -2.14930969E-05
        5881   2.29898190       5.00248745E-04  -4.76840796E-05
        5891   2.29837656       5.00219408E-04  -7.34716014E-05
        5901   2.29751706       5.00192516E-04  -9.86369196E-05
        5911   2.29641056       5.00161434E-04  -1.22965095E-04
        5921   2.29506660       5.00132388E-04  -1.46246224E-04
        5931   2.29349661       5.00102178E-04  -1.68276732E-04
        5941   2.29171419       5.00073074E-04  -1.88861202E-04
        5951   2.28973460       5.00044262E-04  -2.07813559E-04
        5961   2.28757501       5.00013237E-04  -2.24958436E-04
        5971   2.28525424       4.99981223E-04  -2.40133028E-04
        5981   2.28279257       4.99944785E-04  -2.53188715E-04
        5991   2.28021216       4.99909394E-04  -2.63992231E-04
        6001   2.27753592       4.99873655E-04  -2.72428151E-04
        6011   2.27478790       4.99835529E-04  -2.78399501E-04
        6021   2.27199316       4.99796704E-04  -2.81829998E-04
        6031   2.26917720       4.99757065E-04  -2.82665249E-04
        6041   2.26636624       4.99716727E-04  -2.80873937E-04
        6051   2.26358628       4.99676855E-04  -2.76449195E-04
        6061   2.26086378       4.99636168E-04  -2.69409327E-04
        6071   2.25822449       4.99595015E-04  -2.59798864E-04
        6081   2.25569367       4.99553164E-04  -2.47688731E-04
        6091   2.25329566       4.99515678E-04  -2.33176572E-04
        6101   2.25105405       4.99475980E-04  -2.16385699E-04
        6111   2.24899054       4.99437796E-04  -1.97465459E-04
        6121   2.24712563       4.99400427E-04  -1.76589529E-04
        6131   2.24547791       4.99362941E-04  -1.53954592E-04
        6141   2.24406385       4.99319285E-04  -1.29778477E-04
        6151   2.24289751       4.99280461E-04  -1.04297964E-04
        6161   2.24199057       4.99240414E-04  -7.77657333E-05
        6171   2.24135208       4.99203859E-04  -5.04476011E-05
        6181   2.24098873       4.99167305E-04  -2.26192860E-05
        6191   2.24090409       4.99129179E-04   5.43681017E-06
        6201   2.24109912       4.99088084E-04   3.34353790E-05
        6211   2.24157166       4.99049609E-04   6.10919742E-05
        6221   2.24231696       4.99009155E-04   8.81267188E-05
        6231   2.24332738       4.98972600E-04   1.14267299E-04
        6241   2.24459267       4.98936279E-04   1.39253039E-04
        6251   2.24610019       4.98902402E-04   1.62837488E-04
        6261   2.24783492       4.98863927E-04   1.84791686E-04
        6271   2.24977922       4.98833542E-04   2.04906042E-04
        6281   2.25191402       4.98801353E-04   2.22993564E-04
        6291   2.25421834       4.98771318E-04   2.38890454E-04
        6301   2.25666952       4.98741807E-04   2.52457772E-04
        6311   2.25924397       4.98712703E-04   2.63582711E-04
        6321   2.26191664       4.98685578E-04   2.72178615E-04
        6331   2.26466203       4.98658803E-04   2.78185442E-04
        6341   2.26745439       4.98632959E-04   2.81569519E-04
        6351   2.27026725       4.98607405E-04   2.82322726E-04
        6361   2.27307463       4.98582493E-04   2.80462031E-04
        6371   2.27585053       4.98557638E-04   2.76028120E-04
        6381   2.27856970       4.98533191E-04   2.69084470E-04
        6391   2.28120732       4.98506241E-04   2.59715831E-04
        6401   2.28374004       4.98481910E-04   2.48026859E-04
        6411   2.28614497       4.98454785E-04   2.34140229E-04
        6421   2.28840113       4.98427893E-04   2.18195390E-04
        6431   2.29048872       4.98402864E-04   2.00346694E-04
        6441   2.29238939       4.98372596E-04   1.80761868E-04
        6451   2.29408693       4.98344772E-04   1.59620729E-04
        6461   2.29556680       4.98320907E-04   1.37113035E-04
        6471   2.29681611       4.98292095E-04   1.13437331E-04
        6481   2.29782438       4.98265901E-04   8.87996357E-05
        6491   2.29858303       4.98238893E-04   6.34115931E-05
        6501   2.29908562       4.98209964E-04   3.74895244E-05
        6511   2.29932809       4.98185284E-04   1.12529033E-05
        6521   2.29930806       4.98154201E-04  -1.50771739E-05
        6531   2.29902601       4.98126086E-04  -4.12786685E-05
        6541   2.29848433       4.98098962E-04  -6.71306843E-05
        6551   2.29768753       4.98072361E-04  -9.24143314E-05
        6561   2.29664230       4.98044246E-04  -1.16914031E-04
        6571   2.29535770       4.98018228E-04  -1.40418881E-04
        6581   2.29384446       4.97986039E-04  -1.62724173E-04
        6591   2.29211569       4.97955538E-04  -1.83632597E-04
        6601   2.29018641       4.97926027E-04  -2.02955998E-04
        6611   2.28807306       4.97894245E-04  -2.20516798E-04
        6621   2.28579426       4.97861416E-04  -2.36149266E-04
        6631   2.28337002       4.97827888E-04  -2.49701523E-04
        6641   2.28082156       4.97791392E-04  -2.61036970E-04
        6651   2.27817178       4.97753441E-04  -2.70035613E-04
        6661   2.27544451       4.97715198E-04  -2.76596344E-04
        6671   2.27266455       4.97676781E-04  -2.80637847E-04
        6681   2.26985741       4.97637608E-04  -2.82100489E-04
        6691   2.26704884       4.97597561E-04  -2.80947512E-04
        6701   2.26426506       4.97556757E-04  -2.77166168E-04
        6711   2.26153207       4.97517118E-04  -2.70768738E-04
        6721   2.25887609       4.97475849E-04  -2.61793088E-04
        6731   2.25632215       4.97436500E-04  -2.50303856E-04
        6741   2.25389504       4.97396453E-04  -2.36391788E-04
        6751   2.25161839       4.97358968E-04  -2.20174014E-04
        6761   2.24951434       4.97320318E-04  -2.01793417E-04
        6771   2.24760389       4.97282017E-04  -1.81417534E-04
        6781   2.24590564       4.97245695E-04  -1.59237214E-04
        6791   2.24443674       4.97207569E-04  -1.35464841E-04
        6801   2.24321175       4.97169094E-04  -1.10332345E-04
        6811   2.24224305       4.97133122E-04  -8.40880384E-05
        6821   2.24154043       4.97098197E-04  -5.69943513E-05
        6831   2.24111104       4.97058907E-04  -2.93244611E-05
        6841   2.24095917       4.97016707E-04  -1.35877781E-06
        6851   2.24108624       4.96981491E-04   2.66185107E-05
        6861   2.24149108       4.96940396E-04   5.43231945E-05
        6871   2.24216938       4.96899942E-04   8.14743180E-05
        6881   2.24311423       4.96869034E-04   1.07798274E-04
        6891   2.24431634       4.96828929E-04   1.33032110E-04
        6901   2.24576330       4.96796391E-04   1.56926006E-04
        6911   2.24744081       4.96762572E-04   1.79247014E-04
        6921   2.24933195       4.96729976E-04   1.99781207E-04
        6931   2.25141811       4.96694120E-04   2.18336398E-04
        6941   2.25367856       4.96662979E-04   2.34742911E-04
        6951   2.25609112       4.96634166E-04   2.48856435E-04
        6961   2.25863242       4.96605644E-04   2.60557834E-04
        6971   2.26127791       4.96577239E-04   2.69754382E-04
        6981   2.26400232       4.96550289E-04   2.76379578E-04
        6991   2.26677966       4.96524619E-04   2.80393404E-04
        7001   2.26958394       4.96498891E-04   2.81781744E-04
        7011   2.27238917       4.96474328E-04   2.80555483E-04
        7021   2.27516913       4.96449531E-04   2.76749401E-04
        7031   2.27789855       4.96424676E-04   2.70421471E-04
        7041   2.28055263       4.96400404E-04   2.61651177E-04
        7051   2.28310752       4.96375607E-04   2.50538054E-04
        7061   2.28554034       4.96349996E-04   2.37200438E-04
        7071   2.28782964       4.96323744E-04   2.21773458E-04
        7081   2.28995538       4.96298773E-04   2.04407756E-04
        7091   2.29189897       4.96274908E-04   1.85267563E-04
        7101   2.29364347       4.96245979E-04   1.64529454E-04
        7111   2.29517412       4.96222870E-04   1.42380653E-04
        7121   2.29647756       4.96193534E-04   1.19017379E-04
        7131   2.29754281       4.96166700E-04   9.46434884E-05
        7141   2.29836082       4.96139517E-04   6.94691626E-05
        7151   2.29892468       4.96111228E-04   4.37092458E-05
        7161   2.29922962       4.96081135E-04   1.75820751E-05
        7171   2.29927325       4.96058376E-04  -8.69174437E-06
        7181   2.29905486       4.96026827E-04  -3.48909525E-05
        7191   2.29857659       4.95998713E-04  -6.07944967E-05
        7201   2.29784250       4.95972752E-04  -8.61833250E-05
        7211   2.29685879       4.95947839E-04  -1.10841327E-04
        7221   2.29563355       4.95916815E-04  -1.34556845E-04
        7231   2.29417753       4.95887012E-04  -1.57123723E-04
        7241   2.29250312       4.95857326E-04  -1.78343267E-04
        7251   2.29062462       4.95823973E-04  -1.98025387E-04
        7261   2.28855848       4.95792949E-04  -2.15989974E-04
        7271   2.28632259       4.95760352E-04  -2.32068764E-04
        7281   2.28393650       4.95725428E-04  -2.46106734E-04
        7291   2.28142142       4.95691318E-04  -2.57963751E-04
        7301   2.27879953       4.95654531E-04  -2.67516123E-04
        7311   2.27609468       4.95617860E-04  -2.74658087E-04
        7321   2.27333093       4.95579268E-04  -2.79303902E-04
        7331   2.27053380       4.95540327E-04  -2.81388522E-04
        7341   2.26772904       4.95500513E-04  -2.80869601E-04
        7351   2.26494265       4.95461281E-04  -2.77728686E-04
        7361   2.26220083       4.95420769E-04  -2.71971803E-04
        7371   2.25952959       4.95380489E-04  -2.63630907E-04
        7381   2.25695419       4.95341490E-04  -2.52764003E-04
        7391   2.25449967       4.95298533E-04  -2.39455272E-04
        7401   2.25218964       4.95257671E-04  -2.23815558E-04
        7411   2.25004673       4.95215645E-04  -2.05981225E-04
        7421   2.24809194       4.95177170E-04  -1.86113772E-04
        7431   2.24634457       4.95137472E-04  -1.64397992E-04
        7441   2.24482203       4.95102955E-04  -1.41040800E-04
        7451   2.24353957       4.95068962E-04  -1.16268922E-04
        7461   2.24251032       4.95026645E-04  -9.03264954E-05
        7471   2.24174428       4.94988111E-04  -6.34725002E-05
        7481   2.24124932       4.94953361E-04  -3.59769037E-05
        7491   2.24103045       4.94915876E-04  -8.11803875E-06
        7501   2.24108982       4.94881242E-04   1.98211637E-05
        7511   2.24142694       4.94840962E-04   4.75569323E-05
        7521   2.24203825       4.94804932E-04   7.48077873E-05
        7531   2.24291754       4.94767679E-04   1.01298705E-04
        7541   2.24405599       4.94730077E-04   1.26764324E-04
        7551   2.24544191       4.94696142E-04   1.50951877E-04
        7561   2.24706149       4.94663487E-04   1.73624911E-04
        7571   2.24889874       4.94627282E-04   1.94565117E-04
        7581   2.25093508       4.94594977E-04   2.13574996E-04
        7591   2.25315046       4.94565407E-04   2.30480015E-04
        7601   2.25552320       4.94535489E-04   2.45129864E-04
        7611   2.25803018       4.94505512E-04   2.57399341E-04
        7621   2.26064706       4.94479144E-04   2.67189433E-04
        7631   2.26334906       4.94451320E-04   2.74427584E-04
        7641   2.26611018       4.94424428E-04   2.79067230E-04
        7651   2.26890445       4.94399224E-04   2.81088025E-04
        7661   2.27170587       4.94374370E-04   2.80494773E-04
        7671   2.27448845       4.94350155E-04   2.77316576E-04
        7681   2.27722669       4.94326290E-04   2.71605677E-04
        7691   2.27989554       4.94300912E-04   2.63436203E-04
        7701   2.28247118       4.94277396E-04   2.52903032E-04
        7711   2.28493047       4.94253181E-04   2.40119567E-04
        7721   2.28725147       4.94227163E-04   2.25216718E-04
        7731   2.28941393       4.94200096E-04   2.08341255E-04
        7741   2.29139900       4.94173903E-04   1.89654005E-04
        7751   2.29318929       4.94145672E-04   1.69328370E-04
        7761   2.29476953       4.94116335E-04   1.47548766E-04
        7771   2.29612613       4.94088919E-04   1.24508864E-04
        7781   2.29724765       4.94064414E-04   1.00410485E-04
        7791   2.29812431       4.94034728E-04   7.54618522E-05
        7801   2.29874897       4.94012027E-04   4.98765403E-05
        7811   2.29911613       4.93985484E-04   2.38716148E-05
        7821   2.29922271       4.93955216E-04  -2.33311221E-06
        7831   2.29906797       4.93928848E-04  -2.85166752E-05
        7841   2.29865313       4.93900618E-04  -5.44583963E-05
        7851   2.29798174       4.93872329E-04  -7.99389964E-05
        7861   2.29705954       4.93845670E-04  -1.04741863E-04
        7871   2.29589438       4.93821106E-04  -1.28654603E-04
        7881   2.29449606       4.93793166E-04  -1.51470056E-04
        7891   2.29287648       4.93760977E-04  -1.72988075E-04
        7901   2.29104972       4.93731000E-04  -1.93016516E-04
        7911   2.28903151       4.93697298E-04  -2.11373161E-04
        7921   2.28683949       4.93665168E-04  -2.27887067E-04
        7931   2.28449273       4.93631116E-04  -2.42400361E-04
        7941   2.28201199       4.93596308E-04  -2.54769257E-04
        7951   2.27941918       4.93559230E-04  -2.64866307E-04
        7961   2.27673769       4.93521977E-04  -2.72581645E-04
        7971   2.27399182       4.93484666E-04  -2.77824700E-04
        7981   2.27120638       4.93445725E-04  -2.80525564E-04
        7991   2.26840711       4.93406435E-04  -2.80636566E-04
        8001   2.26561999       4.93366097E-04  -2.78133404E-04
        8011   2.26287103       4.93325468E-04  -2.73016281E-04
        8021   2.26018620       4.93284315E-04  -2.65310780E-04
        8031   2.25759101       4.93243570E-04  -2.55068560E-04
        8041   2.25511026       4.93204920E-04  -2.42367358E-04
        8051   2.25276828       4.93163825E-04  -2.27311175E-04
        8061   2.25058770       4.93121101E-04  -2.10030179E-04
        8071   2.24858975       4.93085652E-04  -1.90679479E-04
        8081   2.24679446       4.93046537E-04  -1.69437859E-04
        8091   2.24521947       4.93013766E-04  -1.46506965E-04
        8101   2.24388075       4.92971973E-04  -1.22108177E-04
        8111   2.24279165       4.92933672E-04  -9.64815117E-05
        8121   2.24196291       4.92897176E-04  -6.98817312E-05
        8131   2.24140310       4.92859865E-04  -4.25757898E-05
        8141   2.24111772       4.92824998E-04  -1.48397557E-05
        8151   2.24110985       4.92786698E-04   1.30449444E-05
        8161   2.24137950       4.92747524E-04   4.07949410E-05
        8171   2.24192381       4.92710155E-04   6.81286620E-05
        8181   2.24273729       4.92672378E-04   9.47698281E-05
        8191   2.24381161       4.92637220E-04   1.20450924E-04
        8201   2.24513602       4.92600433E-04   1.44916776E-04
        8211   2.24669719       4.92565916E-04   1.67926977E-04
        8221   2.24847937       4.92532738E-04   1.89259168E-04
        8231   2.25046492       4.92502586E-04   2.08711193E-04
        8241   2.25263429       4.92470630E-04   2.26103235E-04
        8251   2.25496602       4.92439955E-04   2.41279107E-04
        8261   2.25743747       4.92409337E-04   2.54107901E-04
        8271   2.26002455       4.92381456E-04   2.64484232E-04
        8281   2.26270247       4.92355030E-04   2.72329286E-04
        8291   2.26544571       4.92328720E-04   2.77590414E-04
        8301   2.26822853       4.92302701E-04   2.80240958E-04
        8311   2.27102470       4.92277730E-04   2.80279492E-04
        8321   2.27380824       4.92253108E-04   2.77729298E-04
        8331   2.27655363       4.92228428E-04   2.72637029E-04
        8341   2.27923584       4.92203864E-04   2.65071547E-04
        8351   2.28183055       4.92177962E-04   2.55122490E-04
        8361   2.28431463       4.92151710E-04   2.42898721E-04
        8371   2.28666615       4.92127321E-04   2.28526842E-04
        8381   2.28886414       4.92101710E-04   2.12149389E-04
        8391   2.29088950       4.92075400E-04   1.93923785E-04
        8401   2.29272461       4.92048799E-04   1.74019966E-04
        8411   2.29435349       4.92019462E-04   1.52619468E-04
        8421   2.29576230       4.91989544E-04   1.29913664E-04
        8431   2.29693913       4.91963001E-04   1.06102118E-04
        8441   2.29787374       4.91933431E-04   8.13911611E-05
        8451   2.29855847       4.91907995E-04   5.59927430E-05
        8461   2.29898739       4.91883722E-04   3.01228883E-05
        8471   2.29915690       4.91859857E-04   4.00033787E-06
        8481   2.29906559       4.91835293E-04  -2.21545433E-05
        8491   2.29871416       4.91809100E-04  -4.81212701E-05
        8501   2.29810572       4.91783838E-04  -7.36804359E-05
        8511   2.29724526       4.91757237E-04  -9.86152154E-05
        8521   2.29614019       4.91727202E-04  -1.22712314E-04
        8531   2.29480004       4.91702755E-04  -1.45763552E-04
        8541   2.29323602       4.91671613E-04  -1.67567399E-04
        8551   2.29146171       4.91641520E-04  -1.87930011E-04
        8561   2.28949237       4.91610961E-04  -2.06667130E-04
        8571   2.28734517       4.91578830E-04  -2.23605282E-04
        8581   2.28503871       4.91543906E-04  -2.38583554E-04
        8591   2.28259349       4.91509156E-04  -2.51454854E-04
        8601   2.28003120       4.91474173E-04  -2.62088113E-04
        8611   2.27737474       4.91438899E-04  -2.70369259E-04
        8621   2.27464795       4.91401763E-04  -2.76203355E-04
        8631   2.27187562       4.91363462E-04  -2.79515516E-04
        8641   2.26908326       4.91324405E-04  -2.80252571E-04
        8651   2.26629663       4.91285289E-04  -2.78384716E-04
        8661   2.26354194       4.91245009E-04  -2.73906044E-04
        8671   2.26084495       4.91204904E-04  -2.66836054E-04
        8681   2.25823140       4.91163344E-04  -2.57219974E-04
        8691   2.25572610       4.91125509E-04  -2.45129195E-04
        8701   2.25335360       4.91084647E-04  -2.30661259E-04
        8711   2.25113678       4.91042680E-04  -2.13939784E-04
        8721   2.24909735       4.91002866E-04  -1.95113709E-04
        8731   2.24725533       4.90965962E-04  -1.74356013E-04
        8741   2.24562907       4.90929990E-04  -1.51862274E-04
        8751   2.24423504       4.90888255E-04  -1.27848965E-04
        8761   2.24308681       4.90854494E-04  -1.02551392E-04
        8771   2.24219632       4.90815553E-04  -7.62201671E-05
        8781   2.24157214       4.90783947E-04  -4.91191713E-05
        8791   2.24122095       4.90743085E-04  -2.15218588E-05
        8801   2.24114609       4.90704959E-04   6.29192255E-06
        8811   2.24134827       4.90668113E-04   3.40396145E-05
        8821   2.24182558       4.90628066E-04   6.14395904E-05
        8831   2.24257302       4.90589649E-04   8.82145177E-05
        8841   2.24358296       4.90554841E-04   1.14095223E-04
        8851   2.24484539       4.90517588E-04   1.38823816E-04
        8861   2.24634743       4.90481849E-04   1.62156502E-04
        8871   2.24807405       4.90446051E-04   1.83866941E-04
        8881   2.25000811       4.90412116E-04   2.03748263E-04
        8891   2.25213027       4.90381033E-04   2.21615424E-04
        8901   2.25441980       4.90350765E-04   2.37306973E-04
        8911   2.25685430       4.90321894E-04   2.50685989E-04
        8921   2.25941014       4.90293605E-04   2.61641195E-04
        8931   2.26206279       4.90264967E-04   2.70087272E-04
        8941   2.26478672       4.90239181E-04   2.75965314E-04
        8951   2.26755643       4.90213162E-04   2.79242522E-04
        8961   2.27034569       4.90187842E-04   2.79911386E-04
        8971   2.27312875       4.90163511E-04   2.77989340E-04
        8981   2.27587986       4.90139413E-04   2.73517217E-04
        8991   2.27857399       4.90116247E-04   2.66558432E-04
        9001   2.28118658       4.90091566E-04   2.57197273E-04
        9011   2.28369427       4.90067003E-04   2.45538075E-04
        9021   2.28607464       4.90039645E-04   2.31702870E-04
        9031   2.28830695       4.90016013E-04   2.15830456E-04
        9041   2.29037142       4.89991624E-04   1.98074209E-04
        9051   2.29225016       4.89967177E-04   1.78600851E-04
        9061   2.29392672       4.89937374E-04   1.57588947E-04
        9071   2.29538703       4.89913044E-04   1.35227252E-04
        9081   2.29661846       4.89889644E-04   1.11712841E-04
        9091   2.29761028       4.89859201E-04   8.72503733E-05
        9101   2.29835439       4.89832251E-04   6.20502542E-05
        9111   2.29884434       4.89802740E-04   3.63272775E-05
        9121   2.29907608       4.89771890E-04   1.02992690E-05
        9131   2.29904771       4.89745231E-04  -1.58140465E-05
        9141   2.29875946       4.89717058E-04  -4.17926349E-05
        9151   2.29821372       4.89689177E-04  -6.74170733E-05
        9161   2.29741526       4.89663449E-04  -9.24701817E-05
        9171   2.29637074       4.89638711E-04  -1.16738214E-04
        9181   2.29508901       4.89611411E-04  -1.40012038E-04
        9191   2.29358101       4.89581493E-04  -1.62088734E-04
        9201   2.29185963       4.89548431E-04  -1.82772928E-04
        9211   2.28993988       4.89518046E-04  -2.01878094E-04
        9221   2.28783846       4.89487313E-04  -2.19228416E-04
        9231   2.28557348       4.89454775E-04  -2.34660329E-04
        9241   2.28316498       4.89421131E-04  -2.48023687E-04
        9251   2.28063416       4.89385391E-04  -2.59183522E-04
        9261   2.27800369       4.89348487E-04  -2.68021802E-04
        9271   2.27529740       4.89311817E-04  -2.74438935E-04
        9281   2.27253962       4.89273923E-04  -2.78355525E-04
        9291   2.26975560       4.89235157E-04  -2.79713160E-04
        9301   2.26697111       4.89196391E-04  -2.78476364E-04
        9311   2.26421213       4.89156926E-04  -2.74633436E-04
        9321   2.26150465       4.89117985E-04  -2.68197822E-04
        9331   2.25887418       4.89078753E-04  -2.59208318E-04
        9341   2.25634599       4.89040802E-04  -2.47729942E-04
        9351   2.25394440       4.89002152E-04  -2.33853760E-04
        9361   2.25169277       4.88963386E-04  -2.17697088E-04
        9371   2.24961305       4.88925783E-04  -1.99402450E-04
        9381   2.24772573       4.88890219E-04  -1.79136754E-04
        9391   2.24604964       4.88854479E-04  -1.57089977E-04
        9401   2.24460149       4.88813035E-04  -1.33473310E-04
        9411   2.24339557       4.88772755E-04  -1.08517241E-04
        9421   2.24244404       4.88736783E-04  -8.24684539E-05
        9431   2.24175644       4.88704070E-04  -5.55873485E-05
        9441   2.24133992       4.88666701E-04  -2.81444190E-05
        9451   2.24119854       4.88628517E-04  -4.17905540E-07
        9461   2.24133372       4.88591206E-04   2.73106943E-05
        9471   2.24174404       4.88557562E-04   5.47597665E-05
        9481   2.24242544       4.88517748E-04   8.16516622E-05
        9491   2.24337077       4.88483522E-04   1.07715205E-04
        9501   2.24457073       4.88446967E-04   1.32690184E-04
        9511   2.24601316       4.88409831E-04   1.56329828E-04
        9521   2.24768353       4.88375197E-04   1.78403658E-04
        9531   2.24956512       4.88340156E-04   1.98700553E-04
        9541   2.25163937       4.88307793E-04   2.17030407E-04
        9551   2.25388575       4.88277408E-04   2.33226048E-04
        9561   2.25628233       4.88244928E-04   2.47144955E-04
        9571   2.25880575       4.88216174E-04   2.58669752E-04
        9581   2.26143169       4.88188962E-04   2.67709052E-04
        9591   2.26413512       4.88161691E-04   2.74197781E-04
        9601   2.26689029       4.88135614E-04   2.78096792E-04
        9611   2.26967120       4.88110411E-04   2.79392552E-04
        9621   2.27245212       4.88085410E-04   2.78096471E-04
        9631   2.27520728       4.88060410E-04   2.74243852E-04
        9641   2.27791166       4.88036982E-04   2.67892581E-04
        9651   2.28054047       4.88011574E-04   2.59121793E-04
        9661   2.28307009       4.87985992E-04   2.48030905E-04
        9671   2.28547812       4.87959769E-04   2.34737483E-04
        9681   2.28774309       4.87933052E-04   2.19376088E-04
        9691   2.28984523       4.87905869E-04   2.02096402E-04
        9701   2.29176617       4.87879035E-04   1.83061813E-04
        9711   2.29348922       4.87849175E-04   1.62447788E-04
        9721   2.29499960       4.87819925E-04   1.40440286E-04
        9731   2.29628444       4.87791083E-04   1.17234318E-04
        9741   2.29733276       4.87764715E-04   9.30322858E-05
        9751   2.29813552       4.87734214E-04   6.80428930E-05
        9761   2.29868627       4.87709825E-04   4.24796308E-05
        9771   2.29898000       4.87682701E-04   1.65591700E-05
        9781   2.29901433       4.87653248E-04  -9.49955574E-06
        9791   2.29878902       4.87623998E-04  -3.54767435E-05
        9801   2.29830599       4.87593992E-04  -6.11530486E-05
        9811   2.29756951       4.87569545E-04  -8.63110399E-05
        9821   2.29658556       4.87541663E-04  -1.10736510E-04
        9831   2.29536271       4.87514510E-04  -1.34219474E-04
        9841   2.29391122       4.87486890E-04  -1.56555820E-04
        9851   2.29224372       4.87459794E-04  -1.77548616E-04
        9861   2.29037428       4.87428333E-04  -1.97009591E-04
        9871   2.28831935       4.87397192E-04  -2.14760483E-04
        9881   2.28609681       4.87366284E-04  -2.30634876E-04
        9891   2.28372598       4.87331767E-04  -2.44479597E-04
        9901   2.28122807       4.87298326E-04  -2.56156229E-04
        9911   2.27862501       4.87262034E-04  -2.65542971E-04
        9921   2.27594042       4.87224810E-04  -2.72535748E-04
        9931   2.27319860       4.87187353E-04  -2.77050218E-04
        9941   2.27042460       4.87148878E-04  -2.79023137E-04
        9951   2.26764393       4.87110083E-04  -2.78413674E-04
        9961   2.26488256       4.87070007E-04  -2.75204337E-04
        9971   2.26216626       4.87030367E-04  -2.69402546E-04
        9981   2.25952077       4.86989098E-04  -2.61040928E-04
        9991   2.25697112       4.86951991E-04  -2.50178127E-04
