           1   2.99893713      0.148289070      -2.12607236E-04
          11   2.99574780      0.148289129      -4.25299542E-04
          21   2.99043107      0.148289278      -6.38156896E-04
          31   2.98298478      0.148289487      -8.51248915E-04
          41   2.97340608      0.148289621      -1.06462929E-03
          51   2.96169209      0.148289755      -1.27832917E-03
          61   2.94783950      0.148289829      -1.49235025E-03
          71   2.93184519      0.148289874      -1.70665618E-03
          81   2.91370654      0.148289666      -1.92116282E-03
          91   2.89342213      0.148289233      -2.13572616E-03
         101   2.87099218      0.148288399      -2.35012872E-03
         111   2.84641957      0.148287058      -2.56406260E-03
         121   2.81971097      0.148285031      -2.77710916E-03
         131   2.79087758      0.148282155      -2.98871519E-03
         141   2.75993681      0.148278087      -3.19816382E-03
         151   2.72691441      0.148272663      -3.40454094E-03
         161   2.69184613      0.148265421      -3.60669475E-03
         171   2.65478063      0.148255974      -3.80318868E-03
         181   2.61578250      0.148243904      -3.99224833E-03
         191   2.57493567      0.148228675      -4.17170068E-03
         201   2.53234839      0.148209855      -4.33890661E-03
         211   2.48815751      0.148187041      -4.49069217E-03
         221   2.44253445      0.148160055      -4.62327711E-03
         231   2.39569187      0.148128942      -4.73221159E-03
         241   2.34789014      0.148094311      -4.81233094E-03
         251   2.29944515      0.148057431      -4.85774223E-03
         261   2.25073528      0.148020595      -4.86186426E-03
         271   2.20220780      0.147987291      -4.81754914E-03
         281   2.15438414      0.147962242      -4.71731182E-03
         291   2.10786152      0.147951216      -4.55370406E-03
         301   2.06331015      0.147960410      -4.31985362E-03
         311   2.02146459      0.147995055      -4.01017303E-03
         321   1.98310673      0.148057997      -3.62121314E-03
         331   1.94904029      0.148147136      -3.15257953E-03
         341   1.92005515      0.148254380      -2.60778074E-03
         351   1.89688468      0.148365378      -1.99482869E-03
         361   1.88015854      0.148461878      -1.32639881E-03
         371   1.87035668      0.148525536      -6.19400525E-04
         381   1.86777055      0.148543254       1.06082269E-04
         391   1.87247837      0.148511276       8.28377553E-04
         401   1.88433814      0.148436353       1.52609032E-03
         411   1.90300024      0.148333609       2.17991788E-03
         421   1.92793655      0.148221880       2.77410331E-03
         431   1.95848227      0.148118749       3.29731521E-03
         441   1.99388278      0.148036748       3.74289416E-03
         451   2.03334022      0.147982031       4.10854584E-03
         461   2.07605386      0.147955179       4.39564884E-03
         471   2.12125325      0.147952467       4.60836990E-03
         481   2.16822124      0.147968218       4.75275377E-03
         491   2.21630836      0.147996247       4.83590690E-03
         501   2.26493931      0.148031041       4.86533623E-03
         511   2.31361485      0.148068175       4.84845974E-03
         521   2.36190844      0.148104578       4.79227863E-03
         531   2.40946054      0.148138300       4.70318180E-03
         541   2.45597219      0.148168221       4.58685076E-03
         551   2.50119758      0.148193955       4.44823876E-03
         561   2.54493690      0.148215547       4.29159496E-03
         571   2.58702946      0.148233235       4.12051566E-03
         581   2.62734723      0.148247495       3.93801183E-03
         591   2.66578960      0.148258761       3.74657940E-03
         601   2.70227861      0.148267478       3.54826846E-03
         611   2.73675489      0.148274228       3.34474887E-03
         621   2.76917362      0.148279250       3.13736871E-03
         631   2.79950237      0.148282975       2.92720599E-03
         641   2.82771778      0.148285568       2.71511357E-03
         651   2.85380459      0.148287356       2.50175758E-03
         661   2.87775302      0.148288578       2.28764932E-03
         671   2.89955759      0.148289293       2.07317248E-03
         681   2.91921639      0.148289680       1.85860682E-03
         691   2.93672967      0.148289815       1.64414686E-03
         701   2.95209932      0.148289770       1.42991764E-03
         711   2.96532798      0.148289636       1.21598830E-03
         721   2.97641897      0.148289502       1.00238319E-03
         731   2.98537564      0.148289323       7.89091224E-04
         741   2.99220085      0.148289159       5.76074002E-04
         751   2.99689722      0.148289099       3.63272527E-04
         761   2.99946642      0.148289040       1.50613603E-04
         771   2.99990940      0.148288980      -6.19847851E-05
         781   2.99822664      0.148289025      -2.74608203E-04
         791   2.99441719      0.148289099      -4.87340731E-04
         801   2.98847985      0.148289278      -7.00259930E-04
         811   2.98041201      0.148289457      -9.13431344E-04
         821   2.97021103      0.148289561      -1.12690276E-03
         831   2.95787382      0.148289710      -1.34069764E-03
         841   2.94339705      0.148289740      -1.55480742E-03
         851   2.92677760      0.148289695      -1.76918285E-03
         861   2.90801334      0.148289412      -1.98372384E-03
         871   2.88710308      0.148288831      -2.19826656E-03
         881   2.86404800      0.148287833      -2.41256878E-03
         891   2.83885169      0.148286313      -2.62629264E-03
         901   2.81152201      0.148284048      -2.83898320E-03
         911   2.78207207      0.148280859      -3.05004232E-03
         921   2.75052118      0.148276418      -3.25869978E-03
         931   2.71689796      0.148270458      -3.46397609E-03
         941   2.68124175      0.148262620      -3.66464164E-03
         951   2.64360523      0.148252442      -3.85916745E-03
         961   2.60405850      0.148239508      -4.04566946E-03
         971   2.56269193      0.148223281      -4.22184588E-03
         981   2.51962161      0.148203373      -4.38490929E-03
         991   2.47499371      0.148179367      -4.53151576E-03
        1001   2.42899132      0.148151189      -4.65769554E-03
        1011   2.38183999      0.148119003      -4.75879433E-03
        1021   2.33381557      0.148083553      -4.82943421E-03
        1031   2.28525138      0.148046404      -4.86351456E-03
        1041   2.23654532      0.148010194      -4.85427259E-03
        1051   2.18816590      0.147978768      -4.79443185E-03
        1061   2.14065671      0.147957131      -4.67647286E-03
        1071   2.09463644      0.147951394      -4.49305167E-03
        1081   2.05079556      0.147967547      -4.23758989E-03
        1091   2.00988460      0.148010403      -3.90503113E-03
        1101   1.97269487      0.148081392      -3.49272229E-03
        1111   1.94003010      0.148176938      -3.00132670E-03
        1121   1.91266835      0.148287028      -2.43561994E-03
        1131   1.89131773      0.148395792      -1.80498115E-03
        1141   1.87656879      0.148484409      -1.12339295E-03
        1151   1.86884987      0.148535714      -4.08826774E-04
        1161   1.86839223      0.148538813       3.17988539E-04
        1171   1.87520969      0.148493171       1.03526469E-03
        1181   1.88909757      0.148408309       1.72204024E-03
        1191   1.90965056      0.148300976       2.35991925E-03
        1201   1.93629599      0.148190111       2.93437205E-03
        1211   1.96833801      0.148092091       3.43543151E-03
        1221   2.00500464      0.148017675       3.85776325E-03
        1231   2.04549336      0.147971302       4.20022802E-03
        1241   2.08900928      0.147951975       4.46511246E-03
        1251   2.13479567      0.147955269       4.65722196E-03
        1261   2.18215370      0.147975251       4.78298962E-03
        1271   2.23045540      0.148005754       4.84969886E-03
        1281   2.27914762      0.148041591       4.86487336E-03
        1291   2.32775283      0.148078784       4.83583799E-03
        1301   2.37586451      0.148114562       4.76943003E-03
        1311   2.42314148      0.148147225       4.67183767E-03
        1321   2.46930122      0.148175955       4.54853056E-03
        1331   2.51411200      0.148200437       4.40425240E-03
        1341   2.55738616      0.148220837       4.24305536E-03
        1351   2.59897304      0.148237467       4.06835834E-03
        1361   2.63875318      0.148250803       3.88301467E-03
        1371   2.67663312      0.148261249       3.68938292E-03
        1381   2.71254063      0.148269370       3.48939607E-03
        1391   2.74642086      0.148275524       3.28462454E-03
        1401   2.77823305      0.148280114       3.07633262E-03
        1411   2.80794764      0.148283511       2.86552822E-03
        1421   2.83554363      0.148285851       2.65300623E-03
        1431   2.86100769      0.148287475       2.43938435E-03
        1441   2.88433123      0.148288473       2.22513382E-03
        1451   2.90551019      0.148289070       2.01060623E-03
        1461   2.92454338      0.148289412       1.79605454E-03
        1471   2.94143128      0.148289457       1.58165151E-03
        1481   2.95617628      0.148289397       1.36750471E-03
        1491   2.96878123      0.148289219       1.15366909E-03
        1501   2.97924948      0.148289055       9.40157683E-04
        1511   2.98758435      0.148288876       7.26950762E-04
        1521   2.99378848      0.148288727       5.14003215E-04
        1531   2.99786425      0.148288622       3.01251275E-04
        1541   2.99981332      0.148288503       8.86186390E-05
        1551   2.99963665      0.148288548      -1.23978243E-04
        1561   2.99733377      0.148288608      -3.36625089E-04
        1571   2.99290395      0.148288652      -5.49404533E-04
        1581   2.98634553      0.148288831      -7.62391253E-04
        1591   2.97765613      0.148289010      -9.75646311E-04
        1601   2.96683264      0.148289159      -1.18921103E-03
        1611   2.95387197      0.148289293      -1.40310032E-03
        1621   2.93877077      0.148289353      -1.61729474E-03
        1631   2.92152619      0.148289233      -1.83173141E-03
        1641   2.90213609      0.148288876      -2.04629288E-03
        1651   2.88060021      0.148288190      -2.26079416E-03
        1661   2.85692024      0.148287088      -2.47496739E-03
        1671   2.83110094      0.148285359      -2.68844282E-03
        1681   2.80315137      0.148282841      -2.90072639E-03
        1691   2.77308631      0.148279294      -3.11117317E-03
        1701   2.74092793      0.148274481      -3.31895566E-03
        1711   2.70670724      0.148267969      -3.52302659E-03
        1721   2.67046738      0.148259491      -3.72207421E-03
        1731   2.63226581      0.148248538      -3.91447172E-03
        1741   2.59217787      0.148234665      -4.09822073E-03
        1751   2.55030131      0.148217455      -4.27088467E-03
        1761   2.50676012      0.148196369      -4.42952057E-03
        1771   2.46171093      0.148171142      -4.57060896E-03
        1781   2.41534805      0.148141757      -4.68998728E-03
        1791   2.36791110      0.148108512      -4.78279172E-03
        1801   2.31969213      0.148072377      -4.84343152E-03
        1811   2.27104259      0.148035184      -4.86560306E-03
        1821   2.22238016      0.147999913      -4.84237354E-03
        1831   2.17419505      0.147970766      -4.76636225E-03
        1841   2.12705278      0.147953138      -4.63005016E-03
        1851   2.08159399      0.147953182      -4.42624791E-03
        1861   2.03852797      0.147976696      -4.14873613E-03
        1871   1.99861932      0.148027793      -3.79306450E-03
        1881   1.96266663      0.148106605      -3.35745467E-03
        1891   1.93147027      0.148207635      -2.84369686E-03
        1901   1.90579271      0.148319185      -2.25787703E-03
        1911   1.88631272      0.148424089      -1.61074265E-03
        1921   1.87357783      0.148503438      -9.17531608E-04
        1931   1.86796200      0.148541391      -1.97171408E-04
        1941   1.86963439      0.148529887       5.29110199E-04
        1951   1.87854421      0.148471445       1.23957172E-03
        1961   1.89442575      0.148378208       1.91383506E-03
        1971   1.91682088      0.148267895       2.53452221E-03
        1981   1.94511616      0.148159340       3.08839139E-03
        1991   1.97858870      0.148067340       3.56684416E-03
        2001   2.01645303      0.148000970       3.96583369E-03
        2011   2.05790544      0.147962749       4.28530853E-03
        2021   2.10215926      0.147950634       4.52838559E-03
        2031   2.14847302      0.147959486       4.70043346E-03
        2041   2.19616795      0.147983119       4.80820565E-03
        2051   2.24463725      0.148015678       4.85911127E-03
        2061   2.29335022      0.148052260       4.86065447E-03
        2071   2.34185028      0.148089275       4.82004089E-03
        2081   2.38975096      0.148124248       4.74393088E-03
        2091   2.43672895      0.148155808       4.63830726E-03
        2101   2.48251724      0.148183331       4.50842641E-03
        2111   2.52689767      0.148206636       4.35882527E-03
        2121   2.56969380      0.148225889       4.19336464E-03
        2131   2.61076498      0.148241550       4.01529158E-03
        2141   2.64999962      0.148253992       3.82730761E-03
        2151   2.68731117      0.148263797       3.63164023E-03
        2161   2.72263265      0.148271322       3.43011064E-03
        2171   2.75591350      0.148277014       3.22419428E-03
        2181   2.78711653      0.148281217       3.01507581E-03
        2191   2.81621504      0.148284286       2.80369702E-03
        2201   2.84319043      0.148286387       2.59079761E-03
        2211   2.86803102      0.148287863       2.37694941E-03
        2221   2.89072943      0.148288712       2.16258643E-03
        2231   2.91128254      0.148289174       1.94802950E-03
        2241   2.92968988      0.148289427       1.73350656E-03
        2251   2.94595265      0.148289427       1.51916977E-03
        2261   2.96007323      0.148289368       1.30511005E-03
        2271   2.97205472      0.148289189       1.09136931E-03
        2281   2.98190045      0.148289025       8.77950108E-04
        2291   2.98961353      0.148288846       6.64824387E-04
        2301   2.99519682      0.148288652       4.51941072E-04
        2311   2.99865246      0.148288608       2.39232235E-04
        2321   2.99998164      0.148288593       2.66188508E-05
        2331   2.99918485      0.148288608      -1.85983779E-04
        2341   2.99626184      0.148288637      -3.98661010E-04
        2351   2.99121165      0.148288816      -6.11493713E-04
        2361   2.98403215      0.148289010      -8.24553135E-04
        2371   2.97472072      0.148289159      -1.03789521E-03
        2381   2.96327424      0.148289293      -1.25155423E-03
        2391   2.94968963      0.148289427      -1.46553619E-03
        2401   2.93396354      0.148289397      -1.67981000E-03
        2411   2.91609335      0.148289233      -1.89429801E-03
        2421   2.89607763      0.148288816      -2.10886449E-03
        2431   2.87391615      0.148288012      -2.32330197E-03
        2441   2.84961152      0.148286730      -2.53731501E-03
        2451   2.82316971      0.148284778      -2.75050011E-03
        2461   2.79460144      0.148282006      -2.96232221E-03
        2471   2.76392317      0.148278087      -3.17208655E-03
        2481   2.73115969      0.148272827      -3.37890582E-03
        2491   2.69634509      0.148265809      -3.58166033E-03
        2501   2.65952635      0.148256630      -3.77895217E-03
        2511   2.62076592      0.148244873      -3.96905234E-03
        2521   2.58014536      0.148230106      -4.14984114E-03
        2531   2.53776908      0.148211747      -4.31874208E-03
        2541   2.49377036      0.148189485      -4.47265152E-03
        2551   2.44831610      0.148163036      -4.60786885E-03
        2561   2.40161300      0.148132414      -4.72003128E-03
        2571   2.35391545      0.148098186      -4.80406499E-03
        2581   2.30553174      0.148061484      -4.85416735E-03
        2591   2.25683212      0.148024499      -4.86383913E-03
        2601   2.20825505      0.147990510      -4.82599298E-03
        2611   2.16031241      0.147964120      -4.73316899E-03
        2621   2.11359167      0.147951037      -4.57788818E-03
        2631   2.06875467      0.147957325      -4.35317075E-03
        2641   2.02652836      0.147988617      -4.05322434E-03
        2651   1.98769021      0.148048013      -3.67428223E-03
        2661   1.95304275      0.148134142      -3.21551808E-03
        2671   1.92337990      0.148239762      -2.67991237E-03
        2681   1.89944458      0.148351252      -2.07489356E-03
        2691   1.88188207      0.148450568      -1.41256372E-03
        2701   1.87119329      0.148519248      -7.09347543E-04
        2711   1.86769509      0.148543134       1.49907137E-05
        2721   1.87149310      0.148517251       7.38878502E-04
        2731   1.88247263      0.148447007       1.44078233E-03
        2741   1.90030873      0.148346782       2.10104836E-03
        2751   1.92449355      0.148235187       2.70341476E-03
        2761   1.95437694      0.148130178       3.23596969E-03
        2771   1.98921287      0.148045063       3.69147561E-03
        2781   2.02820635      0.147986874       4.06712387E-03
        2791   2.07055521      0.147956699       4.36388049E-03
        2801   2.11548376      0.147951305       4.58561257E-03
        2811   2.16226745      0.147965088       4.73817717E-03
        2821   2.21024752      0.147991881       4.82858764E-03
        2831   2.25883937      0.148026094       4.86433087E-03
        2841   2.30753422      0.148063138       4.85285698E-03
        2851   2.35589647      0.148099765       4.80123283E-03
        2861   2.40355873      0.148133874       4.71593067E-03
        2871   2.45021510      0.148164317       4.60272282E-03
        2881   2.49561334      0.148190588       4.46665334E-03
        2891   2.53954816      0.148212641       4.31205705E-03
        2901   2.58185434      0.148230821       4.14260896E-03
        2911   2.62240028      0.148245469       3.96138895E-03
        2921   2.66108203      0.148257062       3.77095351E-03
        2931   2.69781923      0.148266137       3.57340486E-03
        2941   2.73255014      0.148273081       3.37045733E-03
        2951   2.76522851      0.148278326       3.16349627E-03
        2961   2.79582024      0.148282155       2.95363110E-03
        2971   2.82430124      0.148284912       2.74174055E-03
        2981   2.85065508      0.148286819       2.52851192E-03
        2991   2.87487149      0.148288071       2.31447443E-03
        3001   2.89694452      0.148288846       2.10002647E-03
        3011   2.91687202      0.148289293       1.88545964E-03
        3021   2.93465376      0.148289412       1.67097826E-03
        3031   2.95029163      0.148289472       1.45671528E-03
        3041   2.96378803      0.148289353       1.24274625E-03
        3051   2.97514653      0.148289189       1.02910050E-03
        3061   2.98437023      0.148289040       8.15770938E-04
        3071   2.99146199      0.148288861       6.02722110E-04
        3081   2.99642467      0.148288742       3.89897323E-04
        3091   2.99925995      0.148288682       1.77224836E-04
        3101   2.99996901      0.148288637      -3.53765208E-05
        3111   2.99855232      0.148288667      -2.47992168E-04
        3121   2.99500918      0.148288742      -4.60706651E-04
        3131   2.98933816      0.148288891      -6.73598610E-04
        3141   2.98153710      0.148289025      -8.86735448E-04
        3151   2.97160339      0.148289204      -1.10016752E-03
        3161   2.95953369      0.148289353      -1.31392165E-03
        3171   2.94532490      0.148289427      -1.52799382E-03
        3181   2.92897391      0.148289368      -1.74234039E-03
        3191   2.91047812      0.148289114      -1.95686822E-03
        3201   2.88983655      0.148288608      -2.17142212E-03
        3211   2.86704969      0.148287699      -2.38577067E-03
        3221   2.84212112      0.148286223      -2.59958929E-03
        3231   2.81505799      0.148284107      -2.81243864E-03
        3241   2.78587246      0.148281038      -3.02374014E-03
        3251   2.75458336      0.148276806      -3.23274685E-03
        3261   2.72121763      0.148271069      -3.43850791E-03
        3271   2.68581319      0.148263454      -3.63982748E-03
        3281   2.64842105      0.148253590      -3.83521710E-03
        3291   2.60910892      0.148241043      -4.02283994E-03
        3301   2.56796432      0.148225233      -4.20045014E-03
        3311   2.52509999      0.148205832      -4.36532544E-03
        3321   2.48065782      0.148182347      -4.51419502E-03
        3331   2.43481588      0.148154646      -4.64317109E-03
        3341   2.38779426      0.148122922      -4.74768784E-03
        3351   2.33986211      0.148087800      -4.82245861E-03
        3361   2.29134512      0.148050725      -4.86147124E-03
        3371   2.24263263      0.148014203      -4.85803979E-03
        3381   2.19418430      0.147981912      -4.80494089E-03
        3391   2.14653397      0.147958770      -4.69466578E-03
        3401   2.10029101      0.147950709      -4.51981928E-03
        3411   2.05613756      0.147963792      -4.27368935E-03
        3421   2.01481724      0.148003176      -3.95098282E-03
        3431   1.97711790      0.148070693      -3.54869501E-03
        3441   1.94384336      0.148163602      -3.06702638E-03
        3451   1.91577733      0.148272604      -2.51020305E-03
        3461   1.89363933      0.148382470      -1.88701681E-03
        3471   1.87803710      0.148474693      -1.21089444E-03
        3481   1.86942148      0.148531407      -4.99363407E-04
        3491   1.86804986      0.148540810       2.27106735E-04
        3501   1.87396371      0.148500890       9.46757791E-04
        3511   1.88698506      0.148420140       1.63842342E-03
        3521   1.90673220      0.148314595       2.28330446E-03
        3531   1.93265116      0.148203164       2.86633638E-03
        3541   1.96405888      0.148102850       3.37696448E-03
        3551   2.00019050      0.148025066       3.80929001E-03
        3561   2.04024482      0.147975147       4.16168571E-03
        3571   2.08342433      0.147952616       4.43605846E-03
        3581   2.12896609      0.147953406       4.63694846E-03
        3591   2.17616343      0.147971615       4.77063050E-03
        3601   2.22437882      0.148001119       4.84431861E-03
        3611   2.27304983      0.148036540       4.86553414E-03
        3621   2.32168961      0.148073748       4.84164525E-03
        3631   2.36988282      0.148109823       4.77956142E-03
        3641   2.41728091      0.148142979       4.68555745E-03
        3651   2.46359396      0.148172200       4.56519425E-03
        3661   2.50858474      0.148197263       4.42330539E-03
        3671   2.55206013      0.148218200       4.26402641E-03
        3681   2.59386516      0.148235261       4.09085164E-03
        3691   2.63387704      0.148248985       3.90670169E-03
        3701   2.67199922      0.148259819       3.71399336E-03
        3711   2.70815682      0.148268193       3.51470895E-03
        3721   2.74229336      0.148274586       3.31046106E-03
        3731   2.77436614      0.148279384       3.10254958E-03
        3741   2.80434442      0.148282886       2.89201224E-03
        3751   2.83220649      0.148285389       2.67966813E-03
        3761   2.85793781      0.148287058       2.46615522E-03
        3771   2.88152957      0.148288175       2.25196197E-03
        3781   2.90297699      0.148288801       2.03745347E-03
        3791   2.92227864      0.148289129       1.82289386E-03
        3801   2.93943501      0.148289293       1.60846522E-03
        3811   2.95444798      0.148289233       1.39428244E-03
        3821   2.96732068      0.148289129       1.18040643E-03
        3831   2.97805619      0.148288995       9.66854976E-04
        3841   2.98665786      0.148288831       7.53611967E-04
        3851   2.99312854      0.148288667       5.40635083E-04
        3861   2.99747062      0.148288548       3.27862625E-04
        3871   2.99968576      0.148288503       1.15219540E-04
        3881   2.99977493      0.148288503      -9.73771239E-05
        3891   2.99773812      0.148288548      -3.10013042E-04
        3901   2.99357462      0.148288637      -5.22771617E-04
        3911   2.98728275      0.148288786      -7.35728769E-04
        3921   2.97886014      0.148288995      -9.48947447E-04
        3931   2.96830392      0.148289189      -1.16247195E-03
        3941   2.95561075      0.148289278      -1.37632084E-03
        3951   2.94077754      0.148289338      -1.59047951E-03
        3961   2.92380118      0.148289263      -1.80489104E-03
        3971   2.90467978      0.148288935      -2.01944541E-03
        3981   2.88341236      0.148288310      -2.23396719E-03
        3991   2.86000037      0.148287266      -2.44819955E-03
        4001   2.83444834      0.148285627      -2.66178651E-03
        4011   2.80676460      0.148283213      -2.87425099E-03
        4021   2.77696323      0.148279816      -3.08496878E-03
        4031   2.74506521      0.148275167      -3.29313730E-03
        4041   2.71110058      0.148268938      -3.49773862E-03
        4051   2.67511058      0.148260742      -3.69749684E-03
        4061   2.63715076      0.148250148      -3.89082800E-03
        4071   2.59729409      0.148236677      -4.07578237E-03
        4081   2.55563521      0.148219883      -4.24998300E-03
        4091   2.51229453      0.148199335      -4.41055465E-03
        4101   2.46742415      0.148174658      -4.55405330E-03
        4111   2.42121339      0.148145765      -4.67639929E-03
        4121   2.37389612      0.148112938      -4.77281958E-03
        4131   2.32575703      0.148077071      -4.83781472E-03
        4141   2.27713990      0.148039907      -4.86516766E-03
        4151   2.22845387      0.148004174      -4.84801643E-03
        4161   2.18017960      0.147973984      -4.77902219E-03
        4171   2.13287330      0.147954613      -4.65066126E-03
        4181   2.08716631      0.147952110      -4.45567118E-03
        4191   2.04375982      0.147972450      -4.18767054E-03
        4201   2.00341296      0.148019910      -3.84193985E-03
        4211   1.96692109      0.148095444      -3.41631565E-03
        4221   1.93508661      0.148194283      -2.91209645E-03
        4231   1.90867913      0.148305371      -2.33480148E-03
        4241   1.88839054      0.148412138      -1.69459195E-03
        4251   1.87478733      0.148495615      -1.00617460E-03
        4261   1.86826706      0.148539394      -2.88080308E-04
        4271   1.86902571      0.148534194       4.38658753E-04
        4281   1.87704027      0.148481086       1.15226081E-03
        4291   1.89207089      0.148391291       1.83207984E-03
        4301   1.91368186      0.148281991       2.46028812E-03
        4311   1.94127667      0.148172304       3.02308518E-03
        4321   1.97414351      0.148077667       3.51128587E-03
        4331   2.01150227      0.148007855       3.92029621E-03
        4341   2.05254936      0.147966146       4.24960628E-03
        4351   2.09649444      0.147950992       4.50198632E-03
        4361   2.14258909      0.147957519       4.68257256E-03
        4371   2.19014597      0.147979632       4.79798904E-03
        4381   2.23854899      0.148011371       4.85559739E-03
        4391   2.28725791      0.148047701       4.86291386E-03
        4401   2.33580732      0.148084804       4.82719764E-03
        4411   2.38380194      0.148120150       4.75518731E-03
        4421   2.43091106      0.148152232       4.65295417E-03
        4431   2.47686100      0.148180217       4.52584540E-03
        4441   2.52142787      0.148204014       4.37848689E-03
        4451   2.56443071      0.148223788       4.21482138E-03
        4461   2.60572433      0.148239866       4.03816812E-03
        4471   2.64519405      0.148252696       3.85129312E-03
        4481   2.68275023      0.148262769       3.65647976E-03
        4491   2.71832371      0.148270547       3.45559628E-03
        4501   2.75186229      0.148276478       3.25015839E-03
        4511   2.78332710      0.148280874       3.04138451E-03
        4521   2.81269002      0.148284033       2.83024437E-03
        4531   2.83993196      0.148286283       2.61750072E-03
        4541   2.86504006      0.148287758       2.40374496E-03
        4551   2.88800693      0.148288757       2.18942692E-03
        4561   2.90882874      0.148289323       1.97488023E-03
        4571   2.92750454      0.148289591       1.76034332E-03
        4581   2.94403553      0.148289606       1.54597708E-03
        4591   2.95842409      0.148289561       1.33187952E-03
        4601   2.97067308      0.148289397       1.11809804E-03
        4611   2.98078609      0.148289248       9.04639601E-04
        4621   2.98876595      0.148289084       6.91479654E-04
        4631   2.99461555      0.148288935       4.78569564E-04
        4641   2.99833727      0.148288816       2.65843119E-04
        4651   2.99993253      0.148288801       5.32224294E-05
        4661   2.99940181      0.148288816      -1.59376796E-04
        4671   2.99674487      0.148288876      -3.72040085E-04
        4681   2.99196100      0.148289025      -5.84849156E-04
        4691   2.98504806      0.148289204      -7.97876739E-04
        4701   2.97600341      0.148289338      -1.01118104E-03
        4711   2.96482444      0.148289531      -1.22479943E-03
        4721   2.95150757      0.148289636      -1.43874181E-03
        4731   2.93604970      0.148289666      -1.65298220E-03
        4741   2.91844797      0.148289517      -1.86744949E-03
        4751   2.89870071      0.148289129      -2.08201585E-03
        4761   2.87680769      0.148288384      -2.29648384E-03
        4771   2.85277104      0.148287177      -2.51056976E-03
        4781   2.82659626      0.148285329      -2.72388477E-03
        4791   2.79829335      0.148282662      -2.93591176E-03
        4801   2.76787806      0.148278952      -3.14597785E-03
        4811   2.73537374      0.148273826      -3.35322181E-03
        4821   2.70081353      0.148267031      -3.55655537E-03
        4831   2.66424251      0.148258150      -3.75461811E-03
        4841   2.62572098      0.148246735      -3.94572550E-03
        4851   2.58532786      0.148232326      -4.12781071E-03
        4861   2.54316473      0.148214459      -4.29835776E-03
        4871   2.49936080      0.148192719      -4.45433334E-03
        4881   2.45407820      0.148166806      -4.59211506E-03
        4891   2.40751863      0.148136720      -4.70742583E-03
        4901   2.35992980      0.148102880      -4.79528308E-03
        4911   2.31161308      0.148066401      -4.84997453E-03
        4921   2.26293039      0.148029283      -4.86508384E-03
        4931   2.21431136      0.147994697      -4.83358838E-03
        4941   2.16625857      0.147967070      -4.74805851E-03
        4951   2.11935019      0.147951946      -4.60099289E-03
        4961   2.07423878      0.147955522      -4.38531488E-03
        4971   2.03164387      0.147983506      -4.09504026E-03
        4981   1.99233794      0.148039311      -3.72609892E-03
        4991   1.95712197      0.148122355      -3.27724684E-03
        5001   1.92679298      0.148226172      -2.75094644E-03
        5011   1.90210295      0.148337916      -2.15404690E-03
        5021   1.88371205      0.148439839      -1.49807136E-03
        5031   1.87214160      0.148513198      -7.98944733E-04
        5041   1.86773324      0.148543149      -7.60880066E-05
        5051   1.87061989      0.148523375       6.49055117E-04
        5061   1.88071430      0.148458093       1.35484221E-03
        5071   1.89771664      0.148360655       2.02129199E-03
        5081   1.92114007      0.148249447       2.63165287E-03
        5091   1.95034969      0.148142681       3.17343744E-03
        5101   1.98460889      0.148054540       3.63882631E-03
        5111   2.02312636      0.147992760       4.02448606E-03
        5121   2.06509876      0.147959143       4.33095451E-03
        5131   2.10974550      0.147950917       4.56178701E-03
        5141   2.15633440      0.147962630       4.72263992E-03
        5151   2.20419812      0.147988141       4.82042274E-03
        5161   2.25274277      0.148021683       4.86259442E-03
        5171   2.30145001      0.148058549       4.85663209E-03
        5181   2.34987545      0.148095369       4.80966456E-03
        5191   2.39764333      0.148129866       4.72824601E-03
        5201   2.44444036      0.148160800       4.61823959E-03
        5211   2.49000812      0.148187593       4.48478013E-03
        5221   2.53413606      0.148210242       4.33228863E-03
        5231   2.57665396      0.148228854       4.16451879E-03
        5241   2.61742640      0.148243919       3.98462173E-03
        5251   2.65634632      0.148255885       3.79521586E-03
        5261   2.69333053      0.148265213       3.59845627E-03
        5271   2.72831535      0.148272395       3.39610223E-03
        5281   2.76125264      0.148277819       3.18957749E-03
        5291   2.79210687      0.148281753       2.98002316E-03
        5301   2.82085299      0.148284644       2.76834471E-03
        5311   2.84747362      0.148286611       2.55525159E-03
        5321   2.87195802      0.148287952       2.34129094E-03
        5331   2.89429951      0.148288772       2.12687626E-03
        5341   2.91449547      0.148289219       1.91231142E-03
        5351   2.93254566      0.148289368       1.69781072E-03
        5361   2.94845176      0.148289442       1.48351525E-03
        5371   2.96221614      0.148289382       1.26950699E-03
        5381   2.97384191      0.148289189       1.05582050E-03
        5391   2.98333240      0.148289025       8.42452748E-04
        5401   2.99069095      0.148288846       6.29371498E-04
        5411   2.99591994      0.148288727       4.16522380E-04
        5421   2.99902153      0.148288697       2.03835152E-04
        5431   2.99999666      0.148288637      -8.77049024E-06
        5441   2.99884605      0.148288667      -2.21379669E-04
        5451   2.99556899      0.148288727      -4.34077316E-04
        5461   2.99016452      0.148288906      -6.46943110E-04
        5471   2.98263025      0.148289040      -8.60046130E-04
        5481   2.97296357      0.148289233      -1.07343926E-03
        5491   2.96116138      0.148289338      -1.28715264E-03
        5501   2.94722056      0.148289457      -1.50118652E-03
        5511   2.93113780      0.148289457      -1.71550282E-03
        5521   2.91291046      0.148289204      -1.93001505E-03
        5531   2.89253736      0.148288727      -2.14457675E-03
        5541   2.87001896      0.148287863      -2.35896674E-03
        5551   2.84535813      0.148286536      -2.57287314E-03
        5561   2.81856155      0.148284450      -2.78587220E-03
        5571   2.78964067      0.148281500      -2.99740466E-03
        5581   2.75861335      0.148277402      -3.20674619E-03
        5591   2.72550559      0.148271829      -3.41297360E-03
        5601   2.69035387      0.148264527      -3.61492415E-03
        5611   2.65320730      0.148255005      -3.81114869E-03
        5621   2.61413097      0.148242787      -3.99985770E-03
        5631   2.57321000      0.148227409      -4.17885976E-03
        5641   2.53055358      0.148208439      -4.34549572E-03
        5651   2.48629999      0.148185477      -4.49656788E-03
        5661   2.44062233      0.148158357      -4.62826900E-03
        5671   2.39373469      0.148127094      -4.73612081E-03
        5681   2.34589982      0.148092330      -4.81492840E-03
        5691   2.29743600      0.148055390      -4.85876901E-03
        5701   2.24872446      0.148018628      -4.86103585E-03
        5711   2.20021534      0.147985563      -4.81456099E-03
        5721   2.15243316      0.147960961      -4.71185241E-03
        5731   2.10597825      0.147950649      -4.54547442E-03
        5741   2.06152368      0.147960812      -4.30859206E-03
        5751   2.01980639      0.147996679      -3.99568863E-03
        5761   1.98160994      0.148060739      -3.60342301E-03
        5771   1.94773793      0.148150817      -3.13154631E-03
        5781   1.91897893      0.148258567      -2.58374354E-03
        5791   1.89606297      0.148369417      -1.96821941E-03
        5801   1.87961447      0.148464903      -1.29783712E-03
        5811   1.87010622      0.148526847      -5.89662348E-04
        5821   1.86782122      0.148542553       1.36121147E-04
        5831   1.87282860      0.148508623       8.57815146E-04
        5841   1.88497746      0.148432240       1.55407668E-03
        5851   1.90391004      0.148328826       2.20572436E-03
        5861   1.92909193      0.148217112       2.79717101E-03
        5871   1.95985353      0.148114592       3.31727695E-03
        5881   1.99543750      0.148033619       3.75957228E-03
        5891   2.03504491      0.147980183       4.12193080E-03
        5901   2.07787609      0.147954434       4.40586451E-03
        5911   2.12316227      0.147952616       4.61563468E-03
        5921   2.17018890      0.147968963       4.75734472E-03
        5931   2.21830916      0.147997364       4.83812997E-03
        5941   2.26695132      0.148032337       4.86550247E-03
        5951   2.31561923      0.148069486       4.84686811E-03
        5961   2.36388874      0.148105785       4.78920573E-03
        5971   2.41140318      0.148139328       4.69887676E-03
        5981   2.45786619      0.148169100       4.58153291E-03
        5991   2.50303388      0.148194656       4.44209715E-03
        6001   2.54670811      0.148216039       4.28479025E-03
        6011   2.58872962      0.148233578       4.11318336E-03
        6021   2.62897182      0.148247704       3.93026462E-03
        6031   2.66733503      0.148258880       3.73851042E-03
        6041   2.70374203      0.148267567       3.53995385E-03
        6051   2.73813415      0.148274213       3.33625032E-03
        6061   2.77046704      0.148279160       3.12873558E-03
        6071   2.80070877      0.148282796       2.91847764E-03
        6081   2.82883668      0.148285389       2.70632119E-03
        6091   2.85483527      0.148287162       2.49292515E-03
        6101   2.87869525      0.148288369       2.27879477E-03
        6111   2.90041137      0.148289114       2.06430932E-03
        6121   2.91998148      0.148289442       1.84974470E-03
        6131   2.93740630      0.148289621       1.63529220E-03
        6141   2.95268750      0.148289606       1.42107438E-03
        6151   2.96582794      0.148289517       1.20715832E-03
        6161   2.97683072      0.148289368       9.93566588E-04
        6171   2.98569918      0.148289189       7.80286908E-04
        6181   2.99243641      0.148289025       5.67279814E-04
        6191   2.99704480      0.148288891       3.54485732E-04
        6201   2.99952602      0.148288831       1.41830940E-04
        6211   2.99988127      0.148288786      -7.07668150E-05
        6221   2.99811053      0.148288801      -2.83393136E-04
        6231   2.99421334      0.148288935      -4.96131950E-04
        6241   2.98818803      0.148289070      -7.09060347E-04
        6251   2.98003221      0.148289293      -9.22243460E-04
        6261   2.96974325      0.148289442      -1.13572809E-03
        6271   2.95731783      0.148289621      -1.34953647E-03
        6281   2.94275260      0.148289651      -1.56365859E-03
        6291   2.92604470      0.148289621      -1.77804334E-03
        6301   2.90719175      0.148289338      -1.99258816E-03
        6311   2.88619280      0.148288697      -2.20712624E-03
        6321   2.86304903      0.148287669      -2.42141192E-03
        6331   2.83776450      0.148286134      -2.63510295E-03
        6341   2.81034708      0.148283869      -2.84773880E-03
        6351   2.78080988      0.148280621      -3.05871526E-03
        6361   2.74917293      0.148276150      -3.26725375E-03
        6371   2.71546483      0.148270100      -3.47236567E-03
        6381   2.67972565      0.148262188      -3.67281004E-03
        6391   2.64200878      0.148251921      -3.86704435E-03
        6401   2.60238481      0.148238808      -4.05316846E-03
        6411   2.56094551      0.148222506      -4.22886200E-03
        6421   2.51780772      0.148202404      -4.39131586E-03
        6431   2.47311926      0.148178264      -4.53716144E-03
        6441   2.42706442      0.148149878      -4.66240197E-03
        6451   2.37987113      0.148117512      -4.76235384E-03
        6461   2.33181739      0.148081958      -4.83160932E-03
        6471   2.28323889      0.148044795      -4.86403797E-03
        6481   2.23453665      0.148008689      -4.85285232E-03
        6491   2.18618202      0.147977546      -4.79076011E-03
        6501   2.13872147      0.147956476      -4.67023905E-03
        6511   2.09277725      0.147951469      -4.48396429E-03
        6521   2.04904222      0.147968680      -4.22540447E-03
        6531   2.00826907      0.148012668      -3.88958422E-03
        6541   1.97125041      0.148084849      -3.47396918E-03
        6551   1.93878961      0.148181230      -2.97937845E-03
        6561   1.91166282      0.148291588      -2.41077133E-03
        6571   1.89057422      0.148399889      -1.77772087E-03
        6581   1.87610841      0.148487374      -1.09439087E-03
        6591   1.86868632      0.148536846      -3.78894678E-04
        6601   1.86853051      0.148537889       3.47958819E-04
        6611   1.87564552      0.148490369       1.06437795E-03
        6621   1.88981807      0.148404241       1.74947502E-03
        6631   1.91063499      0.148296416       2.38499162E-03
        6641   1.93751788      0.148185790       2.95657758E-03
        6651   1.96976662      0.148088545       3.45445937E-03
        6661   2.00660706      0.148015276       3.87348793E-03
        6671   2.04723620      0.147970125       4.21268214E-03
        6681   2.09086061      0.147951871       4.47445130E-03
        6691   2.13672519      0.147956014       4.66368534E-03
        6701   2.18413424      0.147976533       4.78686625E-03
        6711   2.23246241      0.148007408       4.85129841E-03
        6721   2.28116012      0.148043394       4.86450503E-03
        6731   2.32975245      0.148080587       4.83379466E-03
        6741   2.37783599      0.148116261       4.76598088E-03
        6751   2.42507219      0.148148805       4.66722343E-03
        6761   2.47118044      0.148177356       4.54296125E-03
        6771   2.51593137      0.148201719       4.39790869E-03
        6781   2.55913877      0.148221999       4.23609046E-03
        6791   2.60065317      0.148238450       4.06090077E-03
        6801   2.64035678      0.148251712       3.87517130E-03
        6811   2.67815661      0.148262098       3.68124153E-03
        6821   2.71398163      0.148270175       3.48102837E-03
        6831   2.74777722      0.148276269       3.27608828E-03
        6841   2.77950335      0.148280814       3.06767412E-03
        6851   2.80913067      0.148284107       2.85678450E-03
        6861   2.83663893      0.148286417       2.64420593E-03
        6871   2.86201477      0.148287997       2.43054936E-03
        6881   2.88524985      0.148288995       2.21628114E-03
        6891   2.90634036      0.148289606       2.00174819E-03
        6901   2.92528486      0.148289889       1.78719976E-03
        6911   2.94208431      0.148289979       1.57280569E-03
        6921   2.95674086      0.148289919       1.35867111E-03
        6931   2.96925759      0.148289770       1.14484900E-03
        6941   2.97963786      0.148289606       9.31350864E-04
        6951   2.98788476      0.148289457       7.18155759E-04
        6961   2.99400115      0.148289353       5.05217700E-04
        6971   2.99798918      0.148289219       2.92472338E-04
        6981   2.99985051      0.148289144       7.98429610E-05
        6991   2.99958587      0.148289129      -1.32754212E-04
        7001   2.99719524      0.148289174      -3.45404842E-04
        7011   2.99267769      0.148289293      -5.58191387E-04
        7021   2.98603129      0.148289412      -7.71188003E-04
        7031   2.97725391      0.148289621      -9.84454993E-04
        7041   2.96634221      0.148289770      -1.19803299E-03
        7051   2.95329309      0.148289859      -1.41193543E-03
        7061   2.93810344      0.148289874      -1.62614137E-03
        7071   2.92077017      0.148289725      -1.84058596E-03
        7081   2.90129161      0.148289368      -2.05514929E-03
        7091   2.87966728      0.148288727      -2.26964313E-03
        7101   2.85589886      0.148287565      -2.48379563E-03
        7111   2.82999134      0.148285806      -2.69723265E-03
        7121   2.80195427      0.148283288      -2.90945452E-03
        7131   2.77180243      0.148279727      -3.11980909E-03
        7141   2.73955822      0.148274839      -3.32746119E-03
        7151   2.70525336      0.148268312      -3.53135308E-03
        7161   2.66893125      0.148259744      -3.73016112E-03
        7171   2.63065004      0.148248658      -3.92224453E-03
        7181   2.59048629      0.148234665      -4.10558749E-03
        7191   2.54853821      0.148217231      -4.27773455E-03
        7201   2.50493145      0.148195982      -4.43572085E-03
        7211   2.45982385      0.148170590      -4.57600132E-03
        7221   2.41341162      0.148141041      -4.69438452E-03
        7231   2.36593628      0.148107648      -4.78597824E-03
        7241   2.31769204      0.148071408      -4.84516099E-03
        7251   2.26903296      0.148034230      -4.86560119E-03
        7261   2.22037983      0.147999123      -4.84034326E-03
        7271   2.17222595      0.147970334      -4.76199342E-03
        7281   2.12513995      0.147953331      -4.62303590E-03
        7291   2.07976532      0.147954240      -4.41630743E-03
        7301   2.03681397      0.147978857      -4.13564499E-03
        7311   1.99705255      0.148031086      -3.77668999E-03
        7321   1.96128023      0.148110956      -3.33779375E-03
        7331   1.93029666      0.148212790      -2.82091112E-03
        7341   1.90486193      0.148324415      -2.23231642E-03
        7351   1.88565028      0.148428634      -1.58294989E-03
        7361   1.87320292      0.148506582      -8.88221897E-04
        7371   1.86788583      0.148542508      -1.67185848E-04
        7381   1.86985922      0.148528963       5.58872125E-04
        7391   1.87906325      0.148468882       1.26823015E-03
        7401   1.89522374      0.148374438       1.94060383E-03
        7411   1.91787529      0.148263901       2.55876756E-03
        7421   1.94639909      0.148155689       3.10966512E-03
        7431   1.98006856      0.148064703       3.58489179E-03
        7441   2.01809692      0.147999406       3.98057885E-03
        7451   2.05968022      0.147962362       4.29682294E-03
        7461   2.10403347      0.147951156       4.53685224E-03
        7471   2.15041733      0.147960708       4.70610848E-03
        7481   2.19815564      0.147984818       4.81138611E-03
        7491   2.24664497      0.148017630       4.86010825E-03
        7501   2.29535770      0.148054317       4.85977344E-03
        7511   2.34384036      0.148091286       4.81756870E-03
        7521   2.39170909      0.148126185       4.74012829E-03
        7531   2.43864298      0.148157626       4.63340571E-03
        7541   2.48437715      0.148184940       4.50262660E-03
        7551   2.52869534      0.148208067       4.35229950E-03
        7561   2.57142305      0.148227185       4.18625865E-03
        7571   2.61242056      0.148242652       4.00772644E-03
        7581   2.65157771      0.148255020       3.81938415E-03
        7591   2.68880844      0.148264706       3.62344133E-03
        7601   2.72404671      0.148272127       3.42170335E-03
        7611   2.75724268      0.148277760       3.21563287E-03
        7621   2.78835940      0.148281902       3.00640380E-03
        7631   2.81737065      0.148284897       2.79494887E-03
        7641   2.84425831      0.148286983       2.58199987E-03
        7651   2.86901069      0.148288399       2.36812257E-03
        7661   2.89162087      0.148289278       2.15374609E-03
        7671   2.91208577      0.148289770       1.93918671E-03
        7681   2.93040466      0.148290023       1.72466889E-03
        7691   2.94657898      0.148290008       1.51034212E-03
        7701   2.96061134      0.148289934       1.29629509E-03
        7711   2.97250485      0.148289785       1.08256785E-03
        7721   2.98226261      0.148289561       8.69161566E-04
        7731   2.98988795      0.148289427       6.56047137E-04
        7741   2.99538350      0.148289263       4.43172583E-04
        7751   2.99875140      0.148289189       2.30469377E-04
        7761   2.99999285      0.148289129       1.78582341E-05
        7771   2.99910855      0.148289189      -1.94745691E-04
        7781   2.99609804      0.148289278      -4.07427695E-04
        7791   2.99096012      0.148289427      -6.20268343E-04
        7801   2.98369265      0.148289546      -8.33338359E-04
        7811   2.97429323      0.148289725      -1.04669295E-03
        7821   2.96275878      0.148289874      -1.26036548E-03
        7831   2.94908595      0.148289979      -1.47436047E-03
        7841   2.93327165      0.148289979      -1.68864487E-03
        7851   2.91531301      0.148289755      -1.90313917E-03
        7861   2.89520884      0.148289353      -2.11770507E-03
        7871   2.87295890      0.148288533      -2.33213184E-03
        7881   2.84856606      0.148287207      -2.54611974E-03
        7891   2.82203650      0.148285270      -2.75926013E-03
        7901   2.79338098      0.148282439      -2.97101215E-03
        7911   2.76261640      0.148278520      -3.18067428E-03
        7921   2.72976756      0.148273170      -3.38735012E-03
        7931   2.69486952      0.148266107      -3.58990952E-03
        7941   2.65796947      0.148256838      -3.78694199E-03
        7951   2.61913061      0.148244992      -3.97670362E-03
        7961   2.57843542      0.148230046      -4.15705750E-03
        7971   2.53598952      0.148211583      -4.32540663E-03
        7981   2.49192739      0.148189172      -4.47862456E-03
        7991   2.44641709      0.148162559      -4.61298414E-03
        8001   2.39966774      0.148131818      -4.72409418E-03
        8011   2.35193539      0.148097441      -4.80685104E-03
        8021   2.30353069      0.148060665      -4.85542184E-03
        8031   2.25482678      0.148023710      -4.86328080E-03
        8041   2.20626497      0.147989944      -4.82332008E-03
        8051   2.15836024      0.147964001      -4.72807046E-03
        8061   2.11170340      0.147951543      -4.57006227E-03
        8071   2.06695890      0.147958800      -4.34235018E-03
        8081   2.02485633      0.147991270      -4.03920794E-03
        8091   1.98617470      0.148051798      -3.65697080E-03
        8101   1.95171690      0.148138940      -3.19495355E-03
        8111   1.92227566      0.148245096      -2.65630917E-03
        8121   1.89859080      0.148356497      -2.04865774E-03
        8131   1.88130260      0.148454875      -1.38429052E-03
        8141   1.87090504      0.148521885      -6.79793768E-04
        8151   1.86770666      0.148543835       4.49604995E-05
        8161   1.87180424      0.148515865       7.68363650E-04
        8171   1.88307393      0.148444161       1.46892446E-03
        8181   1.90118265      0.148343042       2.12710211E-03
        8191   1.92561591      0.148231372       2.72679888E-03
        8201   1.95571864      0.148126900       3.25629348E-03
        8211   1.99074185      0.148042798       3.70853883E-03
        8221   2.02988935      0.147985756       4.08089673E-03
        8231   2.07235956      0.147956744       4.37447056E-03
        8241   2.11737871      0.147952184       4.59322799E-03
        8251   2.16422415      0.147966653       4.74308897E-03
        8261   2.21224046      0.147993892       4.83109895E-03
        8271   2.26084614      0.148028284       4.86475183E-03
        8281   2.30953550      0.148065358       4.85148793E-03
        8291   2.35787582      0.148101896       4.79835318E-03
        8301   2.40550256      0.148135900       4.71179234E-03
        8311   2.45211172      0.148166150       4.59754840E-03
        8321   2.49745345      0.148192257       4.46063513E-03
        8331   2.54132438      0.148214146       4.30535851E-03
        8341   2.58356071      0.148232162       4.13536793E-03
        8351   2.62403178      0.148246676       3.95372091E-03
        8361   2.66263509      0.148258194       3.76295368E-03
        8371   2.69929075      0.148267120       3.56515124E-03
        8381   2.73393798      0.148273975       3.36201303E-03
        8391   2.76653099      0.148279130       3.15491203E-03
        8401   2.79703617      0.148282900       2.94494722E-03
        8411   2.82542992      0.148285612       2.73298891E-03
        8421   2.85169601      0.148287490       2.51971744E-03
        8431   2.87582421      0.148288697       2.30565574E-03
        8441   2.89780903      0.148289442       2.09119753E-03
        8451   2.91764808      0.148289829       1.87663070E-03
        8461   2.93534160      0.148289993       1.66215620E-03
        8471   2.95089126      0.148289979       1.44790427E-03
        8481   2.96429968      0.148289874       1.23394828E-03
        8491   2.97557020      0.148289725       1.02031592E-03
        8501   2.98470592      0.148289546       8.06998869E-04
        8511   2.99171019      0.148289412       5.93960576E-04
        8521   2.99658513      0.148289219       3.81143647E-04
        8531   2.99933290      0.148289174       1.68475832E-04
        8541   2.99995470      0.148289204      -4.41243537E-05
        8551   2.99845052      0.148289219      -2.56742351E-04
        8561   2.99481988      0.148289338      -4.69462597E-04
        8571   2.98906136      0.148289457      -6.82363403E-04
        8581   2.98117256      0.148289606      -8.95511475E-04
        8591   2.97115111      0.148289800      -1.10895641E-03
        8601   2.95899343      0.148289919      -1.32272393E-03
        8611   2.94469643      0.148289949      -1.53680844E-03
        8621   2.92825723      0.148289904      -1.75116467E-03
        8631   2.90967321      0.148289680      -1.96569716E-03
        8641   2.88894320      0.148289114      -2.18024780E-03
        8651   2.86606812      0.148288175      -2.39458168E-03
        8661   2.84105158      0.148286700      -2.60836980E-03
        8671   2.81390071      0.148284480      -2.82116793E-03
        8681   2.78462815      0.148281351      -3.03239119E-03
        8691   2.75325298      0.148277074      -3.24128475E-03
        8701   2.71980262      0.148271292      -3.44688864E-03
        8711   2.68431520      0.148263574      -3.64799611E-03
        8721   2.64684272      0.148253635      -3.84310517E-03
        8731   2.60745311      0.148240924      -4.03036410E-03
        8741   2.56623530      0.148224995      -4.20750817E-03
        8751   2.52330279      0.148205340      -4.37179348E-03
        8761   2.47879934      0.148181692      -4.51992592E-03
        8771   2.43290424      0.148153827      -4.64799115E-03
        8781   2.38583946      0.148121953      -4.75139404E-03
        8791   2.33787632      0.148086712      -4.82481811E-03
        8801   2.28934312      0.148049638      -4.86222189E-03
        8811   2.24063182      0.148013204      -4.85689379E-03
        8821   2.19220519      0.147981182      -4.80159232E-03
        8831   2.14459991      0.147958547      -4.68880450E-03
        8841   2.09842896      0.147951201      -4.51115146E-03
        8851   2.05437684      0.147965312      -4.26196354E-03
        8861   2.01318955      0.148005813      -3.93602392E-03
        8871   1.97565627      0.148074523      -3.53044132E-03
        8881   1.94258070      0.148168296      -3.04556731E-03
        8891   1.91474485      0.148277715      -2.48580799E-03
        8901   1.89286447      0.148387358      -1.86014746E-03
        8911   1.87754190      0.148478404      -1.18219643E-03
        8921   1.86922061      0.148533285      -4.69630759E-04
        8931   1.86814928      0.148540646       2.56992033E-04
        8941   1.87436044      0.148498878       9.75900679E-04
        8951   1.88766730      0.148416772       1.66599290E-03
        8961   1.90768027      0.148310617       2.30859942E-03
        8971   1.93383932      0.148199305       2.88883038E-03
        8981   1.96545696      0.148099661       3.39632388E-03
        8991   2.00176573      0.148023114       3.82536766E-03
        9001   2.04196429      0.147974327       4.17449605E-03
        9011   2.08525562      0.147952929       4.44574235E-03
        9021   2.13087893      0.147954568       4.64373594E-03
        9031   2.17813015      0.147973359       4.77480423E-03
        9041   2.22637486      0.148003206       4.84618591E-03
        9051   2.27505374      0.148038790       4.86540375E-03
        9061   2.32368279      0.148075983       4.83981147E-03
        9071   2.37184978      0.148111925       4.77629574E-03
        9081   2.41920853      0.148144916       4.68110340E-03
        9091   2.46547174      0.148173988       4.55976464E-03
        9101   2.51040387      0.148198873       4.41708323E-03
        9111   2.55381346      0.148219615       4.25716816E-03
        9121   2.59554720      0.148236588       4.08348860E-03
        9131   2.63548326      0.148250222       3.89894238E-03
        9141   2.67352605      0.148260936       3.70592717E-03
        9151   2.70960188      0.148269266       3.50640924E-03
        9161   2.74365425      0.148275554       3.30198696E-03
        9171   2.77564144      0.148280263       3.09394859E-03
        9181   2.80553317      0.148283720       2.88332207E-03
        9191   2.83330798      0.148286164       2.67091836E-03
        9201   2.85895157      0.148287818       2.45736865E-03
        9211   2.88245535      0.148288921       2.24315585E-03
        9221   2.90381479      0.148289591       2.02864059E-03
        9231   2.92302823      0.148289904       1.81408331E-03
        9241   2.94009638      0.148289964       1.59966294E-03
        9251   2.95502138      0.148289934       1.38549192E-03
        9261   2.96780610      0.148289770       1.17162918E-03
        9271   2.97845387      0.148289621       9.58090997E-04
        9281   2.98696780      0.148289442       7.44860037E-04
        9291   2.99335098      0.148289278       5.31892991E-04
        9301   2.99760556      0.148289099       3.19127488E-04
        9311   2.99973345      0.148289070       1.06488078E-04
        9321   2.99973536      0.148289084      -1.06108419E-04
        9331   2.99761128      0.148289144      -3.18747683E-04
        9341   2.99336028      0.148289219      -5.31512895E-04
        9351   2.98698092      0.148289353      -7.44479534E-04
        9361   2.97847080      0.148289561      -9.57710028E-04
        9371   2.96782684      0.148289755      -1.17124757E-03
        9381   2.95504594      0.148289874      -1.38510973E-03
        9391   2.94012475      0.148289904      -1.59928028E-03
        9401   2.92306042      0.148289829      -1.81370031E-03
        9411   2.90385079      0.148289502      -2.02825735E-03
        9421   2.88249516      0.148288846      -2.24277284E-03
        9431   2.85899520      0.148287773      -2.45698635E-03
        9441   2.83335543      0.148286089      -2.67053745E-03
        9451   2.80558443      0.148283631      -2.88294372E-03
        9461   2.77569652      0.148280203      -3.09357420E-03
        9471   2.74371290      0.148275465      -3.30161792E-03
        9481   2.70966411      0.148269162      -3.50604765E-03
        9491   2.67359185      0.148260832      -3.70557583E-03
        9501   2.63555241      0.148250103      -3.89860431E-03
        9511   2.59561968      0.148236513      -4.08316776E-03
        9521   2.55388904      0.148219556      -4.25686920E-03
        9531   2.51048231      0.148198813      -4.41681175E-03
        9541   2.46555281      0.148173943      -4.55952715E-03
        9551   2.41929173      0.148144871      -4.68090782E-03
        9561   2.37193465      0.148111880      -4.77615139E-03
        9571   2.32376862      0.148075908      -4.83972859E-03
        9581   2.27514005      0.148038730      -4.86539397E-03
        9591   2.22646070      0.148003146      -4.84626181E-03
        9601   2.17821479      0.147973284      -4.77497885E-03
        9611   2.13096118      0.147954464      -4.64402232E-03
        9621   2.08533430      0.147952795      -4.44615260E-03
        9631   2.04203820      0.147974133      -4.17503994E-03
        9641   2.00183368      0.148022771      -3.82605172E-03
        9651   1.96551728      0.148099393      -3.39714927E-03
        9661   1.93389070      0.148198947      -2.88979104E-03
        9671   1.90772140      0.148310244      -2.30968115E-03
        9681   1.88769698      0.148416460      -1.66717311E-03
        9691   1.87437785      0.148498699      -9.77149466E-04
        9701   1.86815393      0.148540586      -2.58273736E-04
        9711   1.86921239      0.148533255       4.68354527E-04
        9721   1.87752104      0.148478404       1.18096336E-03
        9731   1.89283168      0.148387358       1.85899169E-03
        9741   1.91470098      0.148277700       2.48475722E-03
        9751   1.94252694      0.148168296       3.04464158E-03
        9761   1.97559381      0.148074508       3.52965225E-03
        9771   2.01311994      0.148005769       3.93537572E-03
        9781   2.05430126      0.147965252       4.26145410E-03
        9791   2.09834886      0.147951096       4.51077335E-03
        9801   2.14451671      0.147958383       4.68854746E-03
        9811   2.19211984      0.147981033       4.80144378E-03
        9821   2.24054551      0.148013026       4.85684024E-03
        9831   2.28925657      0.148049444       4.86225029E-03
        9841   2.33779049      0.148086533       4.82491637E-03
        9851   2.38575482      0.148121774       4.75155097E-03
        9861   2.43282151      0.148153663       4.64819651E-03
        9871   2.47871876      0.148181513       4.52017086E-03
        9881   2.52322483      0.148205161       4.37207008E-03
        9891   2.56616020      0.148224756       4.20780992E-03
        9901   2.60738111      0.148240685       4.03068587E-03
        9911   2.64677382      0.148253366       3.84344300E-03
        9921   2.68424988      0.148263335       3.64834629E-03
        9931   2.71974087      0.148271054       3.44724813E-03
        9941   2.75319505      0.148276880       3.24165099E-03
        9951   2.78457403      0.148281202       3.03276232E-03
        9961   2.81385040      0.148284361       2.82154256E-03
        9971   2.84100485      0.148286507       2.60874652E-03
        9981   2.86602521      0.148287982       2.39495956E-03
        9991   2.88890409      0.148288950       2.18062638E-03
