           1   2.48681307      0.550873041    
          21   2.66792083      0.551828325    
          41   2.84119987      0.552318275    
          61   3.00594187      0.552540720    
          81   3.16219020      0.552622497    
         101   3.31036115      0.552635372    
         121   3.45103407      0.552617192    
         141   3.58483911      0.552587152    
         161   3.71239972      0.552554607    
         181   3.83430386      0.552523553    
         201   3.95109272      0.552495718    
         221   4.06325722      0.552471578    
         241   4.17123890      0.552451015    
         261   4.27543306      0.552433610    
         281   4.37619352      0.552418828    
         301   4.47383642      0.552406430    
         321   4.56864452      0.552395940    
         341   4.66087008      0.552387118    
         361   4.75074053      0.552379668    
         381   4.83845901      0.552373350    
         401   4.92420864      0.552367985    
         421   5.00815439      0.552363336    
         441   5.09044552      0.552359283    
         461   5.17121649      0.552355945    
         481   5.25058985      0.552352905    
         501   5.32867622      0.552350342    
         521   5.40557671      0.552348077    
         541   5.48138332      0.552346110    
         561   5.55618000      0.552344382    
         581   5.63004351      0.552342892    
         601   5.70304394      0.552341521    
         621   5.77524567      0.552340329    
         641   5.84670734      0.552339315    
         661   5.91748333      0.552338362    
         681   5.98762369      0.552337527    
         701   6.05717421      0.552336752    
         721   6.12617731      0.552336097    
         741   6.19467163      0.552335501    
         761   6.26269341      0.552334964    
         781   6.33027601      0.552334487    
         801   6.39744997      0.552334011    
         821   6.46424389      0.552333653    
         841   6.53068447      0.552333295    
         861   6.59679556      0.552332938    
         881   6.66260004      0.552332580    
         901   6.72811890      0.552332342    
         921   6.79337168      0.552332103    
         941   6.85837650      0.552331865    
         961   6.92315054      0.552331686    
         981   6.98770905      0.552331448    
        1001   7.05206633      0.552331328    
        1021   7.11623621      0.552331150    
        1041   7.18023109      0.552330971    
        1061   7.24406290      0.552330852    
        1081   7.30774260      0.552330732    
        1101   7.37128019      0.552330613    
        1121   7.43468523      0.552330494    
        1141   7.49796629      0.552330375    
        1161   7.56113148      0.552330315    
        1181   7.62418890      0.552330256    
        1201   7.68714523      0.552330136    
        1221   7.75000763      0.552330077    
        1241   7.81278181      0.552329957    
        1261   7.87547398      0.552329957    
        1281   7.93808937      0.552329838    
        1301   8.00063324      0.552329838    
        1321   8.06311035      0.552329779    
        1341   8.12552452      0.552329719    
        1361   8.18788052      0.552329719    
        1381   8.25018120      0.552329600    
        1401   8.31243134      0.552329659    
        1421   8.37463379      0.552329540    
        1441   8.43679142      0.552329540    
        1461   8.49890709      0.552329481    
        1481   8.56098366      0.552329481    
        1501   8.62302399      0.552329481    
        1521   8.68502998      0.552329361    
        1541   8.74700451      0.552329361    
        1561   8.80894947      0.552329421    
        1581   8.87086678      0.552329302    
        1601   8.93275738      0.552329302    
        1621   8.99462414      0.552329302    
        1641   9.05646801      0.552329302    
        1661   9.11829090      0.552329302    
        1681   9.18009377      0.552329242    
        1701   9.24187756      0.552329242    
        1721   9.30364418      0.552329242    
        1741   9.36539459      0.552329242    
        1761   9.42712975      0.552329242    
        1781   9.48885059      0.552329183    
        1801   9.55055809      0.552329183    
        1821   9.61225319      0.552329183    
        1841   9.67393684      0.552329183    
        1861   9.73561001      0.552329183    
        1881   9.79727268      0.552329183    
        1901   9.85892582      0.552329183    
        1921   9.92057037      0.552329183    
        1941   9.98220634      0.552329123    
        1961   10.0438347      0.552329123    
        1981   10.1054554      0.552329183    
        2001   10.1670694      0.552329183    
        2021   10.2286768      0.552329123    
        2041   10.2902784      0.552329063    
        2061   10.3518744      0.552329063    
        2081   10.4134655      0.552329123    
        2101   10.4750519      0.552329123    
        2121   10.5366335      0.552329123    
        2141   10.5982113      0.552329063    
        2161   10.6597843      0.552329063    
        2181   10.7213545      0.552329063    
        2201   10.7829208      0.552329063    
        2221   10.8444843      0.552329063    
        2241   10.9060440      0.552329063    
        2261   10.9676008      0.552329063    
        2281   11.0291557      0.552329063    
        2301   11.0907078      0.552329063    
        2321   11.1522579      0.552329123    
        2341   11.2138052      0.552329063    
        2361   11.2753506      0.552329063    
        2381   11.3368940      0.552329063    
        2401   11.3984356      0.552329063    
        2421   11.4599762      0.552329063    
        2441   11.5215149      0.552329063    
        2461   11.5830517      0.552329063    
        2481   11.6445875      0.552329063    
        2501   11.7061224      0.552329063    
        2521   11.7676554      0.552329063    
        2541   11.8291874      0.552329063    
        2561   11.8907185      0.552329063    
        2581   11.9522486      0.552329063    
        2601   12.0137777      0.552329063    
        2621   12.0753059      0.552329063    
        2641   12.1368332      0.552329063    
        2661   12.1983604      0.552329063    
        2681   12.2598867      0.552329063    
        2701   12.3214121      0.552329063    
        2721   12.3829374      0.552329123    
        2741   12.4444618      0.552329063    
        2761   12.5059853      0.552329123    
        2781   12.5675087      0.552329063    
        2801   12.6290312      0.552329063    
        2821   12.6905537      0.552329063    
        2841   12.7520761      0.552329063    
        2861   12.8135977      0.552329063    
        2881   12.8751192      0.552329063    
        2901   12.9366398      0.552329063    
        2921   12.9981604      0.552329123    
        2941   13.0596809      0.552329123    
        2961   13.1212006      0.552329063    
        2981   13.1827202      0.552329063    
        3001   13.2442398      0.552329063    
        3021   13.3057594      0.552329063    
        3041   13.3672791      0.552329123    
        3061   13.4287977      0.552329063    
        3081   13.4903164      0.552329123    
        3101   13.5518351      0.552329063    
        3121   13.6133537      0.552329063    
        3141   13.6748724      0.552329123    
        3161   13.7363901      0.552329063    
        3181   13.7979078      0.552329063    
        3201   13.8594255      0.552329123    
        3221   13.9209433      0.552329123    
        3241   13.9824610      0.552329063    
        3261   14.0439787      0.552329063    
        3281   14.1054964      0.552329063    
        3301   14.1670141      0.552329123    
        3321   14.2285318      0.552329123    
        3341   14.2900496      0.552329123    
        3361   14.3515663      0.552329063    
        3381   14.4130831      0.552329063    
        3401   14.4745998      0.552329063    
        3421   14.5361166      0.552329123    
        3441   14.5976334      0.552329123    
        3461   14.6591501      0.552329123    
        3481   14.7206669      0.552329123    
        3501   14.7821836      0.552329183    
        3521   14.8437004      0.552329123    
        3541   14.9052172      0.552329123    
        3561   14.9667339      0.552329063    
        3581   15.0282507      0.552329063    
        3601   15.0897675      0.552329063    
        3621   15.1512842      0.552329123    
        3641   15.2128010      0.552329123    
        3661   15.2743177      0.552329123    
        3681   15.3358345      0.552329123    
        3701   15.3973513      0.552329123    
        3721   15.4588680      0.552329123    
        3741   15.5203848      0.552329123    
        3761   15.5819016      0.552329123    
        3781   15.6434183      0.552329123    
        3801   15.7049351      0.552329123    
        3821   15.7664518      0.552329123    
        3841   15.8279686      0.552329063    
        3861   15.8894854      0.552329123    
        3881   15.9510021      0.552329123    
        3901   16.0125179      0.552329123    
        3921   16.0740337      0.552329123    
        3941   16.1355495      0.552329123    
        3961   16.1970654      0.552329183    
        3981   16.2585812      0.552329123    
        4001   16.3200970      0.552329123    
        4021   16.3816128      0.552329123    
        4041   16.4431286      0.552329123    
        4061   16.5046444      0.552329123    
        4081   16.5661602      0.552329123    
        4101   16.6276760      0.552329063    
        4121   16.6891918      0.552329063    
        4141   16.7507076      0.552329123    
        4161   16.8122234      0.552329123    
        4181   16.8737392      0.552329123    
        4201   16.9352551      0.552329123    
        4221   16.9967709      0.552329123    
        4241   17.0582867      0.552329123    
        4261   17.1198025      0.552329123    
        4281   17.1813183      0.552329123    
        4301   17.2428341      0.552329183    
        4321   17.3043499      0.552329183    
        4341   17.3658657      0.552329183    
        4361   17.4273815      0.552329183    
        4381   17.4888973      0.552329183    
        4401   17.5504131      0.552329183    
        4421   17.6119289      0.552329183    
        4441   17.6734447      0.552329183    
        4461   17.7349606      0.552329183    
        4481   17.7964764      0.552329183    
        4501   17.8579922      0.552329183    
        4521   17.9195080      0.552329183    
        4541   17.9810238      0.552329183    
        4561   18.0425396      0.552329183    
        4581   18.1040554      0.552329183    
        4601   18.1655712      0.552329183    
        4621   18.2270870      0.552329242    
        4641   18.2886028      0.552329242    
        4661   18.3501186      0.552329242    
        4681   18.4116344      0.552329242    
        4701   18.4731503      0.552329242    
        4721   18.5346661      0.552329242    
        4741   18.5961819      0.552329242    
        4761   18.6576977      0.552329242    
        4781   18.7192135      0.552329242    
        4801   18.7807293      0.552329242    
        4821   18.8422451      0.552329242    
        4841   18.9037609      0.552329242    
        4861   18.9652767      0.552329242    
        4881   19.0267925      0.552329242    
        4901   19.0883083      0.552329242    
        4921   19.1498241      0.552329242    
        4941   19.2113400      0.552329242    
        4961   19.2728558      0.552329242    
        4981   19.3343716      0.552329242    
        5001   19.3958874      0.552329242    
        5021   19.4574032      0.552329242    
        5041   19.5189190      0.552329242    
        5061   19.5804348      0.552329242    
        5081   19.6419506      0.552329242    
        5101   19.7034664      0.552329242    
        5121   19.7649822      0.552329242    
        5141   19.8264980      0.552329242    
        5161   19.8880138      0.552329242    
        5181   19.9495296      0.552329242    
        5201   20.0110455      0.552329242    
        5221   20.0725613      0.552329242    
        5241   20.1340771      0.552329242    
        5261   20.1955929      0.552329242    
        5281   20.2571087      0.552329242    
        5301   20.3186245      0.552329242    
        5321   20.3801403      0.552329242    
        5341   20.4416561      0.552329242    
        5361   20.5031719      0.552329242    
        5381   20.5646877      0.552329242    
        5401   20.6262035      0.552329242    
        5421   20.6877193      0.552329242    
        5441   20.7492352      0.552329242    
        5461   20.8107510      0.552329242    
        5481   20.8722668      0.552329242    
        5501   20.9337826      0.552329242    
        5521   20.9952984      0.552329242    
        5541   21.0568142      0.552329242    
        5561   21.1183300      0.552329242    
        5581   21.1798458      0.552329242    
        5601   21.2413616      0.552329242    
        5621   21.3028774      0.552329242    
        5641   21.3643932      0.552329242    
        5661   21.4259090      0.552329242    
        5681   21.4874249      0.552329242    
        5701   21.5489407      0.552329242    
        5721   21.6104565      0.552329242    
        5741   21.6719723      0.552329242    
        5761   21.7334881      0.552329242    
        5781   21.7950039      0.552329242    
        5801   21.8565197      0.552329242    
        5821   21.9180355      0.552329242    
        5841   21.9795513      0.552329242    
        5861   22.0410671      0.552329242    
        5881   22.1025829      0.552329242    
        5901   22.1640987      0.552329242    
        5921   22.2256145      0.552329242    
        5941   22.2871304      0.552329242    
        5961   22.3486462      0.552329242    
        5981   22.4101620      0.552329242    
        6001   22.4716778      0.552329242    
        6021   22.5331936      0.552329242    
        6041   22.5947094      0.552329242    
        6061   22.6562252      0.552329242    
        6081   22.7177410      0.552329242    
        6101   22.7792568      0.552329242    
        6121   22.8407726      0.552329242    
        6141   22.9022884      0.552329242    
        6161   22.9638042      0.552329242    
        6181   23.0253201      0.552329242    
        6201   23.0868359      0.552329242    
        6221   23.1483517      0.552329242    
        6241   23.2098675      0.552329242    
        6261   23.2713833      0.552329242    
        6281   23.3328991      0.552329242    
        6301   23.3944149      0.552329242    
        6321   23.4559307      0.552329242    
        6341   23.5174465      0.552329242    
        6361   23.5789623      0.552329242    
        6381   23.6404781      0.552329242    
        6401   23.7019939      0.552329242    
        6421   23.7635098      0.552329242    
        6441   23.8250256      0.552329242    
        6461   23.8865414      0.552329242    
        6481   23.9480572      0.552329242    
        6501   24.0095730      0.552329242    
        6521   24.0710888      0.552329242    
        6541   24.1326046      0.552329242    
        6561   24.1941204      0.552329242    
        6581   24.2556362      0.552329242    
        6601   24.3171520      0.552329242    
        6621   24.3786678      0.552329242    
        6641   24.4401836      0.552329242    
        6661   24.5016994      0.552329242    
        6681   24.5632153      0.552329242    
        6701   24.6247311      0.552329242    
        6721   24.6862469      0.552329242    
        6741   24.7477627      0.552329242    
        6761   24.8092785      0.552329242    
        6781   24.8707943      0.552329242    
        6801   24.9323101      0.552329242    
        6821   24.9938259      0.552329242    
        6841   25.0553417      0.552329242    
        6861   25.1168575      0.552329242    
        6881   25.1783733      0.552329242    
        6901   25.2398891      0.552329242    
        6921   25.3014050      0.552329242    
        6941   25.3629208      0.552329242    
        6961   25.4244366      0.552329242    
        6981   25.4859524      0.552329242    
        7001   25.5474682      0.552329242    
        7021   25.6089840      0.552329242    
        7041   25.6704998      0.552329242    
        7061   25.7320156      0.552329242    
        7081   25.7935314      0.552329242    
        7101   25.8550472      0.552329242    
        7121   25.9165630      0.552329242    
        7141   25.9780788      0.552329242    
        7161   26.0395947      0.552329242    
        7181   26.1011105      0.552329242    
        7201   26.1626263      0.552329242    
        7221   26.2241421      0.552329242    
        7241   26.2856579      0.552329242    
        7261   26.3471737      0.552329242    
        7281   26.4086895      0.552329242    
        7301   26.4702053      0.552329242    
        7321   26.5317211      0.552329242    
        7341   26.5932369      0.552329242    
        7361   26.6547527      0.552329242    
        7381   26.7162685      0.552329242    
        7401   26.7777843      0.552329242    
        7421   26.8393002      0.552329242    
        7441   26.9008160      0.552329242    
        7461   26.9623318      0.552329242    
        7481   27.0238476      0.552329242    
        7501   27.0853634      0.552329242    
        7521   27.1468792      0.552329242    
        7541   27.2083950      0.552329242    
        7561   27.2699108      0.552329242    
        7581   27.3314266      0.552329242    
        7601   27.3929424      0.552329242    
        7621   27.4544582      0.552329242    
        7641   27.5159740      0.552329242    
        7661   27.5774899      0.552329242    
        7681   27.6390057      0.552329242    
        7701   27.7005215      0.552329242    
        7721   27.7620373      0.552329242    
        7741   27.8235531      0.552329242    
        7761   27.8850689      0.552329242    
        7781   27.9465847      0.552329242    
        7801   28.0081005      0.552329242    
        7821   28.0696163      0.552329242    
        7841   28.1311321      0.552329242    
        7861   28.1926479      0.552329242    
        7881   28.2541637      0.552329242    
        7901   28.3156796      0.552329242    
        7921   28.3771954      0.552329242    
        7941   28.4387112      0.552329242    
        7961   28.5002270      0.552329242    
        7981   28.5617428      0.552329242    
        8001   28.6232586      0.552329242    
        8021   28.6847744      0.552329242    
        8041   28.7462902      0.552329242    
        8061   28.8078060      0.552329242    
        8081   28.8693218      0.552329242    
        8101   28.9308376      0.552329242    
        8121   28.9923534      0.552329242    
        8141   29.0538692      0.552329242    
        8161   29.1153851      0.552329242    
        8181   29.1769009      0.552329242    
        8201   29.2384167      0.552329242    
        8221   29.2999325      0.552329242    
        8241   29.3614483      0.552329242    
        8261   29.4229641      0.552329242    
        8281   29.4844799      0.552329242    
        8301   29.5459957      0.552329242    
        8321   29.6075115      0.552329242    
        8341   29.6690273      0.552329242    
        8361   29.7305431      0.552329242    
        8381   29.7920589      0.552329242    
        8401   29.8535748      0.552329242    
        8421   29.9150906      0.552329242    
        8441   29.9766064      0.552329242    
        8461   30.0381222      0.552329242    
        8481   30.0996380      0.552329242    
        8501   30.1611538      0.552329242    
        8521   30.2226696      0.552329242    
        8541   30.2841854      0.552329242    
        8561   30.3457012      0.552329242    
        8581   30.4072170      0.552329242    
        8601   30.4687328      0.552329242    
        8621   30.5302486      0.552329242    
        8641   30.5917645      0.552329242    
        8661   30.6532803      0.552329242    
        8681   30.7147961      0.552329242    
        8701   30.7763119      0.552329242    
        8721   30.8378277      0.552329242    
        8741   30.8993435      0.552329242    
        8761   30.9608593      0.552329242    
        8781   31.0223751      0.552329242    
        8801   31.0838909      0.552329242    
        8821   31.1454067      0.552329242    
        8841   31.2069225      0.552329242    
        8861   31.2684383      0.552329242    
        8881   31.3299541      0.552329242    
        8901   31.3914700      0.552329242    
        8921   31.4529858      0.552329242    
        8941   31.5145016      0.552329242    
        8961   31.5760174      0.552329242    
        8981   31.6375332      0.552329242    
        9001   31.6990490      0.552329242    
        9021   31.7605648      0.552329242    
        9041   31.8220806      0.552329242    
        9061   31.8835964      0.552329242    
        9081   31.9451122      0.552329242    
        9101   32.0066299      0.552329242    
        9121   32.0681458      0.552329242    
        9141   32.1296616      0.552329242    
        9161   32.1911774      0.552329242    
        9181   32.2526932      0.552329242    
        9201   32.3142090      0.552329242    
        9221   32.3757248      0.552329242    
        9241   32.4372406      0.552329242    
        9261   32.4987564      0.552329242    
        9281   32.5602722      0.552329242    
        9301   32.6217880      0.552329242    
        9321   32.6833038      0.552329242    
        9341   32.7448196      0.552329242    
        9361   32.8063354      0.552329242    
        9381   32.8678513      0.552329242    
        9401   32.9293671      0.552329242    
        9421   32.9908829      0.552329242    
        9441   33.0523987      0.552329242    
        9461   33.1139145      0.552329242    
        9481   33.1754303      0.552329242    
        9501   33.2369461      0.552329242    
        9521   33.2984619      0.552329242    
        9541   33.3599777      0.552329242    
        9561   33.4214935      0.552329242    
        9581   33.4830093      0.552329242    
        9601   33.5445251      0.552329242    
        9621   33.6060410      0.552329242    
        9641   33.6675568      0.552329242    
        9661   33.7290726      0.552329242    
        9681   33.7905884      0.552329242    
        9701   33.8521042      0.552329242    
        9721   33.9136200      0.552329242    
        9741   33.9751358      0.552329242    
        9761   34.0366516      0.552329242    
        9781   34.0981674      0.552329242    
        9801   34.1596832      0.552329242    
        9821   34.2211990      0.552329242    
        9841   34.2827148      0.552329242    
        9861   34.3442307      0.552329242    
        9881   34.4057465      0.552329242    
        9901   34.4672623      0.552329242    
        9921   34.5287781      0.552329242    
        9941   34.5902939      0.552329242    
        9961   34.6518097      0.552329242    
        9981   34.7133255      0.552329242    
