           1   3.00000000      0.152810469    
          41   2.96598625      0.157305509    
          81   2.89795876      0.161826268    
         121   2.79573131      0.166588217    
         161   2.65917206      0.172258005    
         201   2.48884249      0.180710033    
         241   2.28745580      0.196882948    
         281   2.06310892      0.232595623    
         321   1.83618033      0.310946316    
         361   1.65260100      0.462101251    
         401   1.60173154      0.729939699    
         441   1.80821168       1.22695005    
         481   2.31834745       1.69436741    
         521   2.97653747       1.80069625    
         561   3.62800717       1.78322959    
         601   4.24532700       1.75994515    
         641   4.83847141       1.74499297    
         681   5.41748333       1.73643720    
         721   5.98862028       1.73169756    
         761   6.55543613       1.72910178    
         801   7.11989498       1.72768712    
         841   7.68307161       1.72691774    
         881   8.24555111       1.72649980    
         921   8.80765247       1.72627270    
         961   9.36954880       1.72614956    
        1001   9.93133354       1.72608256    
        1041   10.4930573       1.72604632    
        1081   11.0547485       1.72602677    
        1121   11.6164217       1.72601581    
        1161   12.1780853       1.72601008    
        1201   12.7397442       1.72600698    
        1241   13.3014002       1.72600543    
        1281   13.8630543       1.72600436    
        1321   14.4247074       1.72600400    
        1361   14.9863605       1.72600365    
        1401   15.5480137       1.72600341    
        1441   16.1096668       1.72600329    
        1481   16.6713200       1.72600317    
        1521   17.2329731       1.72600317    
        1561   17.7946262       1.72600317    
        1601   18.3562794       1.72600317    
        1641   18.9179325       1.72600317    
        1681   19.4795856       1.72600317    
        1721   20.0412388       1.72600317    
        1761   20.6028919       1.72600317    
        1801   21.1645451       1.72600317    
        1841   21.7261982       1.72600317    
        1881   22.2878513       1.72600317    
        1921   22.8495045       1.72600317    
        1961   23.4111576       1.72600317    
        2001   23.9728107       1.72600317    
        2041   24.5344639       1.72600317    
        2081   25.0961170       1.72600317    
        2121   25.6577702       1.72600317    
        2161   26.2194233       1.72600317    
        2201   26.7810764       1.72600317    
        2241   27.3427296       1.72600317    
        2281   27.9043827       1.72600317    
        2321   28.4660358       1.72600317    
        2361   29.0276890       1.72600317    
        2401   29.5893421       1.72600317    
        2441   30.1509953       1.72600317    
        2481   30.7126484       1.72600317    
        2521   31.2743015       1.72600317    
        2561   31.8359547       1.72600317    
        2601   32.3976059       1.72600317    
        2641   32.9592590       1.72600317    
        2681   33.5209122       1.72600317    
        2721   34.0825653       1.72600317    
        2761   34.6442184       1.72600317    
        2801   35.2058716       1.72600317    
        2841   35.7675247       1.72600317    
        2881   36.3291779       1.72600317    
        2921   36.8908310       1.72600317    
        2961   37.4524841       1.72600317    
        3001   38.0141373       1.72600317    
        3041   38.5757904       1.72600317    
        3081   39.1374435       1.72600317    
        3121   39.6990967       1.72600317    
        3161   40.2607498       1.72600317    
        3201   40.8224030       1.72600317    
        3241   41.3840561       1.72600317    
        3281   41.9457092       1.72600317    
        3321   42.5073624       1.72600317    
        3361   43.0690155       1.72600317    
        3401   43.6306686       1.72600317    
        3441   44.1923218       1.72600317    
        3481   44.7539749       1.72600317    
        3521   45.3156281       1.72600317    
        3561   45.8772812       1.72600317    
        3601   46.4389343       1.72600317    
        3641   47.0005875       1.72600317    
        3681   47.5622406       1.72600317    
        3721   48.1238937       1.72600317    
        3761   48.6855469       1.72600317    
        3801   49.2472000       1.72600317    
        3841   49.8088531       1.72600317    
        3881   50.3705063       1.72600317    
        3921   50.9321594       1.72600317    
        3961   51.4938126       1.72600317    
        4001   52.0554657       1.72600317    
        4041   52.6171188       1.72600317    
        4081   53.1787720       1.72600317    
        4121   53.7404251       1.72600317    
        4161   54.3020782       1.72600317    
        4201   54.8637314       1.72600317    
        4241   55.4253845       1.72600317    
        4281   55.9870377       1.72600317    
        4321   56.5486908       1.72600317    
        4361   57.1103439       1.72600317    
        4401   57.6719971       1.72600317    
        4441   58.2336502       1.72600317    
        4481   58.7953033       1.72600317    
        4521   59.3569565       1.72600317    
        4561   59.9186096       1.72600317    
        4601   60.4802628       1.72600317    
        4641   61.0419159       1.72600317    
        4681   61.6035690       1.72600317    
        4721   62.1652222       1.72600317    
        4761   62.7268753       1.72600317    
        4801   63.2885284       1.72600317    
        4841   63.8501816       1.72600317    
        4881   64.4118347       1.72600317    
        4921   64.9734879       1.72600317    
        4961   65.5351410       1.72600317    
        5001   66.0967941       1.72600317    
        5041   66.6584473       1.72600317    
        5081   67.2201004       1.72600317    
        5121   67.7817535       1.72600317    
        5161   68.3434067       1.72600317    
        5201   68.9050598       1.72600317    
        5241   69.4667130       1.72600317    
        5281   70.0283661       1.72600317    
        5321   70.5900192       1.72600317    
        5361   71.1516724       1.72600317    
        5401   71.7133255       1.72600317    
        5441   72.2749786       1.72600317    
        5481   72.8366318       1.72600317    
        5521   73.3982849       1.72600317    
        5561   73.9599380       1.72600317    
        5601   74.5215912       1.72600317    
        5641   75.0832443       1.72600317    
        5681   75.6448975       1.72600317    
        5721   76.2065506       1.72600317    
        5761   76.7682037       1.72600317    
        5801   77.3298569       1.72600317    
        5841   77.8915100       1.72600317    
        5881   78.4531631       1.72600317    
        5921   79.0148163       1.72600317    
        5961   79.5764694       1.72600317    
        6001   80.1381226       1.72600317    
        6041   80.6997757       1.72600317    
        6081   81.2614288       1.72600317    
        6121   81.8230820       1.72600317    
        6161   82.3847351       1.72600317    
        6201   82.9463882       1.72600317    
        6241   83.5080414       1.72600317    
        6281   84.0696945       1.72600317    
        6321   84.6313477       1.72600317    
        6361   85.1930008       1.72600317    
        6401   85.7546539       1.72600317    
        6441   86.3163071       1.72600317    
        6481   86.8779602       1.72600317    
        6521   87.4396133       1.72600317    
        6561   88.0012665       1.72600317    
        6601   88.5629196       1.72600317    
        6641   89.1245728       1.72600317    
        6681   89.6862259       1.72600317    
        6721   90.2478790       1.72600317    
        6761   90.8095322       1.72600317    
        6801   91.3711853       1.72600317    
        6841   91.9328384       1.72600317    
        6881   92.4944916       1.72600317    
        6921   93.0561447       1.72600317    
        6961   93.6177979       1.72600317    
        7001   94.1794510       1.72600317    
        7041   94.7411041       1.72600317    
        7081   95.3027573       1.72600317    
        7121   95.8644104       1.72600317    
        7161   96.4260635       1.72600317    
        7201   96.9877167       1.72600317    
        7241   97.5493698       1.72600317    
        7281   98.1110229       1.72600317    
        7321   98.6726761       1.72600317    
        7361   99.2343292       1.72600317    
        7401   99.7959824       1.72600317    
        7441   100.357635       1.72600317    
        7481   100.919289       1.72600317    
        7521   101.480942       1.72600317    
        7561   102.042595       1.72600317    
        7601   102.604248       1.72600317    
        7641   103.165901       1.72600317    
        7681   103.727554       1.72600317    
        7721   104.289207       1.72600317    
        7761   104.850861       1.72600317    
        7801   105.412514       1.72600317    
        7841   105.974167       1.72600317    
        7881   106.535820       1.72600317    
        7921   107.097473       1.72600317    
        7961   107.659126       1.72600317    
        8001   108.220779       1.72600317    
        8041   108.782433       1.72600317    
        8081   109.344086       1.72600317    
        8121   109.905739       1.72600317    
        8161   110.467392       1.72600317    
        8201   111.029045       1.72600317    
        8241   111.590698       1.72600317    
        8281   112.152351       1.72600317    
        8321   112.714005       1.72600317    
        8361   113.275658       1.72600317    
        8401   113.837311       1.72600317    
        8441   114.398964       1.72600317    
        8481   114.960617       1.72600317    
        8521   115.522270       1.72600317    
        8561   116.083923       1.72600317    
        8601   116.645576       1.72600317    
        8641   117.207230       1.72600317    
        8681   117.768883       1.72600317    
        8721   118.330536       1.72600317    
        8761   118.892189       1.72600317    
        8801   119.453842       1.72600317    
        8841   120.015495       1.72600317    
        8881   120.577148       1.72600317    
        8921   121.138802       1.72600317    
        8961   121.700455       1.72600317    
        9001   122.262108       1.72600317    
        9041   122.823761       1.72600317    
        9081   123.385414       1.72600317    
        9121   123.947067       1.72600317    
        9161   124.508720       1.72600317    
        9201   125.070374       1.72600317    
        9241   125.632027       1.72600317    
        9281   126.193680       1.72600317    
        9321   126.755333       1.72600317    
        9361   127.316986       1.72600317    
        9401   127.878639       1.72600317    
        9441   128.440292       1.72600317    
        9481   129.001938       1.72600317    
        9521   129.563583       1.72600317    
        9561   130.125229       1.72600317    
        9601   130.686874       1.72600317    
        9641   131.248520       1.72600317    
        9681   131.810165       1.72600317    
        9721   132.371811       1.72600317    
        9761   132.933456       1.72600317    
        9801   133.495102       1.72600317    
        9841   134.056747       1.72600317    
        9881   134.618393       1.72600317    
        9921   135.180038       1.72600317    
        9961   135.741684       1.72600317    
