           1   99.5171509      0.722963631    
          21   99.6383972      0.722963631    
          41   99.7596359      0.722963631    
          61   99.8808823      0.722963631    
          81   100.002121      0.722963631    
         101   100.123367      0.722963631    
         121   100.244606      0.722963631    
         141   100.365852      0.722963631    
         161   100.487091      0.722963631    
         181   100.608337      0.722963631    
         201   100.729576      0.722963631    
         221   100.850822      0.722963631    
         241   100.972061      0.722963631    
         261   101.093307      0.722963631    
         281   101.214546      0.722963631    
         301   101.335793      0.722963631    
         321   101.457031      0.722963631    
         341   101.578278      0.722963631    
         361   101.699516      0.722963631    
         381   101.820763      0.722963631    
         401   101.942001      0.722963631    
         421   102.063248      0.722963631    
         441   102.184486      0.722963631    
         461   102.305733      0.722963631    
         481   102.426971      0.722963631    
         501   102.548218      0.722963631    
         521   102.669456      0.722963631    
         541   102.790703      0.722963631    
         561   102.911942      0.722963631    
         581   103.033188      0.722963631    
         601   103.154427      0.722963631    
         621   103.275673      0.722963631    
         641   103.396912      0.722963631    
         661   103.518158      0.722963631    
         681   103.639397      0.722963631    
         701   103.760643      0.722963631    
         721   103.881882      0.722963631    
         741   104.003128      0.722963631    
         761   104.124367      0.722963631    
         781   104.245613      0.722963631    
         801   104.366852      0.722963631    
         821   104.488098      0.722963631    
         841   104.609337      0.722963631    
         861   104.730583      0.722963631    
         881   104.851822      0.722963631    
         901   104.973068      0.722963631    
         921   105.094307      0.722963631    
         941   105.215553      0.722963631    
         961   105.336792      0.722963631    
         981   105.458038      0.722963631    
        1001   105.579277      0.722963631    
        1021   105.700523      0.722963631    
        1041   105.821762      0.722963631    
        1061   105.943008      0.722963631    
        1081   106.064247      0.722963631    
        1101   106.185493      0.722963631    
        1121   106.306732      0.722963631    
        1141   106.427979      0.722963631    
        1161   106.549217      0.722963631    
        1181   106.670464      0.722963631    
        1201   106.791702      0.722963631    
        1221   106.912949      0.722963631    
        1241   107.034187      0.722963631    
        1261   107.155434      0.722963631    
        1281   107.276672      0.722963631    
        1301   107.397919      0.722963631    
        1321   107.519157      0.722963631    
        1341   107.640404      0.722963631    
        1361   107.761642      0.722963631    
        1381   107.882889      0.722963631    
        1401   108.004128      0.722963631    
        1421   108.125374      0.722963631    
        1441   108.246613      0.722963631    
        1461   108.367859      0.722963631    
        1481   108.489098      0.722963631    
        1501   108.610344      0.722963631    
        1521   108.731583      0.722963631    
        1541   108.852829      0.722963631    
        1561   108.974068      0.722963631    
        1581   109.095314      0.722963631    
        1601   109.216553      0.722963631    
        1621   109.337799      0.722963631    
        1641   109.459038      0.722963631    
        1661   109.580284      0.722963631    
        1681   109.701523      0.722963631    
        1701   109.822769      0.722963631    
        1721   109.944008      0.722963631    
        1741   110.065254      0.722963631    
        1761   110.186493      0.722963631    
        1781   110.307739      0.722963631    
        1801   110.428978      0.722963631    
        1821   110.550224      0.722963631    
        1841   110.671463      0.722963631    
        1861   110.792709      0.722963631    
        1881   110.913948      0.722963631    
        1901   111.035194      0.722963631    
        1921   111.156433      0.722963631    
        1941   111.277679      0.722963631    
        1961   111.398918      0.722963631    
        1981   111.520164      0.722963631    
        2001   111.641403      0.722963631    
        2021   111.762650      0.722963631    
        2041   111.883888      0.722963631    
        2061   112.005135      0.722963631    
        2081   112.126373      0.722963631    
        2101   112.247620      0.722963631    
        2121   112.368858      0.722963631    
        2141   112.490105      0.722963631    
        2161   112.611343      0.722963631    
        2181   112.732590      0.722963631    
        2201   112.853828      0.722963631    
        2221   112.975075      0.722963631    
        2241   113.096313      0.722963631    
        2261   113.217560      0.722963631    
        2281   113.338799      0.722963631    
        2301   113.460045      0.722963631    
        2321   113.581284      0.722963631    
        2341   113.702530      0.722963631    
        2361   113.823769      0.722963631    
        2381   113.945015      0.722963631    
        2401   114.066254      0.722963631    
        2421   114.187500      0.722963631    
        2441   114.308739      0.722963631    
        2461   114.429985      0.722963631    
        2481   114.551224      0.722963631    
        2501   114.672470      0.722963631    
        2521   114.793709      0.722963631    
        2541   114.914955      0.722963631    
        2561   115.036194      0.722963631    
        2581   115.157440      0.722963631    
        2601   115.278679      0.722963631    
        2621   115.399925      0.722963631    
        2641   115.521164      0.722963631    
        2661   115.642410      0.722963631    
        2681   115.763649      0.722963631    
        2701   115.884895      0.722963631    
        2721   116.006134      0.722963631    
        2741   116.127380      0.722963631    
        2761   116.248619      0.722963631    
        2781   116.369865      0.722963631    
        2801   116.491104      0.722963631    
        2821   116.612350      0.722963631    
        2841   116.733589      0.722963631    
        2861   116.854836      0.722963631    
        2881   116.976074      0.722963631    
        2901   117.097321      0.722963631    
        2921   117.218559      0.722963631    
        2941   117.339806      0.722963631    
        2961   117.461044      0.722963631    
        2981   117.582291      0.722963631    
        3001   117.703529      0.722963631    
        3021   117.824776      0.722963631    
        3041   117.946014      0.722963631    
        3061   118.067261      0.722963631    
        3081   118.188499      0.722963631    
        3101   118.309746      0.722963631    
        3121   118.430984      0.722963631    
        3141   118.552231      0.722963631    
        3161   118.673470      0.722963631    
        3181   118.794716      0.722963631    
        3201   118.915955      0.722963631    
        3221   119.037201      0.722963631    
        3241   119.158440      0.722963631    
        3261   119.279686      0.722963631    
        3281   119.400925      0.722963631    
        3301   119.522171      0.722963631    
        3321   119.643410      0.722963631    
        3341   119.764656      0.722963631    
        3361   119.885895      0.722963631    
        3381   120.007141      0.722963631    
        3401   120.128380      0.722963631    
        3421   120.249626      0.722963631    
        3441   120.370865      0.722963631    
        3461   120.492111      0.722963631    
        3481   120.613350      0.722963631    
        3501   120.734596      0.722963631    
        3521   120.855835      0.722963631    
        3541   120.977081      0.722963631    
        3561   121.098320      0.722963631    
        3581   121.219566      0.722963631    
        3601   121.340805      0.722963631    
        3621   121.462051      0.722963631    
        3641   121.583290      0.722963631    
        3661   121.704536      0.722963631    
        3681   121.825775      0.722963631    
        3701   121.947021      0.722963631    
        3721   122.068260      0.722963631    
        3741   122.189507      0.722963631    
        3761   122.310745      0.722963631    
        3781   122.431992      0.722963631    
        3801   122.553230      0.722963631    
        3821   122.674477      0.722963631    
        3841   122.795715      0.722963631    
        3861   122.916962      0.722963631    
        3881   123.038200      0.722963631    
        3901   123.159447      0.722963631    
        3921   123.280685      0.722963631    
        3941   123.401932      0.722963631    
        3961   123.523170      0.722963631    
        3981   123.644417      0.722963631    
        4001   123.765656      0.722963631    
        4021   123.886902      0.722963631    
        4041   124.008141      0.722963631    
        4061   124.129387      0.722963631    
        4081   124.250626      0.722963631    
        4101   124.371872      0.722963631    
        4121   124.493111      0.722963631    
        4141   124.614357      0.722963631    
        4161   124.735596      0.722963631    
        4181   124.856842      0.722963631    
        4201   124.978081      0.722963631    
        4221   125.099327      0.722963631    
        4241   125.220566      0.722963631    
        4261   125.341812      0.722963631    
        4281   125.463051      0.722963631    
        4301   125.584297      0.722963631    
        4321   125.705536      0.722963631    
        4341   125.826782      0.722963631    
        4361   125.948021      0.722963631    
        4381   126.069267      0.722963631    
        4401   126.190506      0.722963631    
        4421   126.311752      0.722963631    
        4441   126.432991      0.722963631    
        4461   126.554237      0.722963631    
        4481   126.675476      0.722963631    
        4501   126.796722      0.722963631    
        4521   126.917961      0.722963631    
        4541   127.039207      0.722963631    
        4561   127.160446      0.722963631    
        4581   127.281693      0.722963631    
        4601   127.402931      0.722963631    
        4621   127.524178      0.722963631    
        4641   127.645416      0.722963631    
        4661   127.766663      0.722963631    
        4681   127.887901      0.722963631    
        4701   128.009140      0.722963631    
        4721   128.130386      0.722963631    
        4741   128.251633      0.722963631    
        4761   128.372879      0.722963631    
        4781   128.494110      0.722963631    
        4801   128.615356      0.722963631    
        4821   128.736603      0.722963631    
        4841   128.857849      0.722963631    
        4861   128.979080      0.722963631    
        4881   129.100327      0.722963631    
        4901   129.221573      0.722963631    
        4921   129.342819      0.722963631    
        4941   129.464050      0.722963631    
        4961   129.585297      0.722963631    
        4981   129.706543      0.722963631    
        5001   129.827789      0.722963631    
        5021   129.949020      0.722963631    
        5041   130.070267      0.722963631    
        5061   130.191513      0.722963631    
        5081   130.312759      0.722963631    
        5101   130.433990      0.722963631    
        5121   130.555237      0.722963631    
        5141   130.676483      0.722963631    
        5161   130.797729      0.722963631    
        5181   130.918961      0.722963631    
        5201   131.040207      0.722963631    
        5221   131.161453      0.722963631    
        5241   131.282700      0.722963631    
        5261   131.403931      0.722963631    
        5281   131.525177      0.722963631    
        5301   131.646423      0.722963631    
        5321   131.767670      0.722963631    
        5341   131.888901      0.722963631    
        5361   132.010147      0.722963631    
        5381   132.131393      0.722963631    
        5401   132.252640      0.722963631    
        5421   132.373871      0.722963631    
        5441   132.495117      0.722963631    
        5461   132.616364      0.722963631    
        5481   132.737610      0.722963631    
        5501   132.858841      0.722963631    
        5521   132.980087      0.722963631    
        5541   133.101334      0.722963631    
        5561   133.222580      0.722963631    
        5581   133.343811      0.722963631    
        5601   133.465057      0.722963631    
        5621   133.586304      0.722963631    
        5641   133.707550      0.722963631    
        5661   133.828781      0.722963631    
        5681   133.950027      0.722963631    
        5701   134.071274      0.722963631    
        5721   134.192520      0.722963631    
        5741   134.313751      0.722963631    
        5761   134.434998      0.722963631    
        5781   134.556244      0.722963631    
        5801   134.677490      0.722963631    
        5821   134.798721      0.722963631    
        5841   134.919968      0.722963631    
        5861   135.041214      0.722963631    
        5881   135.162460      0.722963631    
        5901   135.283691      0.722963631    
        5921   135.404938      0.722963631    
        5941   135.526184      0.722963631    
        5961   135.647430      0.722963631    
        5981   135.768661      0.722963631    
        6001   135.889908      0.722963631    
        6021   136.011154      0.722963631    
        6041   136.132401      0.722963631    
        6061   136.253632      0.722963631    
        6081   136.374878      0.722963631    
        6101   136.496124      0.722963631    
        6121   136.617371      0.722963631    
        6141   136.738602      0.722963631    
        6161   136.859848      0.722963631    
        6181   136.981094      0.722963631    
        6201   137.102341      0.722963631    
        6221   137.223572      0.722963631    
        6241   137.344818      0.722963631    
        6261   137.466064      0.722963631    
        6281   137.587311      0.722963631    
        6301   137.708542      0.722963631    
        6321   137.829788      0.722963631    
        6341   137.951035      0.722963631    
        6361   138.072281      0.722963631    
        6381   138.193512      0.722963631    
        6401   138.314758      0.722963631    
        6421   138.436005      0.722963631    
        6441   138.557251      0.722963631    
        6461   138.678482      0.722963631    
        6481   138.799728      0.722963631    
        6501   138.920975      0.722963631    
        6521   139.042221      0.722963631    
        6541   139.163452      0.722963631    
        6561   139.284698      0.722963631    
        6581   139.405945      0.722963631    
        6601   139.527191      0.722963631    
        6621   139.648422      0.722963631    
        6641   139.769669      0.722963631    
        6661   139.890915      0.722963631    
        6681   140.012161      0.722963631    
        6701   140.133392      0.722963631    
        6721   140.254639      0.722963631    
        6741   140.375885      0.722963631    
        6761   140.497131      0.722963631    
        6781   140.618362      0.722963631    
        6801   140.739609      0.722963631    
        6821   140.860855      0.722963631    
        6841   140.982101      0.722963631    
        6861   141.103333      0.722963631    
        6881   141.224579      0.722963631    
        6901   141.345825      0.722963631    
        6921   141.467072      0.722963631    
        6941   141.588303      0.722963631    
        6961   141.709549      0.722963631    
        6981   141.830795      0.722963631    
        7001   141.952042      0.722963631    
        7021   142.073273      0.722963631    
        7041   142.194519      0.722963631    
        7061   142.315765      0.722963631    
        7081   142.437012      0.722963631    
        7101   142.558243      0.722963631    
        7121   142.679489      0.722963631    
        7141   142.800735      0.722963631    
        7161   142.921982      0.722963631    
        7181   143.043213      0.722963631    
        7201   143.164459      0.722963631    
        7221   143.285706      0.722963631    
        7241   143.406952      0.722963631    
        7261   143.528183      0.722963631    
        7281   143.649429      0.722963631    
        7301   143.770676      0.722963631    
        7321   143.891922      0.722963631    
        7341   144.013153      0.722963631    
        7361   144.134399      0.722963631    
        7381   144.255646      0.722963631    
        7401   144.376892      0.722963631    
        7421   144.498123      0.722963631    
        7441   144.619370      0.722963631    
        7461   144.740616      0.722963631    
        7481   144.861862      0.722963631    
        7501   144.983093      0.722963631    
        7521   145.104340      0.722963631    
        7541   145.225586      0.722963631    
        7561   145.346832      0.722963631    
        7581   145.468063      0.722963631    
        7601   145.589310      0.722963631    
        7621   145.710556      0.722963631    
        7641   145.831802      0.722963631    
        7661   145.953033      0.722963631    
        7681   146.074280      0.722963631    
        7701   146.195526      0.722963631    
        7721   146.316772      0.722963631    
        7741   146.438004      0.722963631    
        7761   146.559250      0.722963631    
        7781   146.680496      0.722963631    
        7801   146.801743      0.722963631    
        7821   146.922974      0.722963631    
        7841   147.044220      0.722963631    
        7861   147.165466      0.722963631    
        7881   147.286713      0.722963631    
        7901   147.407944      0.722963631    
        7921   147.529190      0.722963631    
        7941   147.650436      0.722963631    
        7961   147.771683      0.722963631    
        7981   147.892914      0.722963631    
        8001   148.014160      0.722963631    
        8021   148.135406      0.722963631    
        8041   148.256653      0.722963631    
        8061   148.377884      0.722963631    
        8081   148.499130      0.722963631    
        8101   148.620377      0.722963631    
        8121   148.741623      0.722963631    
        8141   148.862854      0.722963631    
        8161   148.984100      0.722963631    
        8181   149.105347      0.722963631    
        8201   149.226593      0.722963631    
        8221   149.347824      0.722963631    
        8241   149.469070      0.722963631    
        8261   149.590317      0.722963631    
        8281   149.711563      0.722963631    
        8301   149.832794      0.722963631    
        8321   149.954041      0.722963631    
        8341   150.075287      0.722963631    
        8361   150.196533      0.722963631    
        8381   150.317764      0.722963631    
        8401   150.439011      0.722963631    
        8421   150.560257      0.722963631    
        8441   150.681503      0.722963631    
        8461   150.802734      0.722963631    
        8481   150.923981      0.722963631    
        8501   151.045227      0.722963631    
        8521   151.166473      0.722963631    
        8541   151.287704      0.722963631    
        8561   151.408951      0.722963631    
        8581   151.530197      0.722963631    
        8601   151.651443      0.722963631    
        8621   151.772675      0.722963631    
        8641   151.893921      0.722963631    
        8661   152.015167      0.722963631    
        8681   152.136414      0.722963631    
        8701   152.257645      0.722963631    
        8721   152.378891      0.722963631    
        8741   152.500137      0.722963631    
        8761   152.621384      0.722963631    
        8781   152.742615      0.722963631    
        8801   152.863861      0.722963631    
        8821   152.985107      0.722963631    
        8841   153.106354      0.722963631    
        8861   153.227585      0.722963631    
        8881   153.348831      0.722963631    
        8901   153.470078      0.722963631    
        8921   153.591324      0.722963631    
        8941   153.712555      0.722963631    
        8961   153.833786      0.722963631    
        8981   153.955017      0.722963631    
        9001   154.076263      0.722963631    
        9021   154.197495      0.722963631    
        9041   154.318726      0.722963631    
        9061   154.439957      0.722963631    
        9081   154.561203      0.722963631    
        9101   154.682434      0.722963631    
        9121   154.803665      0.722963631    
        9141   154.924896      0.722963631    
        9161   155.046143      0.722963631    
        9181   155.167374      0.722963631    
        9201   155.288605      0.722963631    
        9221   155.409836      0.722963631    
        9241   155.531082      0.722963631    
        9261   155.652313      0.722963631    
        9281   155.773544      0.722963631    
        9301   155.894775      0.722963631    
        9321   156.016022      0.722963631    
        9341   156.137253      0.722963631    
        9361   156.258484      0.722963631    
        9381   156.379715      0.722963631    
        9401   156.500961      0.722963631    
        9421   156.622192      0.722963631    
        9441   156.743423      0.722963631    
        9461   156.864655      0.722963631    
        9481   156.985901      0.722963631    
        9501   157.107132      0.722963631    
        9521   157.228363      0.722963631    
        9541   157.349594      0.722963631    
        9561   157.470840      0.722963631    
        9581   157.592072      0.722963631    
        9601   157.713303      0.722963631    
        9621   157.834534      0.722963631    
        9641   157.955780      0.722963631    
        9661   158.077011      0.722963631    
        9681   158.198242      0.722963631    
        9701   158.319473      0.722963631    
        9721   158.440720      0.722963631    
        9741   158.561951      0.722963631    
        9761   158.683182      0.722963631    
        9781   158.804413      0.722963631    
        9801   158.925659      0.722963631    
        9821   159.046890      0.722963631    
        9841   159.168121      0.722963631    
        9861   159.289352      0.722963631    
        9881   159.410599      0.722963631    
        9901   159.531830      0.722963631    
        9921   159.653061      0.722963631    
        9941   159.774292      0.722963631    
        9961   159.895538      0.722963631    
        9981   160.016769      0.722963631    
