           1   2.11313748       2.68649794E-02
          41   2.07805419       2.74537317E-02
          81   2.08220291       2.73698010E-02
         121   2.12447238       2.67272852E-02
         161   2.19427943       2.62879413E-02
         201   2.27683544       2.63254102E-02
         241   2.35833359       2.66052820E-02
         281   2.42836118       2.68844217E-02
         321   2.48006010       2.70716641E-02
         361   2.50940466       2.71646399E-02
         401   2.51445270       2.71794870E-02
         441   2.49489355       2.71200016E-02
         481   2.45196891       2.69731134E-02
         521   2.38877726       2.67276000E-02
         561   2.31091857       2.64276043E-02
         601   2.22729588       2.62538325E-02
         641   2.15046215       2.64903754E-02
         681   2.09529018       2.71313749E-02
         721   2.07482028       2.75221746E-02
         761   2.09445810       2.71453951E-02
         801   2.14901137       2.65009850E-02
         841   2.22554255       2.62536630E-02
         881   2.30916357       2.64216401E-02
         921   2.38725042       2.67214552E-02
         961   2.45082235       2.69689411E-02
        1001   2.49421716       2.71178558E-02
        1041   2.51429129       2.71789972E-02
        1081   2.50976801       2.71656718E-02
        1121   2.48092556       2.70744711E-02
        1161   2.42966843       2.68893838E-02
        1201   2.35997057       2.66117398E-02
        1241   2.27862144       2.63298880E-02
        1281   2.19595432       2.62840651E-02
        1321   2.12571859       2.67134719E-02
        1361   2.08272839       2.73594260E-02
        1401   2.07771897       2.74606626E-02
        1441   2.11203194       2.68796310E-02
        1481   2.17686105       2.63432413E-02
        1521   2.25783968       2.62844265E-02
        1561   2.34062147       2.65358649E-02
        1601   2.41395640       2.68281214E-02
        1641   2.47023344       2.70380639E-02
        1681   2.50486016       2.71508433E-02
        1721   2.51547599       2.71823704E-02
        1761   2.50142217       2.71402895E-02
        1801   2.46357703       2.70147137E-02
        1841   2.40457439       2.67908387E-02
        1881   2.32937908       2.64933351E-02
        1921   2.24608707       2.62667853E-02
        1961   2.16645932       2.63912249E-02
        2001   2.10510015       2.69769002E-02
        2041   2.07596493       2.74974797E-02
        2081   2.08662653       2.72846688E-02
        2121   2.13423848       2.66260058E-02
        2161   2.20712638       2.62645949E-02
        2201   2.29037023       2.63620988E-02
        2241   2.37062359       2.66542975E-02
        2281   2.43807435       2.69213673E-02
        2321   2.48637724       2.70924382E-02
        2361   2.51188803       2.71718614E-02
        2401   2.51294851       2.71749794E-02
        2441   2.48949337       2.71025486E-02
        2481   2.44303441       2.69399956E-02
        2521   2.37702107       2.66800728E-02
        2561   2.29753399       2.63837464E-02
        2601   2.21406794       2.62575801E-02
        2641   2.13970470       2.65759565E-02
        2681   2.08937979       2.72340886E-02
        2721   2.07528448       2.75120307E-02
        2761   2.10117078       2.70363428E-02
        2801   2.16026497       2.64257770E-02
        2841   2.23892212       2.62594540E-02
        2881   2.32241297       2.64678411E-02
        2921   2.39867020       2.67672427E-02
        2961   2.45929480       2.69995034E-02
        3001   2.49908543       2.71330643E-02
        3041   2.51523590       2.71816626E-02
        3081   2.50673151       2.71565113E-02
        3121   2.47409773       2.70513445E-02
        3161   2.41953349       2.68499888E-02
        3201   2.34741163       2.65621431E-02
        3241   2.26505184       2.62982622E-02
        3281   2.18338847       2.63189599E-02
        3321   2.11657858       2.68206652E-02
        3361   2.07918334       2.74304152E-02
        3401   2.08071661       2.73992661E-02
        3441   2.12076688       2.67697107E-02
        3481   2.18923044       2.63009034E-02
        3521   2.27140999       2.63122413E-02
        3561   2.35333085       2.65853927E-02
        3601   2.42434001       2.68687718E-02
        3641   2.47736835       2.70624850E-02
        3681   2.50823259       2.71610245E-02
        3721   2.51487350       2.71806177E-02
        3761   2.49688125       2.71261446E-02
        3801   2.45539284       2.69854274E-02
        3841   2.39337063       2.67459676E-02
        3881   2.31622863       2.64458414E-02
        3921   2.23263645       2.62553580E-02
        3961   2.15492606       2.64593735E-02
        4001   2.09791422       2.70879790E-02
        4041   2.07493424       2.75196023E-02
        4081   2.09203100       2.71870606E-02
        4121   2.14466906       2.65344027E-02
        4161   2.22023916       2.62543112E-02
        4201   2.30382037       2.64038090E-02
        4241   2.38257432       2.67024934E-02
        4281   2.44728446       2.69557890E-02
        4321   2.49209857       2.71110069E-02
        4361   2.51373291       2.71772929E-02
        4401   2.51080394       2.71686818E-02
        4441   2.48349142       2.70829350E-02
        4481   2.43358541       2.69042775E-02
        4521   2.36490679       2.66313590E-02
        4561   2.28403783       2.63441652E-02
        4601   2.20107174       2.62738112E-02
        4641   2.12957740       2.66723596E-02
        4681   2.08443046       2.73262616E-02
        4721   2.07681274       2.74795331E-02
        4761   2.10876226       2.69243158E-02
        4801   2.17202926       2.63639707E-02
        4841   2.25242162       2.62754150E-02
        4881   2.33546662       2.65161227E-02
        4921   2.40967703       2.68110968E-02
        4961   2.46722054       2.70274784E-02
        5001   2.50333500       2.71460712E-02
        5041   2.51553583       2.71824319E-02
        5081   2.50306344       2.71452535E-02
        5121   2.46669436       2.70256028E-02
        5161   2.40893555       2.68081296E-02
        5201   2.33457804       2.65127327E-02
        5241   2.25149298       2.62739994E-02
        5281   2.17120743       2.63677407E-02
        5321   2.10821462       2.69319750E-02
        5361   2.07667422       2.74824239E-02
        5401   2.08473849       2.73203328E-02
        5441   2.13025069       2.66653951E-02
        5481   2.20195436       2.62722559E-02
        5521   2.28496599       2.63466928E-02
        5561   2.36574817       2.66346913E-02
        5601   2.43424940       2.69067977E-02
        5641   2.48392177       2.70842984E-02
        5681   2.51097083       2.71690674E-02
        5721   2.51362634       2.71768756E-02
        5761   2.49172497       2.71096937E-02
        5801   2.44666910       2.69534327E-02
        5841   2.38176608       2.66991276E-02
        5881   2.30290174       2.64007337E-02
        5921   2.21933270       2.62545440E-02
        5961   2.14393377       2.65402757E-02
        6001   2.09163022       2.71939188E-02
        6041   2.07497120       2.75187138E-02
        6081   2.09837890       2.70804241E-02
        6121   2.15570068       2.64542028E-02
        6161   2.23355484       2.62557529E-02
        6201   2.31713653       2.64489725E-02
        6241   2.39415193       2.67490558E-02
        6281   2.45597148       2.69874893E-02
        6321   2.49721217       2.71271355E-02
        6361   2.51493502       2.71807183E-02
        6401   2.50802088       2.71602757E-02
        6441   2.47689676       2.70607490E-02
        6481   2.42364192       2.68658847E-02
        6521   2.35246754       2.65818294E-02
        6561   2.27047896       2.63099540E-02
        6601   2.18837023       2.63032094E-02
        6641   2.12014341       2.67769881E-02
        6681   2.08047819       2.74039935E-02
        6721   2.07939410       2.74259951E-02
        6761   2.11718154       2.68130731E-02
        6801   2.18423915       2.63160244E-02
        6841   2.26598310       2.63001062E-02
        6881   2.34828210       2.65654251E-02
        6921   2.42024350       2.68526655E-02
        6961   2.47458410       2.70528812E-02
        7001   2.50695944       2.71570832E-02
        7041   2.51519108       2.71814186E-02
        7081   2.49877048       2.71319617E-02
        7121   2.45873022       2.69973576E-02
        7161   2.39789939       2.67640650E-02
        7201   2.32150960       2.64644977E-02
        7241   2.23799992       2.62586232E-02
        7281   2.15947604       2.64304392E-02
        7321   2.10068178       2.70438977E-02
        7361   2.07521868       2.75134332E-02
        7401   2.08975506       2.72273216E-02
        7441   2.14042330       2.65697055E-02
        7481   2.21496892       2.62569021E-02
        7521   2.29845643       2.63865981E-02
        7561   2.37783933       2.66833361E-02
        7601   2.44366384       2.69423015E-02
        7641   2.48988318       2.71038078E-02
        7681   2.51307201       2.71753017E-02
        7721   2.51173782       2.71713920E-02
        7761   2.48596263       2.70910524E-02
        7801   2.43742347       2.69188490E-02
        7841   2.36979079       2.66509242E-02
        7881   2.28944373       2.63593774E-02
        7921   2.20623565       2.62657423E-02
        7961   2.13354635       2.66326740E-02
        8001   2.08629131       2.72909235E-02
        8041   2.07607460       2.74951607E-02
        8081   2.10562515       2.69691832E-02
        8121   2.16726899       2.63870489E-02
        8161   2.24701405       2.62679271E-02
        8201   2.33027411       2.64966562E-02
        8241   2.40532804       2.67938487E-02
        8281   2.46411872       2.70166509E-02
        8321   2.50171089       2.71411575E-02
        8361   2.51549339       2.71823592E-02
        8401   2.50460529       2.71500126E-02
        8441   2.46972227       2.70362012E-02
        8481   2.41322660       2.68251579E-02
        8521   2.33973908       2.65323948E-02
        8561   2.25690889       2.62827147E-02
        8601   2.17602682       2.63465643E-02
        8641   2.11146188       2.68871505E-02
        8681   2.07755184       2.74640396E-02
        8721   2.08300972       2.73536928E-02
        8761   2.12637329       2.67061386E-02
        8801   2.19682908       2.62819976E-02
        8841   2.27955151       2.63321120E-02
        8881   2.36082125       2.66149621E-02
        8921   2.43034577       2.68918108E-02
        8961   2.48137188       2.70757694E-02
        9001   2.50995207       2.71660034E-02
        9041   2.51420164       2.71785185E-02
        9081   2.49385929       2.71164794E-02
        9121   2.45022011       2.69665029E-02
        9161   2.38645124       2.67179962E-02
        9201   2.30824733       2.64183134E-02
        9241   2.22462988       2.62534190E-02
        9281   2.14825940       2.65063792E-02
        9321   2.09403157       2.71523520E-02
        9361   2.07482839       2.75217928E-02
        9401   2.09573102       2.71237772E-02
        9441   2.15122247       2.64847316E-02
        9481   2.22821116       2.62537710E-02
        9521   2.31183171       2.64305025E-02
        9561   2.38956976       2.67305803E-02
        9601   2.45256233       2.69751027E-02
        9641   2.49524093       2.71208920E-02
        9681   2.51453161       2.71795765E-02
        9721   2.50920963       2.71638483E-02
        9761   2.47960353       2.70699169E-02
        9801   2.42767525       2.68815625E-02
        9841   2.35747743       2.66016982E-02
        9881   2.27590370       2.63228919E-02
        9921   2.19340873       2.62898095E-02
        9961   2.12382817       2.67342888E-02
