           1   2.95738554      0.137949482    
          21   2.94498873      0.137950078    
          41   2.92402267      0.137950361    
          61   2.89447618      0.137949139    
          81   2.85634756      0.137944221    
         101   2.80966210      0.137932077    
         121   2.75449944      0.137907684    
         141   2.69103098      0.137863293    
         161   2.61957884      0.137788534    
         181   2.54069662      0.137670606    
         201   2.45528436      0.137497574    
         221   2.36474061      0.137266368    
         241   2.27115369      0.136999533    
         261   2.17751169      0.136769116    
         281   2.08787441      0.136710972    
         301   2.00739288      0.136985123    
         321   1.94200170      0.137636766    
         341   1.89762640      0.138424933    
         361   1.87894523      0.138868570    
         381   1.88810360      0.138641894    
         401   1.92403626      0.137915432    
         421   1.98281050      0.137172550    
         441   2.05877662      0.136761546    
         461   2.14588690      0.136721179    
         481   2.23866296      0.136910439    
         501   2.33265805      0.137176082    
         521   2.42452931      0.137424111    
         541   2.51190090      0.137617707    
         561   2.59316015      0.137753531    
         581   2.66725349      0.137841627    
         601   2.73352337      0.137895241    
         621   2.79157805      0.137925535    
         641   2.84120131      0.137941122    
         661   2.88228798      0.137948126    
         681   2.91479683      0.137950316    
         701   2.93872285      0.137950391    
         721   2.95407534      0.137949735    
         741   2.96086597      0.137949333    
         761   2.95910144      0.137949497    
         781   2.94877934      0.137950003    
         801   2.92989135      0.137950525    
         821   2.90242481      0.137949795    
         841   2.86637497      0.137946025    
         861   2.82175827      0.137935996    
         881   2.76863861      0.137915209    
         901   2.70716023      0.137876540    
         921   2.63760233      0.137810186    
         941   2.56045365      0.137703970    
         961   2.47651744      0.137545139    
         981   2.38705516      0.137327269    
        1001   2.29396915      0.137064755    
        1021   2.20001054      0.136815414    
        1041   2.10896921      0.136700243    
        1061   2.02574468      0.136882097    
        1081   1.95613396      0.137451544    
        1101   1.90616536      0.138246238    
        1121   1.88094616      0.138817534    
        1141   1.88333154      0.138757735    
        1161   1.91304290      0.138112083    
        1181   1.96675825      0.137330025    
        1201   2.03911829      0.136823952    
        1221   2.12406349      0.136703342    
        1241   2.21591759      0.136852503    
        1261   2.30996490      0.137110814    
        1281   2.40260243      0.137368292    
        1301   2.49123788      0.137576267    
        1321   2.57409334      0.137725458    
        1341   2.64999652      0.137823984    
        1361   2.71820641      0.137884766    
        1381   2.77827716      0.137919843    
        1401   2.82995701      0.137938395    
        1421   2.87311792      0.137947023    
        1441   2.90770721      0.137950182    
        1461   2.93371248      0.137950569    
        1481   2.95114183      0.137950063    
        1501   2.96000648      0.137949526    
        1521   2.96031499      0.137949556    
        1541   2.95206738      0.137950003    
        1561   2.93525624      0.137950614    
        1581   2.90986967      0.137950346    
        1601   2.87589931      0.137947470    
        1621   2.83335543      0.137939394    
        1641   2.78228664      0.137921691    
        1661   2.72281456      0.137888148    
        1681   2.65517950      0.137829617    
        1701   2.57981038      0.137734234    
        1721   2.49742317      0.137589112    
        1741   2.40915322      0.137385368    
        1761   2.31672859      0.137130439    
        1781   2.22267556      0.136869326    
        1801   2.13051891      0.136707202    
        1821   2.04489470      0.136803091    
        1841   1.97142386      0.137281299    
        1861   1.91616857      0.138054267    
        1881   1.88458335      0.138727009    
        1901   1.88017869      0.138837174    
        1921   1.90346861      0.138301268    
        1941   1.95180368      0.137505591    
        1961   2.02019644      0.136910394    
        1981   2.10264111      0.136701673    
        2001   2.19329548      0.136800945    
        2021   2.28718400      0.137045473    
        2041   2.38043642      0.137309641    
        2061   2.47023273      0.137531593    
        2081   2.55461645      0.137694657    
        2101   2.63228607      0.137804255    
        2121   2.70241094      0.137873024    
        2141   2.76448345      0.137913406    
        2161   2.81821203      0.137935206    
        2181   2.86344457      0.137945801    
        2201   2.90011334      0.137949944    
        2221   2.92819881      0.137950808    
        2241   2.94770503      0.137950331    
        2261   2.95864439      0.137949780    
        2281   2.96102595      0.137949601    
        2301   2.95485234      0.137949973    
        2321   2.94011760      0.137950599    
        2341   2.91681051      0.137950674    
        2361   2.88492036      0.137948632    
        2381   2.84445167      0.137942120    
        2401   2.79544115      0.137927264    
        2421   2.73798895      0.137898266    
        2441   2.67230105      0.137846723    
        2461   2.59875345      0.137761489    
        2481   2.51798153      0.137629569    
        2501   2.43100452      0.137440294    
        2521   2.33938885      0.137195513    
        2541   2.24544764      0.136928812    
        2561   2.15244818      0.136729479    
        2581   2.06475687      0.136747569    
        2601   1.98778701      0.137129828    
        2621   1.92757154      0.137856930    
        2641   1.88983154      0.138601437    
        2661   1.87866759      0.138876125    
        2681   1.89537597      0.138474941    
        2701   1.93803108      0.137694523    
        2721   2.00209832      0.137020767    
        2741   2.08169603      0.136718288    
        2761   2.17085743      0.136757553    
        2781   2.26436019      0.136980817    
        2801   2.35806298      0.137248158    
        2821   2.44890571      0.137483135    
        2841   2.53474212      0.137660474    
        2861   2.61413026      0.137781963    
        2881   2.68614054      0.137859464    
        2901   2.75019789      0.137905657    
        2921   2.80596685      0.137931198    
        2941   2.85326719      0.137943968    
        2961   2.89201450      0.137949362    
        2981   2.92218018      0.137950778    
        3001   2.94376493      0.137950540    
        3021   2.95677948      0.137949973    
        3041   2.96123457      0.137949690    
        3061   2.95713449      0.137949944    
        3081   2.94447565      0.137950599    
        3101   2.92324710      0.137950897    
        3121   2.89343762      0.137949556    
        3141   2.85504627      0.137944445    
        3161   2.80809975      0.137932062    
        3181   2.75267935      0.137907147    
        3201   2.68896055      0.137861982    
        3221   2.61727118      0.137786075    
        3241   2.53817368      0.137666687    
        3261   2.45258045      0.137491822    
        3281   2.36190844      0.137258992    
        3301   2.26827002      0.136991888    
        3321   2.17468452      0.136764407    
        3341   2.08524585      0.136714175    
        3361   2.00513554      0.137000322    
        3381   1.94030249      0.137661427    
        3401   1.89665437      0.138446659    
        3421   1.87880921      0.138872489    
        3441   1.88881981      0.138625175    
        3461   1.92552233      0.137890667    
        3481   1.98491216      0.137154222    
        3501   2.06130815      0.136755437    
        3521   2.14866877      0.136724591    
        3541   2.24154234      0.136918217    
        3561   2.33551669      0.137184367    
        3581   2.42728090      0.137431026    
        3601   2.51448631      0.137622833    
        3621   2.59553909      0.137756974    
        3641   2.66940141      0.137843892    
        3661   2.73542428      0.137896568    
        3681   2.79322338      0.137926325    
        3701   2.84258652      0.137941569    
        3721   2.88341069      0.137948304    
        3741   2.91565704      0.137950495    
        3761   2.93932056      0.137950525    
        3781   2.95441079      0.137949899    
        3801   2.96093941      0.137949467    
        3821   2.95891285      0.137949616    
        3841   2.94832897      0.137950197    
        3861   2.92917848      0.137950704    
        3881   2.90144897      0.137949824    
        3901   2.86513638      0.137945876    
        3921   2.82025838      0.137935668    
        3941   2.76688004      0.137914419    
        3961   2.70514941      0.137875050    
        3981   2.63535070      0.137807742    
        4001   2.55798030      0.137700096    
        4021   2.47385335      0.137539461    
        4041   2.38424826      0.137319908    
        4061   2.29108977      0.137056634    
        4081   2.19715834      0.136809275    
        4101   2.10627842      0.136700690    
        4121   2.02338076      0.136894017    
        4141   1.95428300      0.137474537    
        4161   1.90500450      0.138269916    
        4181   1.88060260      0.138826400    
        4201   1.88384521      0.138745278    
        4221   1.91435421      0.138087839    
        4241   1.96872687      0.137309268    
        4261   2.04156208      0.136815131    
        4281   2.12679958      0.136704981    
        4301   2.21878481      0.136859804    
        4321   2.31283689      0.137119383    
        4341   2.40538549      0.137375787    
        4361   2.49386716      0.137581989    
        4381   2.57652473      0.137729451    
        4401   2.65220165      0.137826622    
        4421   2.72016811      0.137886465    
        4441   2.77998495      0.137920886    
        4461   2.83140516      0.137938976    
        4481   2.87430453      0.137947440    
        4501   2.90863085      0.137950361    
        4521   2.93437386      0.137950793    
        4541   2.95154047      0.137950167    
        4561   2.96014333      0.137949690    
        4581   2.96019006      0.137949690    
        4601   2.95168066      0.137950182    
        4621   2.93460727      0.137950733    
        4641   2.90895796      0.137950420    
        4661   2.87472510      0.137947470    
        4681   2.83191943      0.137939185    
        4701   2.78059149      0.137921184    
        4721   2.72086525      0.137887016    
        4741   2.65298581      0.137827501    
        4761   2.57738972      0.137730837    
        4781   2.49480295      0.137583971    
        4801   2.40637660      0.137378424    
        4821   2.31385994      0.137122393    
        4841   2.21980691      0.136862427    
        4861   2.12777567      0.136705711    
        4881   2.04243565      0.136812061    
        4901   1.96943235      0.137302041    
        4921   1.91482687      0.138079152    
        4941   1.88403440      0.138740778    
        4961   1.88048625      0.138829604    
        4981   1.90459633      0.138278604    
        5001   1.95362806      0.137482941    
        5021   2.02254152      0.136898577    
        5041   2.10532093      0.136701316    
        5061   2.19614267      0.136807457    
        5081   2.29006338      0.137054101    
        5101   2.38324738      0.137317628    
        5121   2.47290325      0.137537837    
        5141   2.55709791      0.137699068    
        5161   2.63454747      0.137807310    
        5181   2.70443201      0.137874991    
        5201   2.76625276      0.137914643    
        5221   2.81972337      0.137936056    
        5241   2.86469460      0.137946367    
        5261   2.90110111      0.137950435    
        5281   2.92892385      0.137951165    
        5301   2.94816804      0.137950704    
        5321   2.95884538      0.137950137    
        5341   2.96096539      0.137949958    
        5361   2.95453024      0.137950405    
        5381   2.93953347      0.137951016    
        5401   2.91596389      0.137951061    
        5421   2.88381147      0.137948990    
        5441   2.84308076      0.137942284    
        5461   2.79381013      0.137927070    
        5481   2.73610234      0.137897521    
        5501   2.67016745      0.137845144    
        5521   2.59638786      0.137758672    
        5541   2.51540852      0.137625083    
        5561   2.42826319      0.137433991    
        5581   2.33653736      0.137187779    
        5601   2.24257112      0.136921495    
        5621   2.14966345      0.136726350    
        5641   2.06221485      0.136753768    
        5661   1.98566651      0.137148172    
        5681   1.92605805      0.137882233    
        5701   1.88908148      0.138619408    
        5721   1.87876678      0.138873920    
        5741   1.89631271      0.138454497    
        5761   1.93970013      0.137670487    
        5781   2.00433254      0.137005970    
        5801   2.08430886      0.136715516    
        5821   2.17367554      0.136762857    
        5841   2.26724005      0.136989251    
        5861   2.36089563      0.137256444    
        5881   2.45161319      0.137489840    
        5901   2.53727078      0.137665346    
        5921   2.61644554      0.137785375    
        5941   2.68821955      0.137861669    
        5961   2.75202775      0.137907118    
        5981   2.80753994      0.137932181    
        6001   2.85457969      0.137944639    
        6021   2.89306498      0.137949839    
        6041   2.92296839      0.137951180    
        6061   2.94429064      0.137950808    
        6081   2.95704341      0.137950212    
        6101   2.96123695      0.137949944    
        6121   2.95687580      0.137950301    
        6141   2.94395494      0.137950867    
        6161   2.92246437      0.137951180    
        6181   2.89239264      0.137949809    
        6201   2.85373902      0.137944475    
        6221   2.80653214      0.137931809    
        6241   2.75085497      0.137906402    
        6261   2.68688679      0.137860477    
        6281   2.61496115      0.137783438    
        6301   2.53564930      0.137662455    
        6321   2.44987679      0.137485772    
        6341   2.35907841      0.137251332    
        6361   2.26539207      0.136984020    
        6381   2.17186666      0.136759624    
        6401   2.08263087      0.136717513    
        6421   2.00289702      0.137015596    
        6441   1.93862665      0.137686044    
        6461   1.89570856      0.138467848    
        6481   1.87869978      0.138875693    
        6501   1.88955951      0.138608277    
        6521   1.92702675      0.137866154    
        6541   1.98702526      0.137136668    
        6561   2.06384492      0.136750013    
        6581   2.15145016      0.136728555    
        6601   2.24441719      0.136926398    
        6621   2.33836794      0.137192965    
        6641   2.43002343      0.137438267    
        6661   2.51706123      0.137628242    
        6681   2.59790754      0.137760743    
        6701   2.67153859      0.137846470    
        6721   2.73731494      0.137898311    
        6741   2.79485893      0.137927532    
        6761   2.84396243      0.137942463    
        6781   2.88452482      0.137948990    
        6801   2.91650891      0.137951061    
        6821   2.93991017      0.137951002    
        6841   2.95473886      0.137950376    
        6861   2.96100616      0.137950003    
        6881   2.95871830      0.137950152    
        6901   2.94787264      0.137950674    
        6921   2.92846012      0.137951091    
        6941   2.90046883      0.137950286    
        6961   2.86389422      0.137946218    
        6981   2.81875515      0.137935683    
        7001   2.76511884      0.137914002    
        7021   2.70313668      0.137873918    
        7041   2.63309789      0.137805521    
        7061   2.55550718      0.137696445    
        7081   2.47119117      0.137534067    
        7101   2.38144493      0.137312755    
        7121   2.28821659      0.137048796    
        7141   2.19431591      0.136803523    
        7161   2.10360098      0.136701748    
        7181   2.02103543      0.136906415    
        7201   1.95245528      0.137497738    
        7221   1.90386963      0.138293639    
        7241   1.88028526      0.138835102    
        7261   1.88438296      0.138732657    
        7281   1.91568470      0.138063669    
        7301   1.97070789      0.137289107    
        7321   2.04401183      0.136806771    
        7341   2.12953496      0.136707142    
        7361   2.22164726      0.136867359    
        7381   2.31570101      0.137128085    
        7401   2.40815878      0.137383386    
        7421   2.49648523      0.137587786    
        7441   2.57894421      0.137733519    
        7461   2.65439487      0.137829363    
        7481   2.72211790      0.137888283    
        7501   2.78168130      0.137922078    
        7521   2.83284307      0.137939870    
        7541   2.87548089      0.137948006    
        7561   2.90954542      0.137950912    
        7581   2.93502641      0.137951210    
        7601   2.95193172      0.137950659    
        7621   2.96027327      0.137950167    
        7641   2.96005869      0.137950167    
        7661   2.95128798      0.137950659    
        7681   2.93395305      0.137951255    
        7701   2.90804172      0.137950793    
        7721   2.87354684      0.137947738    
        7741   2.83047986      0.137939185    
        7761   2.77889347      0.137920856    
        7781   2.71891379      0.137886018    
        7801   2.65079117      0.137825549    
        7821   2.57496905      0.137727529    
        7841   2.49218464      0.137578994    
        7861   2.40360403      0.137371644    
        7881   2.31099772      0.137114540    
        7901   2.21694803      0.136855781    
        7921   2.12504625      0.136704519    
        7941   2.03999519      0.136821359    
        7961   1.96746349      0.137323171    
        7981   1.91351092      0.138104141    
        8001   1.88351250      0.138753995    
        8021   1.88081884      0.138821527    
        8041   1.90574455      0.138255551    
        8061   1.95546579      0.137460589    
        8081   2.02489305      0.136887148    
        8101   2.10800076      0.136701241    
        8121   2.19898486      0.136814073    
        8141   2.29293442      0.137062728    
        8161   2.38604736      0.137325525    
        8181   2.47556138      0.137543991    
        8201   2.55956650      0.137703449    
        8221   2.63679552      0.137810260    
        8241   2.70643997      0.137876868    
        8261   2.76800942      0.137915850    
        8281   2.82122231      0.137936786    
        8301   2.86593294      0.137946844    
        8321   2.90207744      0.137950659    
        8341   2.92963862      0.137951434    
        8361   2.94862127      0.137950942    
        8381   2.95903754      0.137950361    
        8401   2.96089673      0.137950286    
        8421   2.95420051      0.137950733    
        8441   2.93894243      0.137951314    
        8461   2.91511106      0.137951300    
        8481   2.88269687      0.137949124    
        8501   2.84170485      0.137942240    
        8521   2.79217505      0.137926742    
        8541   2.73421240      0.137896597    
        8561   2.66803169      0.137843400    
        8581   2.59402132      0.137755692    
        8601   2.51283646      0.137620509    
        8621   2.42552423      0.137427509    
        8641   2.33369112      0.137179956    
        8661   2.23970294      0.136914134    
        8681   2.14689088      0.136723265    
        8701   2.05968928      0.136760175    
        8721   1.98356700      0.137166783    
        8741   1.92456961      0.137907356    
        8761   1.88835847      0.138636708    
        8781   1.87889218      0.138870835    
        8801   1.89727163      0.138433680    
        8821   1.94138503      0.137646437    
        8841   2.00657558      0.136991397    
        8861   2.08692408      0.136712894    
        8881   2.17649055      0.136768177    
        8901   2.27011275      0.136997581    
        8921   2.36371875      0.137264505    
        8941   2.45430923      0.137496278    
        8961   2.53978729      0.137669995    
        8981   2.61874747      0.137788415    
        9001   2.69028568      0.137863636    
        9021   2.75384474      0.137908280    
        9041   2.80910063      0.137932852    
        9061   2.85588074      0.137945101    
        9081   2.89410448      0.137950122    
        9101   2.92374611      0.137951374    
        9121   2.94480705      0.137951076    
        9141   2.95729852      0.137950435    
        9161   2.96123123      0.137950182    
        9181   2.95660877      0.137950420    
        9201   2.94342709      0.137951076    
        9221   2.92167497      0.137951374    
        9241   2.89134121      0.137949780    
        9261   2.85242653      0.137944371    
        9281   2.80495954      0.137931406    
        9301   2.74902630      0.137905493    
        9321   2.68480945      0.137858763    
        9341   2.61264873      0.137780577    
        9361   2.53312397      0.137658060    
        9381   2.44717383      0.137479559    
        9401   2.35625172      0.137243539    
        9421   2.26252007      0.136976123    
        9441   2.16905880      0.136754930    
        9461   2.08003068      0.136720985    
        9481   2.00067759      0.137031212    
        9501   1.93697453      0.137710586    
        9521   1.89478922      0.138488621    
        9541   1.87861717      0.138877854    
        9561   1.89032316      0.138590425    
        9581   1.92854905      0.137841493    
        9601   1.98914981      0.137119055    
        9621   2.06638622      0.136744514    
        9641   2.15423036      0.136732265    
        9661   2.24728656      0.136934191    
        9681   2.34121013      0.137201115    
        9701   2.43275476      0.137445003    
        9721   2.51962376      0.137633145    
        9741   2.60026312      0.137764066    
        9761   2.67366219      0.137848467    
        9781   2.73919225      0.137899488    
        9801   2.79648113      0.137928128    
        9821   2.84532547      0.137942776    
        9841   2.88562703      0.137949198    
        9861   2.91734910      0.137951061    
        9881   2.94048905      0.137951016    
        9901   2.95505643      0.137950405    
        9921   2.96106291      0.137950033    
        9941   2.95851421      0.137950167    
        9961   2.94740772      0.137950733    
        9981   2.92773414      0.137951225    
