           1   2.29784274       5.12699480E-04
          41   2.29208779       5.05432603E-04
          81   2.28351259       4.97806235E-04
         121   2.27326560       4.89758793E-04
         161   2.26272583       4.81366791E-04
         201   2.25332284       4.72791493E-04
         241   2.24633408       4.64178156E-04
         281   2.24269271       4.55631583E-04
         321   2.24284887       4.47251950E-04
         361   2.24670696       4.39215510E-04
         401   2.25365686       4.31687338E-04
         441   2.26268125       4.24747879E-04
         481   2.27251840       4.18336567E-04
         521   2.28184557       4.12301626E-04
         561   2.28945279       4.06502106E-04
         601   2.29438806       4.00859950E-04
         641   2.29606175       3.95328447E-04
         681   2.29430532       3.89814290E-04
         721   2.28938675       3.84208048E-04
         761   2.28197694       3.78380908E-04
         801   2.27307320       3.72286420E-04
         841   2.26387548       3.65971471E-04
         881   2.25562882       3.59548809E-04
         921   2.24944949       3.53113719E-04
         961   2.24615932       3.46731220E-04
        1001   2.24616551       3.40472005E-04
        1041   2.24940515       3.34440323E-04
        1081   2.25536728       3.28743365E-04
        1121   2.26318121       3.23452987E-04
        1161   2.27175546       3.18525883E-04
        1201   2.27993464       3.13861121E-04
        1241   2.28665352       3.09372612E-04
        1281   2.29106569       3.05002701E-04
        1321   2.29263926       3.00711603E-04
        1361   2.29121256       2.96445185E-04
        1401   2.28700829       2.92129756E-04
        1441   2.28060508       2.87681294E-04
        1481   2.27286768       2.83059722E-04
        1521   2.26484108       2.78300868E-04
        1561   2.25761032       2.73476995E-04
        1601   2.25215054       2.68658099E-04
        1641   2.24918580       2.63883907E-04
        1681   2.24908352       2.59190798E-04
        1721   2.25180507       2.54652230E-04
        1761   2.25692177       2.50343059E-04
        1801   2.26368833       2.46310345E-04
        1841   2.27116036       2.42529786E-04
        1881   2.27832937       2.38936074E-04
        1921   2.28425789       2.35466054E-04
        1961   2.28819537       2.32088569E-04
        2001   2.28966355       2.28772537E-04
        2041   2.28850865       2.25483149E-04
        2081   2.28491521       2.22167218E-04
        2121   2.27938128       2.18769143E-04
        2161   2.27265763       2.15263397E-04
        2201   2.26565337       2.11671781E-04
        2241   2.25931430       2.08044483E-04
        2281   2.25449324       2.04424534E-04
        2321   2.25182748       2.00841445E-04
        2361   2.25164771       1.97316433E-04
        2401   2.25393391       1.93896907E-04
        2441   2.25832605       1.90637555E-04
        2481   2.26418614       1.87565311E-04
        2521   2.27069640       1.84668126E-04
        2561   2.27697730       1.81903699E-04
        2601   2.28220487       1.79230308E-04
        2641   2.28571367       1.76620932E-04
        2681   2.28707528       1.74062006E-04
        2721   2.28614450       1.71527281E-04
        2761   2.28307366       1.68981816E-04
        2801   2.27829123       1.66385551E-04
        2841   2.27244878       1.63724559E-04
        2881   2.26633668       1.61012489E-04
        2921   2.26078033       1.58279625E-04
        2961   2.25652528       1.55557063E-04
        3001   2.25413227       1.52868102E-04
        3041   2.25389886       1.50221080E-04
        3081   2.25581884       1.47641447E-04
        3121   2.25958943       1.45177692E-04
        3161   2.26466465       1.42836536E-04
        3201   2.27033639       1.40618664E-04
        3241   2.27583718       1.38493997E-04
        3281   2.28044391       1.36437942E-04
        3321   2.28356719       1.34426577E-04
        3361   2.28482389       1.32456582E-04
        3401   2.28407764       1.30505097E-04
        3441   2.28145409       1.28552056E-04
        3481   2.27732134       1.26568630E-04
        3521   2.27224469       1.24547150E-04
        3561   2.26691151       1.22496800E-04
        3601   2.26204181       1.20434910E-04
        3641   2.25828767       1.18383490E-04
        3681   2.25614309       1.16352021E-04
        3721   2.25587440       1.14356517E-04
        3761   2.25748563       1.12413429E-04
        3801   2.26072311       1.10544890E-04
        3841   2.26511812       1.08764216E-04
        3881   2.27005816       1.07067659E-04
        3921   2.27487445       1.05438390E-04
        3961   2.27893138       1.03856393E-04
        4001   2.28170896       1.02311926E-04
        4041   2.28286386       1.00794030E-04
        4081   2.28226972       9.92944842E-05
        4121   2.28002906       9.77950695E-05
        4161   2.27645874       9.62820632E-05
        4201   2.27204800       9.47465378E-05
        4241   2.26739502       9.31942486E-05
        4281   2.26312780       9.16367790E-05
        4321   2.25981665       9.00901141E-05
        4361   2.25789666       8.85597547E-05
        4401   2.25760651       8.70540462E-05
        4441   2.25895762       8.55864564E-05
        4481   2.26173711       8.41712244E-05
        4521   2.26554298       8.28162447E-05
        4561   2.26984525       8.15198291E-05
        4601   2.27406073       8.02718132E-05
        4641   2.27763224       7.90593040E-05
        4681   2.28009987       7.78710964E-05
        4721   2.28115773       7.67047968E-05
        4761   2.28068876       7.55549481E-05
        4801   2.27877617       7.44066347E-05
        4841   2.27569199       7.32512271E-05
        4881   2.27186012       7.20839671E-05
        4921   2.26780105       7.09078813E-05
        4961   2.26406193       6.97311116E-05
        5001   2.26114249       6.85611449E-05
        5041   2.25942540       6.74064795E-05
        5081   2.25912428       6.62712118E-05
        5121   2.26025629       6.51600931E-05
        5161   2.26264262       6.40850558E-05
        5201   2.26593804       6.30544309E-05
        5241   2.26968431       6.20639839E-05
        5281   2.27337265       6.11078067E-05
        5321   2.27651501       6.01764332E-05
        5361   2.27870584       5.92664328E-05
        5401   2.27967215       5.83732835E-05
        5441   2.27930570       5.74904370E-05
        5481   2.27767420       5.66126764E-05
        5521   2.27501059       5.57312524E-05
        5561   2.27168226       5.48441931E-05
        5601   2.26814175       5.39522007E-05
        5641   2.26486588       5.30612233E-05
        5681   2.26229215       5.21782204E-05
        5721   2.26075768       5.13067425E-05
        5761   2.26045370       5.04493728E-05
        5801   2.26140046       4.96115063E-05
        5841   2.26344872       4.87962971E-05
        5881   2.26630211       4.80110721E-05
        5921   2.26956367       4.72551146E-05
        5961   2.27279043       4.65236481E-05
        6001   2.27555466       4.58111681E-05
        6041   2.27749848       4.51130436E-05
        6081   2.27837920       4.44299731E-05
        6121   2.27809668       4.37533236E-05
        6161   2.27670574       4.30826694E-05
        6201   2.27440596       4.24107311E-05
        6241   2.27151489       4.17359770E-05
        6281   2.26842642       4.10596513E-05
        6321   2.26555634       4.03858066E-05
        6361   2.26328802       3.97171243E-05
        6401   2.26191807       3.90571004E-05
        6441   2.26161718       3.84082014E-05
        6481   2.26240849       3.77720935E-05
        6521   2.26416612       3.71546739E-05
        6561   2.26663637       3.65576743E-05
        6601   2.26947570       3.59811129E-05
        6641   2.27229810       3.54220938E-05
        6681   2.27472878       3.48762987E-05
        6721   2.27645254       3.43419342E-05
        6761   2.27725315       3.38180434E-05
        6801   2.27703905       3.32998316E-05
        6841   2.27585387       3.27864145E-05
        6881   2.27386832       3.22727246E-05
        6921   2.27135777       3.17595877E-05
        6961   2.26866388       3.12463053E-05
        7001   2.26615024       3.07344235E-05
        7041   2.26415133       3.02297631E-05
        7081   2.26292920       2.97289025E-05
        7121   2.26263618       2.92352470E-05
        7161   2.26329613       2.87541679E-05
        7201   2.26480389       2.82861929E-05
        7241   2.26694226       2.78317693E-05
        7281   2.26941323       2.73917412E-05
        7321   2.27188134       2.69648062E-05
        7361   2.27401805       2.65477356E-05
        7401   2.27554584       2.61400619E-05
        7441   2.27627206       2.57377214E-05
        7481   2.27611351       2.53418384E-05
        7521   2.27510452       2.49496661E-05
        7561   2.27339101       2.45583087E-05
        7601   2.27121115       2.41678608E-05
        7641   2.26886201       2.37778495E-05
        7681   2.26666021       2.33908704E-05
        7721   2.26489949       2.30070327E-05
        7761   2.26380968       2.26290176E-05
        7801   2.26352715       2.22573708E-05
        7841   2.26407671       2.18915011E-05
        7881   2.26537013       2.15357359E-05
        7921   2.26722097       2.11899005E-05
        7961   2.26937151       2.08546971E-05
        8001   2.27152920       2.05285833E-05
        8041   2.27340698       2.02096380E-05
        8081   2.27476001       1.98966773E-05
        8121   2.27541780       1.95899593E-05
        8161   2.27530408       1.92872685E-05
        8201   2.27444553       1.89871862E-05
        8241   2.27296734       1.86898797E-05
        8281   2.27107477       1.83927077E-05
        8321   2.26902628       1.80964998E-05
        8361   2.26709819       1.78024748E-05
        8401   2.26554751       1.75109308E-05
        8441   2.26457644       1.72243417E-05
        8481   2.26430678       1.69419236E-05
        8521   2.26476336       1.66640930E-05
        8561   2.26587248       1.63933746E-05
        8601   2.26747417       1.61301487E-05
        8641   2.26934505       1.58747134E-05
        8681   2.27123094       1.56255883E-05
        8721   2.27288055       1.53817473E-05
        8761   2.27407885       1.51443492E-05
        8801   2.27467370       1.49099769E-05
        8841   2.27459574       1.46776329E-05
        8881   2.27386618       1.44498754E-05
        8921   2.27259111       1.42227236E-05
        8961   2.27094841       1.39967915E-05
        9001   2.26916242       1.37719644E-05
        9041   2.26747417       1.35490245E-05
        9081   2.26610851       1.33282465E-05
        9121   2.26524377       1.31107654E-05
        9161   2.26498842       1.28964657E-05
        9201   2.26536679       1.26862396E-05
        9241   2.26631737       1.24809467E-05
        9281   2.26770306       1.22807769E-05
        9321   2.26933098       1.20859995E-05
        9361   2.27097940       1.18962034E-05
        9401   2.27242827       1.17099717E-05
        9441   2.27348852       1.15274252E-05
        9481   2.27402568       1.13485794E-05
        9521   2.27397656       1.11718746E-05
        9561   2.27335691       1.09979237E-05
        9601   2.27225757       1.08251388E-05
        9641   2.27083182       1.06529205E-05
        9681   2.26927495       1.04819483E-05
        9721   2.26779675       1.03125349E-05
        9761   2.26659417       1.01453979E-05
        9801   2.26582456       9.97992538E-06
        9841   2.26558423       9.81680751E-06
        9881   2.26589680       9.65753861E-06
        9921   2.26671124       9.50199319E-06
        9961   2.26791000       9.34940272E-06
