           1   3.00000000      0.149419397    
          21   2.99149656      0.150547951    
          41   2.97448993      0.151675507    
          61   2.94896650      0.152804494    
          81   2.91490269      0.153940693    
         101   2.87227273      0.155095756    
         121   2.82105994      0.156291008    
         141   2.76127601      0.157563865    
         161   2.69298983      0.158978134    
         181   2.61637211      0.160640523    
         201   2.53175855      0.162724465    
         221   2.43974495      0.165504232    
         241   2.34132576      0.169397563    
         261   2.23808479      0.175004542    
         281   2.13246155      0.183113798    
         301   2.02808118      0.194617033    
         321   1.93012130      0.210271403    
         341   1.84559298      0.230358973    
         361   1.78327763      0.254588187    
         381   1.75291181      0.282709986    
         401   1.76322722      0.315324366    
         421   1.81902850      0.352759778    
         441   1.91864038      0.392121017    
         461   2.05374813      0.427411854    
         481   2.21226382      0.453941107    
         501   2.38228464      0.471065521    
         521   2.55466175      0.480885506    
         541   2.72353554      0.485998869    
         561   2.88569474      0.488400340    
         581   3.03968740      0.489347160    
         601   3.18510103      0.489556491    
         621   3.32208705      0.489415288    
         641   3.45107651      0.489125520    
         661   3.57261825      0.488789022    
         681   3.68729234      0.488454998    
         701   3.79566503      0.488145560    
         721   3.89826679      0.487868607    
         741   3.99558473      0.487625539    
         761   4.08805990      0.487414420    
         781   4.17608976      0.487232149    
         801   4.26002979      0.487075090    
         821   4.34019995      0.486939996    
         841   4.41688585      0.486823589    
         861   4.49034405      0.486723185    
         881   4.56080532      0.486636549    
         901   4.62847710      0.486561537    
         921   4.69354630      0.486496449    
         941   4.75618267      0.486439884    
         961   4.81653929      0.486390591    
         981   4.87475586      0.486347556    
        1001   4.93095922      0.486309826    
        1021   4.98526525      0.486276805    
        1041   5.03777981      0.486247838    
        1061   5.08860064      0.486222327    
        1081   5.13781643      0.486199826    
        1101   5.18550873      0.486179978    
        1121   5.23175430      0.486162424    
        1141   5.27662277      0.486146867    
        1161   5.32017899      0.486133099    
        1181   5.36248302      0.486120939    
        1201   5.40359116      0.486110151    
        1221   5.44355392      0.486100554    
        1241   5.48242092      0.486092031    
        1261   5.52023697      0.486084431    
        1281   5.55704403      0.486077726    
        1301   5.59288120      0.486071765    
        1321   5.62778616      0.486066520    
        1341   5.66179371      0.486061841    
        1361   5.69493580      0.486057699    
        1381   5.72724342      0.486054063    
        1401   5.75874519      0.486050814    
        1421   5.78946829      0.486048013    
        1441   5.81943846      0.486045539    
        1461   5.84868050      0.486043364    
        1481   5.87721634      0.486041486    
        1501   5.90506792      0.486039877    
        1521   5.93225574      0.486038476    
        1541   5.95879984      0.486037344    
        1561   5.98471785      0.486036330    
        1581   6.01002789      0.486035526    
        1601   6.03474617      0.486034870    
        1621   6.05888796      0.486034364    
        1641   6.08246946      0.486033976    
        1661   6.10550404      0.486033767    
        1681   6.12800598      0.486033559    
        1701   6.14998817      0.486033559    
        1721   6.17146206      0.486033589    
        1741   6.19244099      0.486033708    
        1761   6.21293497      0.486033916    
        1781   6.23295498      0.486034214    
        1801   6.25251245      0.486034513    
        1821   6.27161598      0.486034900    
        1841   6.29027510      0.486035287    
        1861   6.30849934      0.486035794    
        1881   6.32629776      0.486036330    
        1901   6.34367704      0.486036867    
        1921   6.36064672      0.486037493    
        1941   6.37721348      0.486038119    
        1961   6.39338493      0.486038774    
        1981   6.40916824      0.486039430    
        2001   6.42456913      0.486040145    
        2021   6.43959522      0.486040890    
        2041   6.45425224      0.486041665    
        2061   6.46854591      0.486042470    
        2081   6.48248243      0.486043215    
        2101   6.49606657      0.486044049    
        2121   6.50930405      0.486044824    
        2141   6.52219963      0.486045688    
        2161   6.53475857      0.486046493    
        2181   6.54698467      0.486047357    
        2201   6.55888367      0.486048251    
        2221   6.57045937      0.486049116    
        2241   6.58171463      0.486050040    
        2261   6.59265518      0.486050904    
        2281   6.60328484      0.486051768    
        2301   6.61360550      0.486052692    
        2321   6.62362242      0.486053586    
        2341   6.63333797      0.486054569    
        2361   6.64275551      0.486055464    
        2381   6.65187836      0.486056387    
        2401   6.66070938      0.486057311    
        2421   6.66925144      0.486058205    
        2441   6.67750788      0.486059159    
        2461   6.68548059      0.486060083    
        2481   6.69317245      0.486061066    
        2501   6.70058489      0.486061960    
        2521   6.70772171      0.486062944    
        2541   6.71458387      0.486063868    
        2561   6.72117424      0.486064792    
        2581   6.72749519      0.486065716    
        2601   6.73354721      0.486066669    
        2621   6.73933315      0.486067653    
        2641   6.74485493      0.486068606    
        2661   6.75011396      0.486069530    
        2681   6.75511169      0.486070454    
        2701   6.75984955      0.486071378    
        2721   6.76432848      0.486072391    
        2741   6.76855087      0.486073345    
        2761   6.77251720      0.486074269    
        2781   6.77622890      0.486075222    
        2801   6.77968693      0.486076146    
        2821   6.78289223      0.486077100    
        2841   6.78584576      0.486078084    
        2861   6.78854847      0.486078978    
        2881   6.79100132      0.486079931    
        2901   6.79320526      0.486080855    
        2921   6.79516029      0.486081809    
        2941   6.79686737      0.486082762    
        2961   6.79832697      0.486083716    
        2981   6.79953957      0.486084640    
        3001   6.80050564      0.486085653    
        3021   6.80122471      0.486086547    
        3041   6.80169868      0.486087531    
        3061   6.80192614      0.486088485    
        3081   6.80190802      0.486089408    
        3101   6.80164433      0.486090362    
        3121   6.80113506      0.486091316    
        3141   6.80037975      0.486092240    
        3161   6.79937840      0.486093163    
        3181   6.79813099      0.486094087    
        3201   6.79663754      0.486095101    
        3221   6.79489708      0.486095995    
        3241   6.79291010      0.486096919    
        3261   6.79067516      0.486097872    
        3281   6.78819180      0.486098856    
        3301   6.78546000      0.486099750    
        3321   6.78247881      0.486100703    
        3341   6.77924728      0.486101657    
        3361   6.77576542      0.486102551    
        3381   6.77203131      0.486103535    
        3401   6.76804447      0.486104429    
        3421   6.76380444      0.486105412    
        3441   6.75930882      0.486106306    
        3461   6.75455761      0.486107230    
        3481   6.74954891      0.486108184    
        3501   6.74428177      0.486109108    
        3521   6.73875427      0.486110032    
        3541   6.73296547      0.486111015    
        3561   6.72691441      0.486111969    
        3581   6.72059822      0.486112893    
        3601   6.71401501      0.486113816    
        3621   6.70716429      0.486114740    
        3641   6.70004320      0.486115664    
        3661   6.69264984      0.486116588    
        3681   6.68498230      0.486117512    
        3701   6.67703819      0.486118376    
        3721   6.66881561      0.486119300    
        3741   6.66031170      0.486120254    
        3761   6.65152359      0.486121148    
        3781   6.64244986      0.486122012    
        3801   6.63308716      0.486122966    
        3821   6.62343216      0.486123800    
        3841   6.61348248      0.486124724    
        3861   6.60323524      0.486125588    
        3881   6.59268665      0.486126482    
        3901   6.58183384      0.486127347    
        3921   6.57067299      0.486128211    
        3941   6.55920029      0.486129045    
        3961   6.54741240      0.486129880    
        3981   6.53530502      0.486130744    
        4001   6.52287483      0.486131549    
        4021   6.51011658      0.486132354    
        4041   6.49702644      0.486133158    
        4061   6.48359966      0.486133933    
        4081   6.46983147      0.486134708    
        4101   6.45571709      0.486135483    
        4121   6.44125080      0.486136168    
        4141   6.42642784      0.486136883    
        4161   6.41124249      0.486137599    
        4181   6.39568853      0.486138195    
        4201   6.37976074      0.486138850    
        4221   6.36345148      0.486139506    
        4241   6.34675503      0.486140013    
        4261   6.32966471      0.486140549    
        4281   6.31217289      0.486141086    
        4301   6.29427242      0.486141533    
        4321   6.27595520      0.486141920    
        4341   6.25721359      0.486142308    
        4361   6.23803854      0.486142576    
        4381   6.21842194      0.486142874    
        4401   6.19835424      0.486143023    
        4421   6.17782593      0.486143142    
        4441   6.15682697      0.486143172    
        4461   6.13534689      0.486143112    
        4481   6.11337423      0.486142993    
        4501   6.09089804      0.486142695    
        4521   6.06790638      0.486142337    
        4541   6.04438686      0.486141920    
        4561   6.02032614      0.486141324    
        4581   5.99570990      0.486140579    
        4601   5.97052479      0.486139655    
        4621   5.94475412      0.486138582    
        4641   5.91838264      0.486137271    
        4661   5.89139414      0.486135781    
        4681   5.86377001      0.486134082    
        4701   5.83549261      0.486132115    
        4721   5.80654192      0.486129850    
        4741   5.77689743      0.486127287    
        4761   5.74653721      0.486124396    
        4781   5.71543837      0.486121088    
        4801   5.68357658      0.486117363    
        4821   5.65092707      0.486113161    
        4841   5.61746168      0.486108452    
        4861   5.58315277      0.486103207    
        4881   5.54796839      0.486097217    
        4901   5.51187706      0.486090571    
        4921   5.47484446      0.486083120    
        4941   5.43683386      0.486074805    
        4961   5.39780617      0.486065388    
        4981   5.35772038      0.486054897    
        5001   5.31653118      0.486043096    
        5021   5.27419186      0.486029953    
        5041   5.23065186      0.486015141    
        5061   5.18585634      0.485998511    
        5081   5.13974667      0.485979766    
        5101   5.09226084      0.485958695    
        5121   5.04333019      0.485934883    
        5141   4.99288273      0.485908091    
        5161   4.94083977      0.485877812    
        5181   4.88711548      0.485843509    
        5201   4.83161783      0.485804588    
        5221   4.77424717      0.485760391    
        5241   4.71489334      0.485710144    
        5261   4.65343857      0.485652894    
        5281   4.58975220      0.485587507    
        5301   4.52369308      0.485512674    
        5321   4.45510483      0.485426962    
        5341   4.38381767      0.485328674    
        5361   4.30964279      0.485215724    
        5381   4.23237324      0.485085845    
        5401   4.15178013      0.484936595    
        5421   4.06761026      0.484765172    
        5441   3.97958422      0.484568834    
        5461   3.88739204      0.484345257    
        5481   3.79069018      0.484092593    
        5501   3.68910027      0.483811677    
        5521   3.58220434      0.483507544    
        5541   3.46954584      0.483193517    
        5561   3.35063076      0.482899249    
        5581   3.22493339      0.482684076    
        5601   3.09191322      0.482662261    
        5621   2.95104551      0.483049423    
        5641   2.80188036      0.484248132    
        5661   2.64415097      0.487003207    
        5681   2.47796273      0.492677063    
        5701   2.30412889      0.503710091    
        5721   2.12474346      0.524287939    
        5741   1.94414091      0.560995698    
        5761   1.77040672      0.622547328    
        5781   1.61747718      0.716920018    
        5801   1.50721884      0.847036541    
        5821   1.46913004       1.01617658    
        5841   1.53282380       1.23985565    
        5861   1.71057105       1.50182295    
        5881   1.98247910       1.71515405    
        5901   2.30723953       1.82903910    
        5921   2.64922094       1.87062907    
        5941   2.98988199       1.87880671    
        5961   3.32285643       1.87515247    
        5981   3.64731169       1.86853516    
        6001   3.96432257       1.86207855    
        6021   4.27537870       1.85667968    
        6041   4.58186436       1.85244286    
        6061   4.88491583       1.84921992    
        6081   5.18541908       1.84680998    
        6101   5.48404503       1.84502566    
        6121   5.78129292       1.84371305    
        6141   6.07753372       1.84275079    
        6161   6.37303972       1.84204769    
        6181   6.66801071       1.84153438    
        6201   6.96259069       1.84116054    
        6221   7.25688648       1.84088826    
        6241   7.55097675       1.84069014    
        6261   7.84491634       1.84054589    
        6281   8.13874626       1.84044123    
        6301   8.43249702       1.84036517    
        6321   8.72619057       1.84030974    
        6341   9.01984215       1.84026957    
        6361   9.31346321       1.84024024    
        6381   9.60706139       1.84021914    
        6401   9.90064430       1.84020364    
        6421   10.1942158       1.84019232    
        6441   10.4877787       1.84018421    
        6461   10.7813349       1.84017849    
        6481   11.0748863       1.84017420    
        6501   11.3684349       1.84017086    
        6521   11.6619816       1.84016871    
        6541   11.9555264       1.84016705    
        6561   12.2490692       1.84016585    
        6581   12.5426121       1.84016502    
        6601   12.8361540       1.84016430    
        6621   13.1296959       1.84016383    
        6641   13.4232368       1.84016335    
        6661   13.7167778       1.84016299    
        6681   14.0103178       1.84016287    
        6701   14.3038578       1.84016299    
        6721   14.5973988       1.84016275    
        6741   14.8909397       1.84016275    
        6761   15.1844797       1.84016263    
        6781   15.4780197       1.84016252    
        6801   15.7715607       1.84016252    
        6821   16.0651016       1.84016252    
        6841   16.3586426       1.84016252    
        6861   16.6521816       1.84016263    
        6881   16.9457226       1.84016275    
        6901   17.2392616       1.84016275    
        6921   17.5328026       1.84016275    
        6941   17.8263435       1.84016275    
        6961   18.1198826       1.84016275    
        6981   18.4134216       1.84016275    
        7001   18.7069626       1.84016275    
        7021   19.0005035       1.84016275    
        7041   19.2940426       1.84016275    
        7061   19.5875816       1.84016275    
        7081   19.8811226       1.84016275    
        7101   20.1746635       1.84016275    
        7121   20.4682026       1.84016275    
        7141   20.7617416       1.84016275    
        7161   21.0552826       1.84016275    
        7181   21.3488235       1.84016275    
        7201   21.6423626       1.84016275    
        7221   21.9359016       1.84016275    
        7241   22.2294426       1.84016275    
        7261   22.5229836       1.84016275    
        7281   22.8165226       1.84016275    
        7301   23.1100616       1.84016275    
        7321   23.4036026       1.84016275    
        7341   23.6971436       1.84016275    
        7361   23.9906826       1.84016275    
        7381   24.2842216       1.84016275    
        7401   24.5777626       1.84016275    
        7421   24.8713036       1.84016275    
        7441   25.1648426       1.84016275    
        7461   25.4583817       1.84016275    
        7481   25.7519226       1.84016275    
        7501   26.0454636       1.84016275    
        7521   26.3390026       1.84016275    
        7541   26.6325417       1.84016275    
        7561   26.9260826       1.84016275    
        7581   27.2196236       1.84016275    
        7601   27.5131626       1.84016275    
        7621   27.8067017       1.84016275    
        7641   28.1002426       1.84016275    
        7661   28.3937836       1.84016275    
        7681   28.6873226       1.84016275    
        7701   28.9808617       1.84016275    
        7721   29.2744026       1.84016275    
        7741   29.5679436       1.84016275    
        7761   29.8614826       1.84016275    
        7781   30.1550217       1.84016275    
        7801   30.4485626       1.84016275    
        7821   30.7421036       1.84016275    
        7841   31.0356426       1.84016275    
        7861   31.3291836       1.84016275    
        7881   31.6227245       1.84016275    
        7901   31.9162655       1.84016275    
        7921   32.2098083       1.84016275    
        7941   32.5033493       1.84016275    
        7961   32.7968903       1.84016275    
        7981   33.0904312       1.84016275    
        8001   33.3839722       1.84016275    
        8021   33.6775131       1.84016275    
        8041   33.9710541       1.84016275    
        8061   34.2645950       1.84016275    
        8081   34.5581360       1.84016275    
        8101   34.8516769       1.84016275    
        8121   35.1452179       1.84016275    
        8141   35.4387589       1.84016275    
        8161   35.7322998       1.84016275    
        8181   36.0258408       1.84016275    
        8201   36.3193817       1.84016275    
        8221   36.6129227       1.84016275    
        8241   36.9064636       1.84016275    
        8261   37.2000046       1.84016275    
        8281   37.4935455       1.84016275    
        8301   37.7870865       1.84016275    
        8321   38.0806274       1.84016275    
        8341   38.3741684       1.84016275    
        8361   38.6677094       1.84016275    
        8381   38.9612503       1.84016275    
        8401   39.2547913       1.84016275    
        8421   39.5483322       1.84016275    
        8441   39.8418732       1.84016275    
        8461   40.1354141       1.84016275    
        8481   40.4289551       1.84016275    
        8501   40.7224960       1.84016275    
        8521   41.0160370       1.84016275    
        8541   41.3095779       1.84016275    
        8561   41.6031189       1.84016275    
        8581   41.8966599       1.84016275    
        8601   42.1902008       1.84016275    
        8621   42.4837418       1.84016275    
        8641   42.7772827       1.84016275    
        8661   43.0708237       1.84016275    
        8681   43.3643646       1.84016275    
        8701   43.6579056       1.84016275    
        8721   43.9514465       1.84016275    
        8741   44.2449875       1.84016275    
        8761   44.5385284       1.84016275    
        8781   44.8320694       1.84016275    
        8801   45.1256104       1.84016275    
        8821   45.4191513       1.84016275    
        8841   45.7126923       1.84016275    
        8861   46.0062332       1.84016275    
        8881   46.2997742       1.84016275    
        8901   46.5933151       1.84016275    
        8921   46.8868561       1.84016275    
        8941   47.1803970       1.84016275    
        8961   47.4739380       1.84016275    
        8981   47.7674789       1.84016275    
        9001   48.0610199       1.84016275    
        9021   48.3545609       1.84016275    
        9041   48.6481018       1.84016275    
        9061   48.9416428       1.84016275    
        9081   49.2351837       1.84016275    
        9101   49.5287247       1.84016275    
        9121   49.8222656       1.84016275    
        9141   50.1158066       1.84016275    
        9161   50.4093475       1.84016275    
        9181   50.7028885       1.84016275    
        9201   50.9964294       1.84016275    
        9221   51.2899704       1.84016275    
        9241   51.5835114       1.84016275    
        9261   51.8770523       1.84016275    
        9281   52.1705933       1.84016275    
        9301   52.4641342       1.84016275    
        9321   52.7576752       1.84016275    
        9341   53.0512161       1.84016275    
        9361   53.3447571       1.84016275    
        9381   53.6382980       1.84016275    
        9401   53.9318390       1.84016275    
        9421   54.2253799       1.84016275    
        9441   54.5189209       1.84016275    
        9461   54.8124619       1.84016275    
        9481   55.1060028       1.84016275    
        9501   55.3995438       1.84016275    
        9521   55.6930847       1.84016275    
        9541   55.9866257       1.84016275    
        9561   56.2801666       1.84016275    
        9581   56.5737076       1.84016275    
        9601   56.8672485       1.84016275    
        9621   57.1607895       1.84016275    
        9641   57.4543304       1.84016275    
        9661   57.7478714       1.84016275    
        9681   58.0414124       1.84016275    
        9701   58.3349533       1.84016275    
        9721   58.6284943       1.84016275    
        9741   58.9220352       1.84016275    
        9761   59.2155762       1.84016275    
        9781   59.5091133       1.84016275    
        9801   59.8026505       1.84016275    
        9821   60.0961914       1.84016275    
        9841   60.3897324       1.84016275    
        9861   60.6832695       1.84016275    
        9881   60.9768066       1.84016275    
        9901   61.2703476       1.84016275    
        9921   61.5638885       1.84016275    
        9941   61.8574257       1.84016275    
        9961   62.1509628       1.84016275    
        9981   62.4445038       1.84016275    
