           1   619.546753      0.722963631    
         101   620.152954      0.722963631    
         201   620.759155      0.722963631    
         301   621.365356      0.722963631    
         401   621.971558      0.722963631    
         501   622.577759      0.722963631    
         601   623.183960      0.722963631    
         701   623.790222      0.722963631    
         801   624.396423      0.722963631    
         901   625.002625      0.722963631    
        1001   625.608826      0.722963631    
        1101   626.215027      0.722963631    
        1201   626.821228      0.722963631    
        1301   627.427429      0.722963631    
        1401   628.033630      0.722963631    
        1501   628.639832      0.722963631    
        1601   629.246033      0.722963631    
        1701   629.852234      0.722963631    
        1801   630.458435      0.722963631    
        1901   631.064636      0.722963631    
        2001   631.670837      0.722963631    
        2101   632.277100      0.722963631    
        2201   632.883301      0.722963631    
        2301   633.489502      0.722963631    
        2401   634.095703      0.722963631    
        2501   634.701904      0.722963631    
        2601   635.308105      0.722963631    
        2701   635.914307      0.722963631    
        2801   636.520508      0.722963631    
        2901   637.126709      0.722963631    
        3001   637.732910      0.722963631    
        3101   638.339111      0.722963631    
        3201   638.945312      0.722963631    
        3301   639.551514      0.722963631    
        3401   640.157715      0.722963631    
        3501   640.763916      0.722963631    
        3601   641.370117      0.722963631    
        3701   641.976379      0.722963631    
        3801   642.582581      0.722963631    
        3901   643.188782      0.722963631    
        4001   643.794983      0.722963631    
        4101   644.401184      0.722963631    
        4201   645.007385      0.722963631    
        4301   645.613586      0.722963631    
        4401   646.219788      0.722963631    
        4501   646.825989      0.722963631    
        4601   647.432190      0.722963631    
        4701   648.038391      0.722963631    
        4801   648.644592      0.722963631    
        4901   649.250793      0.722963631    
        5001   649.856995      0.722963631    
        5101   650.463196      0.722963631    
        5201   651.069458      0.722963631    
        5301   651.675659      0.722963631    
        5401   652.281860      0.722963631    
        5501   652.888062      0.722963631    
        5601   653.494263      0.722963631    
        5701   654.100464      0.722963631    
        5801   654.706665      0.722963631    
        5901   655.312866      0.722963631    
        6001   655.919067      0.722963631    
        6101   656.525269      0.722963631    
        6201   657.131470      0.722963631    
        6301   657.737671      0.722963631    
        6401   658.343872      0.722963631    
        6501   658.950073      0.722963631    
        6601   659.556274      0.722963631    
        6701   660.162476      0.722963631    
        6801   660.768677      0.722963631    
        6901   661.374939      0.722963631    
        7001   661.981140      0.722963631    
        7101   662.587341      0.722963631    
        7201   663.193542      0.722963631    
        7301   663.799744      0.722963631    
        7401   664.405945      0.722963631    
        7501   665.012146      0.722963631    
        7601   665.618347      0.722963631    
        7701   666.224548      0.722963631    
        7801   666.830750      0.722963631    
        7901   667.436951      0.722963631    
        8001   668.043152      0.722963631    
        8101   668.649353      0.722963631    
        8201   669.255554      0.722963631    
        8301   669.861755      0.722963631    
        8401   670.468018      0.722963631    
        8501   671.074219      0.722963631    
        8601   671.680420      0.722963631    
        8701   672.286621      0.722963631    
        8801   672.892822      0.722963631    
        8901   673.499023      0.722963631    
        9001   674.105225      0.722963631    
        9101   674.711426      0.722963631    
        9201   675.317627      0.722963631    
        9301   675.923828      0.722963631    
        9401   676.530029      0.722963631    
        9501   677.136230      0.722963631    
        9601   677.742432      0.722963631    
        9701   678.348633      0.722963631    
        9801   678.954834      0.722963631    
        9901   679.561035      0.722963631    
