           1   793.172974      0.722963631    
         101   793.779175      0.722963631    
         201   794.385376      0.722963631    
         301   794.991577      0.722963631    
         401   795.597778      0.722963631    
         501   796.203979      0.722963631    
         601   796.810181      0.722963631    
         701   797.416443      0.722963631    
         801   798.022644      0.722963631    
         901   798.628845      0.722963631    
        1001   799.235046      0.722963631    
        1101   799.841248      0.722963631    
        1201   800.447449      0.722963631    
        1301   801.053650      0.722963631    
        1401   801.659851      0.722963631    
        1501   802.266052      0.722963631    
        1601   802.872253      0.722963631    
        1701   803.478455      0.722963631    
        1801   804.084656      0.722963631    
        1901   804.690857      0.722963631    
        2001   805.297058      0.722963631    
        2101   805.903320      0.722963631    
        2201   806.509521      0.722963631    
        2301   807.115723      0.722963631    
        2401   807.721924      0.722963631    
        2501   808.328125      0.722963631    
        2601   808.934326      0.722963631    
        2701   809.540527      0.722963631    
        2801   810.146729      0.722963631    
        2901   810.752930      0.722963631    
        3001   811.359131      0.722963631    
        3101   811.965332      0.722963631    
        3201   812.571533      0.722963631    
        3301   813.177734      0.722963631    
        3401   813.783936      0.722963631    
        3501   814.390137      0.722963631    
        3601   814.996338      0.722963631    
        3701   815.602600      0.722963631    
        3801   816.208801      0.722963631    
        3901   816.815002      0.722963631    
        4001   817.421204      0.722963631    
        4101   818.027405      0.722963631    
        4201   818.633606      0.722963631    
        4301   819.239807      0.722963631    
        4401   819.846008      0.722963631    
        4501   820.452209      0.722963631    
        4601   821.058411      0.722963631    
        4701   821.664612      0.722963631    
        4801   822.270813      0.722963631    
        4901   822.877014      0.722963631    
        5001   823.483215      0.722963631    
        5101   824.089417      0.722963631    
        5201   824.695618      0.722963631    
        5301   825.301880      0.722963631    
        5401   825.908081      0.722963631    
        5501   826.514282      0.722963631    
        5601   827.120483      0.722963631    
        5701   827.726685      0.722963631    
        5801   828.332886      0.722963631    
        5901   828.939087      0.722963631    
        6001   829.545288      0.722963631    
        6101   830.151489      0.722963631    
        6201   830.757690      0.722963631    
        6301   831.363892      0.722963631    
        6401   831.970093      0.722963631    
        6501   832.576294      0.722963631    
        6601   833.182495      0.722963631    
        6701   833.788696      0.722963631    
        6801   834.394897      0.722963631    
        6901   835.001160      0.722963631    
        7001   835.607361      0.722963631    
        7101   836.213562      0.722963631    
        7201   836.819763      0.722963631    
        7301   837.425964      0.722963631    
        7401   838.032166      0.722963631    
        7501   838.638367      0.722963631    
        7601   839.244568      0.722963631    
        7701   839.850769      0.722963631    
        7801   840.456970      0.722963631    
        7901   841.063171      0.722963631    
        8001   841.669373      0.722963631    
        8101   842.275574      0.722963631    
        8201   842.881775      0.722963631    
        8301   843.487976      0.722963631    
        8401   844.094177      0.722963631    
        8501   844.700439      0.722963631    
        8601   845.306641      0.722963631    
        8701   845.912842      0.722963631    
        8801   846.519043      0.722963631    
        8901   847.125244      0.722963631    
        9001   847.731445      0.722963631    
        9101   848.337646      0.722963631    
        9201   848.943848      0.722963631    
        9301   849.550049      0.722963631    
        9401   850.156250      0.722963631    
        9501   850.762451      0.722963631    
        9601   851.368652      0.722963631    
        9701   851.974854      0.722963631    
        9801   852.581055      0.722963631    
        9901   853.187256      0.722963631    
