           1   2.29999995       9.74393217E-04
         101   2.27303720       1.82491366E-03
         201   2.21911216       3.61342658E-03
         301   2.16206288       7.63447303E-03
         401   2.15631938       1.66518334E-02
         501   2.27048159       3.65191698E-02
         601   2.51214623       6.28229678E-02
         701   2.75305796       8.73750225E-02
         801   2.84105587      0.114674233    
         901   2.72155714      0.143731385    
        1001   2.38863897      0.187479407    
        1101   1.85180521      0.410462767    
        1201   1.22338903       2.23641133    
        1301   1.37386489       22.6735001    
        1401   7.21426010       58.0847054    
        1501   16.8116150       58.0420532    
        1601   26.4050369       58.0420532    
        1701   35.9984589       58.0420532    
        1801   45.5918808       58.0420532    
        1901   55.1853027       58.0420532    
        2001   64.7787247       58.0420532    
        2101   74.3721466       58.0420532    
        2201   83.9655762       58.0420532    
        2301   93.5590057       58.0420532    
        2401   103.152428       58.0420532    
        2501   112.745850       58.0420532    
        2601   122.339279       58.0420532    
        2701   131.932709       58.0420532    
        2801   141.526123       58.0420532    
        2901   151.119537       58.0420532    
        3001   160.712967       58.0420532    
        3101   170.306396       58.0420532    
        3201   179.899811       58.0420532    
        3301   189.493225       58.0420532    
        3401   199.086655       58.0420532    
        3501   208.680084       58.0420532    
        3601   218.273499       58.0420532    
        3701   227.866928       58.0420532    
        3801   237.460358       58.0420532    
        3901   247.053787       58.0420532    
        4001   256.647217       58.0420532    
        4101   266.240662       58.0420532    
        4201   275.834076       58.0420532    
        4301   285.427490       58.0420532    
        4401   295.020935       58.0420532    
        4501   304.614380       58.0420532    
        4601   314.207794       58.0420532    
        4701   323.801208       58.0420532    
        4801   333.394653       58.0420532    
        4901   342.988098       58.0420532    
        5001   352.581512       58.0420532    
        5101   362.174927       58.0420532    
        5201   371.768372       58.0420532    
        5301   381.361816       58.0420532    
        5401   390.955231       58.0420532    
        5501   400.548645       58.0420532    
        5601   410.142090       58.0420532    
        5701   419.735535       58.0420532    
        5801   429.328949       58.0420532    
        5901   438.922363       58.0420532    
        6001   448.515808       58.0420532    
        6101   458.109222       58.0420532    
        6201   467.702637       58.0420532    
        6301   477.296051       58.0420532    
        6401   486.889465       58.0420532    
        6501   496.482880       58.0420532    
        6601   506.076294       58.0420532    
        6701   515.669678       58.0420532    
        6801   525.263123       58.0420532    
        6901   534.856567       58.0420532    
        7001   544.449951       58.0420532    
        7101   554.043335       58.0420532    
        7201   563.636780       58.0420532    
        7301   573.230225       58.0420532    
        7401   582.823608       58.0420532    
        7501   592.416992       58.0420532    
        7601   602.010437       58.0420532    
        7701   611.603882       58.0420532    
        7801   621.197266       58.0420532    
        7901   630.790649       58.0420532    
        8001   640.384094       58.0420532    
        8101   649.977539       58.0420532    
        8201   659.570923       58.0420532    
        8301   669.164307       58.0420532    
        8401   678.757751       58.0420532    
        8501   688.351196       58.0420532    
        8601   697.944580       58.0420532    
        8701   707.537964       58.0420532    
        8801   717.131409       58.0420532    
        8901   726.724854       58.0420532    
        9001   736.318237       58.0420532    
        9101   745.911621       58.0420532    
        9201   755.505066       58.0420532    
        9301   765.098511       58.0420532    
        9401   774.691895       58.0420532    
        9501   784.285278       58.0420532    
        9601   793.878723       58.0420532    
        9701   803.472168       58.0420532    
        9801   813.065552       58.0420532    
        9901   822.658936       58.0420532    
