           1   30.2651405      0.722963631    
          21   30.3863831      0.722963631    
          41   30.5076256      0.722963631    
          61   30.6288681      0.722963631    
          81   30.7501106      0.722963631    
         101   30.8713531      0.722963631    
         121   30.9925957      0.722963631    
         141   31.1138382      0.722963631    
         161   31.2350807      0.722963631    
         181   31.3563232      0.722963631    
         201   31.4775658      0.722963631    
         221   31.5988083      0.722963631    
         241   31.7200508      0.722963631    
         261   31.8412933      0.722963631    
         281   31.9625359      0.722963631    
         301   32.0837784      0.722963631    
         321   32.2050209      0.722963631    
         341   32.3262634      0.722963631    
         361   32.4475060      0.722963631    
         381   32.5687485      0.722963631    
         401   32.6899910      0.722963631    
         421   32.8112335      0.722963631    
         441   32.9324760      0.722963631    
         461   33.0537186      0.722963631    
         481   33.1749611      0.722963631    
         501   33.2962036      0.722963631    
         521   33.4174461      0.722963631    
         541   33.5386887      0.722963631    
         561   33.6599312      0.722963631    
         581   33.7811737      0.722963631    
         601   33.9024162      0.722963631    
         621   34.0236588      0.722963631    
         641   34.1449013      0.722963631    
         661   34.2661438      0.722963631    
         681   34.3873863      0.722963631    
         701   34.5086288      0.722963631    
         721   34.6298714      0.722963631    
         741   34.7511139      0.722963631    
         761   34.8723564      0.722963631    
         781   34.9935989      0.722963631    
         801   35.1148415      0.722963631    
         821   35.2360840      0.722963631    
         841   35.3573265      0.722963631    
         861   35.4785690      0.722963631    
         881   35.5998116      0.722963631    
         901   35.7210541      0.722963631    
         921   35.8422966      0.722963631    
         941   35.9635391      0.722963631    
         961   36.0847816      0.722963631    
         981   36.2060242      0.722963631    
        1001   36.3272667      0.722963631    
        1021   36.4485092      0.722963631    
        1041   36.5697517      0.722963631    
        1061   36.6909943      0.722963631    
        1081   36.8122368      0.722963631    
        1101   36.9334793      0.722963631    
        1121   37.0547218      0.722963631    
        1141   37.1759644      0.722963631    
        1161   37.2972069      0.722963631    
        1181   37.4184494      0.722963631    
        1201   37.5396919      0.722963631    
        1221   37.6609344      0.722963631    
        1241   37.7821770      0.722963631    
        1261   37.9034195      0.722963631    
        1281   38.0246620      0.722963631    
        1301   38.1459045      0.722963631    
        1321   38.2671471      0.722963631    
        1341   38.3883896      0.722963631    
        1361   38.5096321      0.722963631    
        1381   38.6308746      0.722963631    
        1401   38.7521172      0.722963631    
        1421   38.8733597      0.722963631    
        1441   38.9946022      0.722963631    
        1461   39.1158447      0.722963631    
        1481   39.2370872      0.722963631    
        1501   39.3583298      0.722963631    
        1521   39.4795723      0.722963631    
        1541   39.6008148      0.722963631    
        1561   39.7220573      0.722963631    
        1581   39.8432999      0.722963631    
        1601   39.9645424      0.722963631    
        1621   40.0857849      0.722963631    
        1641   40.2070274      0.722963631    
        1661   40.3282700      0.722963631    
        1681   40.4495125      0.722963631    
        1701   40.5707550      0.722963631    
        1721   40.6919975      0.722963631    
        1741   40.8132401      0.722963631    
        1761   40.9344826      0.722963631    
        1781   41.0557251      0.722963631    
        1801   41.1769676      0.722963631    
        1821   41.2982101      0.722963631    
        1841   41.4194527      0.722963631    
        1861   41.5406952      0.722963631    
        1881   41.6619377      0.722963631    
        1901   41.7831802      0.722963631    
        1921   41.9044228      0.722963631    
        1941   42.0256653      0.722963631    
        1961   42.1469078      0.722963631    
        1981   42.2681503      0.722963631    
        2001   42.3893929      0.722963631    
        2021   42.5106354      0.722963631    
        2041   42.6318779      0.722963631    
        2061   42.7531204      0.722963631    
        2081   42.8743629      0.722963631    
        2101   42.9956055      0.722963631    
        2121   43.1168480      0.722963631    
        2141   43.2380905      0.722963631    
        2161   43.3593330      0.722963631    
        2181   43.4805756      0.722963631    
        2201   43.6018181      0.722963631    
        2221   43.7230606      0.722963631    
        2241   43.8443031      0.722963631    
        2261   43.9655457      0.722963631    
        2281   44.0867882      0.722963631    
        2301   44.2080307      0.722963631    
        2321   44.3292732      0.722963631    
        2341   44.4505157      0.722963631    
        2361   44.5717583      0.722963631    
        2381   44.6930008      0.722963631    
        2401   44.8142433      0.722963631    
        2421   44.9354858      0.722963631    
        2441   45.0567284      0.722963631    
        2461   45.1779709      0.722963631    
        2481   45.2992134      0.722963631    
        2501   45.4204559      0.722963631    
        2521   45.5416985      0.722963631    
        2541   45.6629410      0.722963631    
        2561   45.7841835      0.722963631    
        2581   45.9054260      0.722963631    
        2601   46.0266685      0.722963631    
        2621   46.1479111      0.722963631    
        2641   46.2691536      0.722963631    
        2661   46.3903961      0.722963631    
        2681   46.5116386      0.722963631    
        2701   46.6328812      0.722963631    
        2721   46.7541237      0.722963631    
        2741   46.8753662      0.722963631    
        2761   46.9966087      0.722963631    
        2781   47.1178513      0.722963631    
        2801   47.2390938      0.722963631    
        2821   47.3603363      0.722963631    
        2841   47.4815788      0.722963631    
        2861   47.6028214      0.722963631    
        2881   47.7240639      0.722963631    
        2901   47.8453064      0.722963631    
        2921   47.9665489      0.722963631    
        2941   48.0877914      0.722963631    
        2961   48.2090340      0.722963631    
        2981   48.3302765      0.722963631    
        3001   48.4515190      0.722963631    
        3021   48.5727615      0.722963631    
        3041   48.6940041      0.722963631    
        3061   48.8152466      0.722963631    
        3081   48.9364891      0.722963631    
        3101   49.0577316      0.722963631    
        3121   49.1789742      0.722963631    
        3141   49.3002167      0.722963631    
        3161   49.4214592      0.722963631    
        3181   49.5427017      0.722963631    
        3201   49.6639442      0.722963631    
        3221   49.7851868      0.722963631    
        3241   49.9064293      0.722963631    
        3261   50.0276718      0.722963631    
        3281   50.1489143      0.722963631    
        3301   50.2701569      0.722963631    
        3321   50.3913994      0.722963631    
        3341   50.5126419      0.722963631    
        3361   50.6338844      0.722963631    
        3381   50.7551270      0.722963631    
        3401   50.8763695      0.722963631    
        3421   50.9976120      0.722963631    
        3441   51.1188545      0.722963631    
        3461   51.2400970      0.722963631    
        3481   51.3613396      0.722963631    
        3501   51.4825821      0.722963631    
        3521   51.6038246      0.722963631    
        3541   51.7250671      0.722963631    
        3561   51.8463097      0.722963631    
        3581   51.9675522      0.722963631    
        3601   52.0887947      0.722963631    
        3621   52.2100372      0.722963631    
        3641   52.3312798      0.722963631    
        3661   52.4525223      0.722963631    
        3681   52.5737648      0.722963631    
        3701   52.6950073      0.722963631    
        3721   52.8162498      0.722963631    
        3741   52.9374924      0.722963631    
        3761   53.0587349      0.722963631    
        3781   53.1799774      0.722963631    
        3801   53.3012199      0.722963631    
        3821   53.4224625      0.722963631    
        3841   53.5437050      0.722963631    
        3861   53.6649475      0.722963631    
        3881   53.7861900      0.722963631    
        3901   53.9074326      0.722963631    
        3921   54.0286751      0.722963631    
        3941   54.1499176      0.722963631    
        3961   54.2711601      0.722963631    
        3981   54.3924026      0.722963631    
        4001   54.5136452      0.722963631    
        4021   54.6348877      0.722963631    
        4041   54.7561302      0.722963631    
        4061   54.8773727      0.722963631    
        4081   54.9986153      0.722963631    
        4101   55.1198578      0.722963631    
        4121   55.2411003      0.722963631    
        4141   55.3623428      0.722963631    
        4161   55.4835854      0.722963631    
        4181   55.6048279      0.722963631    
        4201   55.7260704      0.722963631    
        4221   55.8473129      0.722963631    
        4241   55.9685555      0.722963631    
        4261   56.0897980      0.722963631    
        4281   56.2110405      0.722963631    
        4301   56.3322830      0.722963631    
        4321   56.4535255      0.722963631    
        4341   56.5747681      0.722963631    
        4361   56.6960106      0.722963631    
        4381   56.8172531      0.722963631    
        4401   56.9384956      0.722963631    
        4421   57.0597382      0.722963631    
        4441   57.1809807      0.722963631    
        4461   57.3022232      0.722963631    
        4481   57.4234657      0.722963631    
        4501   57.5447083      0.722963631    
        4521   57.6659508      0.722963631    
        4541   57.7871933      0.722963631    
        4561   57.9084358      0.722963631    
        4581   58.0296783      0.722963631    
        4601   58.1509209      0.722963631    
        4621   58.2721634      0.722963631    
        4641   58.3934059      0.722963631    
        4661   58.5146484      0.722963631    
        4681   58.6358910      0.722963631    
        4701   58.7571335      0.722963631    
        4721   58.8783760      0.722963631    
        4741   58.9996185      0.722963631    
        4761   59.1208611      0.722963631    
        4781   59.2421036      0.722963631    
        4801   59.3633461      0.722963631    
        4821   59.4845886      0.722963631    
        4841   59.6058311      0.722963631    
        4861   59.7270737      0.722963631    
        4881   59.8483162      0.722963631    
        4901   59.9695587      0.722963631    
        4921   60.0908012      0.722963631    
        4941   60.2120438      0.722963631    
        4961   60.3332863      0.722963631    
        4981   60.4545288      0.722963631    
        5001   60.5757713      0.722963631    
        5021   60.6970139      0.722963631    
        5041   60.8182564      0.722963631    
        5061   60.9394989      0.722963631    
        5081   61.0607414      0.722963631    
        5101   61.1819839      0.722963631    
        5121   61.3032265      0.722963631    
        5141   61.4244690      0.722963631    
        5161   61.5457115      0.722963631    
        5181   61.6669540      0.722963631    
        5201   61.7881966      0.722963631    
        5221   61.9094391      0.722963631    
        5241   62.0306816      0.722963631    
        5261   62.1519241      0.722963631    
        5281   62.2731705      0.722963631    
        5301   62.3944092      0.722963631    
        5321   62.5156555      0.722963631    
        5341   62.6368942      0.722963631    
        5361   62.7581406      0.722963631    
        5381   62.8793793      0.722963631    
        5401   63.0006256      0.722963631    
        5421   63.1218643      0.722963631    
        5441   63.2431107      0.722963631    
        5461   63.3643494      0.722963631    
        5481   63.4855957      0.722963631    
        5501   63.6068344      0.722963631    
        5521   63.7280807      0.722963631    
        5541   63.8493195      0.722963631    
        5561   63.9705658      0.722963631    
        5581   64.0918045      0.722963631    
        5601   64.2130508      0.722963631    
        5621   64.3342896      0.722963631    
        5641   64.4555359      0.722963631    
        5661   64.5767746      0.722963631    
        5681   64.6980209      0.722963631    
        5701   64.8192596      0.722963631    
        5721   64.9405060      0.722963631    
        5741   65.0617447      0.722963631    
        5761   65.1829910      0.722963631    
        5781   65.3042297      0.722963631    
        5801   65.4254761      0.722963631    
        5821   65.5467148      0.722963631    
        5841   65.6679611      0.722963631    
        5861   65.7891998      0.722963631    
        5881   65.9104462      0.722963631    
        5901   66.0316849      0.722963631    
        5921   66.1529312      0.722963631    
        5941   66.2741699      0.722963631    
        5961   66.3954163      0.722963631    
        5981   66.5166550      0.722963631    
        6001   66.6379013      0.722963631    
        6021   66.7591400      0.722963631    
        6041   66.8803864      0.722963631    
        6061   67.0016251      0.722963631    
        6081   67.1228714      0.722963631    
        6101   67.2441101      0.722963631    
        6121   67.3653564      0.722963631    
        6141   67.4865952      0.722963631    
        6161   67.6078415      0.722963631    
        6181   67.7290802      0.722963631    
        6201   67.8503265      0.722963631    
        6221   67.9715652      0.722963631    
        6241   68.0928116      0.722963631    
        6261   68.2140503      0.722963631    
        6281   68.3352966      0.722963631    
        6301   68.4565353      0.722963631    
        6321   68.5777817      0.722963631    
        6341   68.6990204      0.722963631    
        6361   68.8202667      0.722963631    
        6381   68.9415054      0.722963631    
        6401   69.0627518      0.722963631    
        6421   69.1839905      0.722963631    
        6441   69.3052368      0.722963631    
        6461   69.4264755      0.722963631    
        6481   69.5477219      0.722963631    
        6501   69.6689606      0.722963631    
        6521   69.7902069      0.722963631    
        6541   69.9114456      0.722963631    
        6561   70.0326920      0.722963631    
        6581   70.1539307      0.722963631    
        6601   70.2751770      0.722963631    
        6621   70.3964157      0.722963631    
        6641   70.5176620      0.722963631    
        6661   70.6389008      0.722963631    
        6681   70.7601471      0.722963631    
        6701   70.8813858      0.722963631    
        6721   71.0026321      0.722963631    
        6741   71.1238708      0.722963631    
        6761   71.2451172      0.722963631    
        6781   71.3663559      0.722963631    
        6801   71.4876022      0.722963631    
        6821   71.6088409      0.722963631    
        6841   71.7300873      0.722963631    
        6861   71.8513260      0.722963631    
        6881   71.9725723      0.722963631    
        6901   72.0938110      0.722963631    
        6921   72.2150574      0.722963631    
        6941   72.3362961      0.722963631    
        6961   72.4575424      0.722963631    
        6981   72.5787811      0.722963631    
        7001   72.7000275      0.722963631    
        7021   72.8212662      0.722963631    
        7041   72.9425125      0.722963631    
        7061   73.0637512      0.722963631    
        7081   73.1849976      0.722963631    
        7101   73.3062363      0.722963631    
        7121   73.4274826      0.722963631    
        7141   73.5487213      0.722963631    
        7161   73.6699677      0.722963631    
        7181   73.7912064      0.722963631    
        7201   73.9124527      0.722963631    
        7221   74.0336914      0.722963631    
        7241   74.1549377      0.722963631    
        7261   74.2761765      0.722963631    
        7281   74.3974228      0.722963631    
        7301   74.5186615      0.722963631    
        7321   74.6399078      0.722963631    
        7341   74.7611465      0.722963631    
        7361   74.8823929      0.722963631    
        7381   75.0036316      0.722963631    
        7401   75.1248779      0.722963631    
        7421   75.2461166      0.722963631    
        7441   75.3673630      0.722963631    
        7461   75.4886017      0.722963631    
        7481   75.6098480      0.722963631    
        7501   75.7310867      0.722963631    
        7521   75.8523331      0.722963631    
        7541   75.9735718      0.722963631    
        7561   76.0948181      0.722963631    
        7581   76.2160568      0.722963631    
        7601   76.3373032      0.722963631    
        7621   76.4585419      0.722963631    
        7641   76.5797882      0.722963631    
        7661   76.7010269      0.722963631    
        7681   76.8222733      0.722963631    
        7701   76.9435120      0.722963631    
        7721   77.0647583      0.722963631    
        7741   77.1859970      0.722963631    
        7761   77.3072433      0.722963631    
        7781   77.4284821      0.722963631    
        7801   77.5497284      0.722963631    
        7821   77.6709671      0.722963631    
        7841   77.7922134      0.722963631    
        7861   77.9134521      0.722963631    
        7881   78.0346985      0.722963631    
        7901   78.1559372      0.722963631    
        7921   78.2771835      0.722963631    
        7941   78.3984222      0.722963631    
        7961   78.5196686      0.722963631    
        7981   78.6409073      0.722963631    
        8001   78.7621536      0.722963631    
        8021   78.8833923      0.722963631    
        8041   79.0046387      0.722963631    
        8061   79.1258774      0.722963631    
        8081   79.2471237      0.722963631    
        8101   79.3683624      0.722963631    
        8121   79.4896088      0.722963631    
        8141   79.6108475      0.722963631    
        8161   79.7320938      0.722963631    
        8181   79.8533325      0.722963631    
        8201   79.9745789      0.722963631    
        8221   80.0958176      0.722963631    
        8241   80.2170639      0.722963631    
        8261   80.3383026      0.722963631    
        8281   80.4595490      0.722963631    
        8301   80.5807877      0.722963631    
        8321   80.7020340      0.722963631    
        8341   80.8232727      0.722963631    
        8361   80.9445190      0.722963631    
        8381   81.0657578      0.722963631    
        8401   81.1870041      0.722963631    
        8421   81.3082428      0.722963631    
        8441   81.4294891      0.722963631    
        8461   81.5507278      0.722963631    
        8481   81.6719742      0.722963631    
        8501   81.7932129      0.722963631    
        8521   81.9144592      0.722963631    
        8541   82.0356979      0.722963631    
        8561   82.1569443      0.722963631    
        8581   82.2781830      0.722963631    
        8601   82.3994293      0.722963631    
        8621   82.5206680      0.722963631    
        8641   82.6419144      0.722963631    
        8661   82.7631531      0.722963631    
        8681   82.8843994      0.722963631    
        8701   83.0056381      0.722963631    
        8721   83.1268845      0.722963631    
        8741   83.2481232      0.722963631    
        8761   83.3693695      0.722963631    
        8781   83.4906082      0.722963631    
        8801   83.6118546      0.722963631    
        8821   83.7330933      0.722963631    
        8841   83.8543396      0.722963631    
        8861   83.9755783      0.722963631    
        8881   84.0968246      0.722963631    
        8901   84.2180634      0.722963631    
        8921   84.3393097      0.722963631    
        8941   84.4605484      0.722963631    
        8961   84.5817947      0.722963631    
        8981   84.7030334      0.722963631    
        9001   84.8242798      0.722963631    
        9021   84.9455185      0.722963631    
        9041   85.0667648      0.722963631    
        9061   85.1880035      0.722963631    
        9081   85.3092499      0.722963631    
        9101   85.4304886      0.722963631    
        9121   85.5517349      0.722963631    
        9141   85.6729736      0.722963631    
        9161   85.7942200      0.722963631    
        9181   85.9154587      0.722963631    
        9201   86.0367050      0.722963631    
        9221   86.1579437      0.722963631    
        9241   86.2791901      0.722963631    
        9261   86.4004288      0.722963631    
        9281   86.5216751      0.722963631    
        9301   86.6429138      0.722963631    
        9321   86.7641602      0.722963631    
        9341   86.8853989      0.722963631    
        9361   87.0066452      0.722963631    
        9381   87.1278839      0.722963631    
        9401   87.2491302      0.722963631    
        9421   87.3703690      0.722963631    
        9441   87.4916153      0.722963631    
        9461   87.6128540      0.722963631    
        9481   87.7341003      0.722963631    
        9501   87.8553391      0.722963631    
        9521   87.9765854      0.722963631    
        9541   88.0978241      0.722963631    
        9561   88.2190704      0.722963631    
        9581   88.3403091      0.722963631    
        9601   88.4615555      0.722963631    
        9621   88.5827942      0.722963631    
        9641   88.7040405      0.722963631    
        9661   88.8252792      0.722963631    
        9681   88.9465256      0.722963631    
        9701   89.0677643      0.722963631    
        9721   89.1890106      0.722963631    
        9741   89.3102493      0.722963631    
        9761   89.4314957      0.722963631    
        9781   89.5527344      0.722963631    
        9801   89.6739807      0.722963631    
        9821   89.7952194      0.722963631    
        9841   89.9164658      0.722963631    
        9861   90.0377045      0.722963631    
        9881   90.1589508      0.722963631    
        9901   90.2801895      0.722963631    
        9921   90.4014359      0.722963631    
        9941   90.5226746      0.722963631    
        9961   90.6439209      0.722963631    
        9981   90.7651596      0.722963631    
