           1   3.00000000      0.148571625    
          11   2.99787402      0.148854077    
          21   2.99362230      0.149136439    
          31   2.98724389      0.149418756    
          41   2.97873735      0.149701118    
          51   2.96809959      0.149983525    
          61   2.95532846      0.150266394    
          71   2.94042015      0.150549844    
          81   2.92337203      0.150834620    
          91   2.90418077      0.151121214    
         101   2.88284397      0.151410490    
         111   2.85936165      0.151703924    
         121   2.83373475      0.152003065    
         131   2.80596805      0.152310163    
         141   2.77606964      0.152628094    
         151   2.74405408      0.152960777    
         161   2.70994282      0.153313190    
         171   2.67376590      0.153691694    
         181   2.63556528      0.154104441    
         191   2.59539700      0.154561698    
         201   2.55333543      0.155076504    
         211   2.50947666      0.155664861    
         221   2.46394324      0.156346455    
         231   2.41689134      0.157145172    
         241   2.36851525      0.158089116    
         251   2.31905651      0.159210861    
         261   2.26881170      0.160546914    
         271   2.21814108      0.162136599    
         281   2.16747856      0.164019763    
         291   2.11733985      0.166233778    
         301   2.06832981      0.168808892    
         311   2.02114677      0.171763435    
         321   1.97658181      0.175099030    
         331   1.93551087      0.178797588    
         341   1.89887702      0.182821989    
         351   1.86765933      0.187122941    
         361   1.84283042      0.191649199    
         371   1.82529879      0.196361482    
         381   1.81584358      0.201241687    
         391   1.81504750      0.206290737    
         401   1.82323599      0.211514965    
         411   1.84043670      0.216902912    
         421   1.86636698      0.222402513    
         431   1.90045190      0.227914393    
         441   1.94187307      0.233301967    
         451   1.98963928      0.238415688    
         461   2.04266262      0.243122950    
         471   2.09983397      0.247328997    
         481   2.16008568      0.250986010    
         491   2.22243357      0.254091173    
         501   2.28600669      0.256676137    
         511   2.35005665      0.258794874    
         521   2.41395807      0.260511816    
         531   2.47720075      0.261893034    
         541   2.53937721      0.263000667    
         551   2.60016894      0.263889611    
         561   2.65933299      0.264606535    
         571   2.71668720      0.265189826    
         581   2.77209997      0.265670300    
         591   2.82547998      0.266072392    
         601   2.87676716      0.266415060    
         611   2.92592692      0.266713113    
         621   2.97294307      0.266977698    
         631   3.01781416      0.267217368    
         641   3.06054974      0.267438531    
         651   3.10116720      0.267646015    
         661   3.13969016      0.267843544    
         671   3.17614508      0.268033683    
         681   3.21056199      0.268218517    
         691   3.24297190      0.268399477    
         701   3.27340579      0.268577456    
         711   3.30189562      0.268753529    
         721   3.32847214      0.268928081    
         731   3.35316491      0.269101530    
         741   3.37600279      0.269274175    
         751   3.39701271      0.269446284    
         761   3.41622043      0.269617945    
         771   3.43364906      0.269789249    
         781   3.44932079      0.269960195    
         791   3.46325564      0.270130903    
         801   3.47547150      0.270301431    
         811   3.48598456      0.270471752    
         821   3.49480891      0.270641774    
         831   3.50195670      0.270811617    
         841   3.50743842      0.270981252    
         851   3.51126242      0.271150738    
         861   3.51343465      0.271319985    
         871   3.51396012      0.271489084    
         881   3.51284099      0.271657914    
         891   3.51007819      0.271826625    
         901   3.50567031      0.271995157    
         911   3.49961376      0.272163361    
         921   3.49190402      0.272331566    
         931   3.48253345      0.272499472    
         941   3.47149324      0.272667170    
         951   3.45877266      0.272834688    
         961   3.44435883      0.273002118    
         971   3.42823672      0.273169309    
         981   3.41039014      0.273336530    
         991   3.39080048      0.273503780    
        1001   3.36944723      0.273671091    
        1011   3.34630799      0.273838699    
        1021   3.32135916      0.274006724    
        1031   3.29457474      0.274175614    
        1041   3.26592779      0.274345726    
        1051   3.23538947      0.274517655    
        1061   3.20292997      0.274692059    
        1071   3.16851878      0.274870336    
        1081   3.13212466      0.275053769    
        1091   3.09371686      0.275244415    
        1101   3.05326486      0.275445104    
        1111   3.01073980      0.275659263    
        1121   2.96611547      0.275891870    
        1131   2.91936994      0.276149213    
        1141   2.87048674      0.276439846    
        1151   2.81945848      0.276775122    
        1161   2.76628733      0.277169526    
        1171   2.71099186      0.277642608    
        1181   2.65360856      0.278219342    
        1191   2.59420037      0.278932512    
        1201   2.53286171      0.279823780    
        1211   2.46972871      0.280946165    
        1221   2.40499043      0.282366067    
        1231   2.33890128      0.284164608    
        1241   2.27179766      0.286438972    
        1251   2.20411634      0.289301097    
        1261   2.13641524      0.292873859    
        1271   2.06939602      0.297282696    
        1281   2.00392532      0.302641839    
        1291   1.94105434      0.309035182    
        1301   1.88202810      0.316494584    
        1311   1.82827926      0.324984014    
        1321   1.78139985      0.334397584    
        1331   1.74307859      0.344583690    
        1341   1.71499920      0.355395496    
        1351   1.69870102      0.366745621    
        1361   1.69541383      0.378628552    
        1371   1.70589328      0.391075104    
        1381   1.73029566      0.404047489    
        1391   1.76812744      0.417334437    
        1401   1.81828904      0.430527568    
        1411   1.87920833      0.443100333    
        1421   1.94902730      0.454548776    
        1431   2.02579856      0.464513958    
        1441   2.10765123      0.472835720    
        1451   2.19290638      0.479536474    
        1461   2.28013587      0.484766930    
        1471   2.36817861      0.488743156    
        1481   2.45612526      0.491697788    
        1491   2.54328775      0.493848383    
        1501   2.62916350      0.495382577    
        1511   2.71339798      0.496453464    
        1521   2.79575300      0.497181654    
        1531   2.87607956      0.497659385    
        1541   2.95429564      0.497956455    
        1551   3.03036809      0.498124361    
        1561   3.10430026      0.498201191    
        1571   3.17612052      0.498214602    
        1581   3.24587512      0.498184860    
        1591   3.31362271      0.498126328    
        1601   3.37942910      0.498049617    
        1611   3.44336462      0.497962058    
        1621   3.50550103      0.497868657    
        1631   3.56591177      0.497773349    
        1641   3.62466884      0.497678518    
        1651   3.68184304      0.497585952    
        1661   3.73750210      0.497496575    
        1671   3.79171228      0.497411251    
        1681   3.84453678      0.497330189    
        1691   3.89603591      0.497253686    
        1701   3.94626737      0.497181594    
        1711   3.99528575      0.497114003    
        1721   4.04314327      0.497050673    
        1731   4.08988857      0.496991396    
        1741   4.13556957      0.496936083    
        1751   4.18022966      0.496884346    
        1761   4.22391081      0.496836066    
        1771   4.26665354      0.496791065    
        1781   4.30849457      0.496748924    
        1791   4.34947014      0.496709645    
        1801   4.38961363      0.496672928    
        1811   4.42895794      0.496638596    
        1821   4.46753263      0.496606499    
        1831   4.50536680      0.496576488    
        1841   4.54248762      0.496548384    
        1851   4.57892179      0.496522129    
        1861   4.61469316      0.496497452    
        1871   4.64982557      0.496474266    
        1881   4.68434143      0.496452540    
        1891   4.71826172      0.496432126    
        1901   4.75160694      0.496412933    
        1911   4.78439569      0.496394873    
        1921   4.81664753      0.496377856    
        1931   4.84837914      0.496361792    
        1941   4.87960768      0.496346682    
        1951   4.91034889      0.496332377    
        1961   4.94061804      0.496318936    
        1971   4.97042990      0.496306151    
        1981   4.99979830      0.496294171    
        1991   5.02873659      0.496282727    
        2001   5.05725765      0.496271938    
        2011   5.08537388      0.496261716    
        2021   5.11309671      0.496252000    
        2031   5.14043760      0.496242762    
        2041   5.16740704      0.496234000    
        2051   5.19401598      0.496225655    
        2061   5.22027445      0.496217847    
        2071   5.24619102      0.496210307    
        2081   5.27177620      0.496203154    
        2091   5.29703760      0.496196330    
        2101   5.32198477      0.496189773    
        2111   5.34662533      0.496183634    
        2121   5.37096739      0.496177673    
        2131   5.39501858      0.496172041    
        2141   5.41878605      0.496166617    
        2151   5.44227695      0.496161461    
        2161   5.46549797      0.496156573    
        2171   5.48845625      0.496151835    
        2181   5.51115751      0.496147305    
        2191   5.53360844      0.496142954    
        2201   5.55581474      0.496138841    
        2211   5.57778168      0.496134847    
        2221   5.59951544      0.496131003    
        2231   5.62102127      0.496127367    
        2241   5.64230394      0.496123850    
        2251   5.66336918      0.496120453    
        2261   5.68422127      0.496117175    
        2271   5.70486450      0.496114045    
        2281   5.72530460      0.496111065    
        2291   5.74554539      0.496108204    
        2301   5.76559067      0.496105373    
        2311   5.78544521      0.496102691    
        2321   5.80511332      0.496100157    
        2331   5.82459831      0.496097684    
        2341   5.84390402      0.496095240    
        2351   5.86303425      0.496092886    
        2361   5.88199282      0.496090680    
        2371   5.90078259      0.496088564    
        2381   5.91940737      0.496086448    
        2391   5.93787050      0.496084452    
        2401   5.95617485      0.496082515    
        2411   5.97432375      0.496080607    
        2421   5.99232006      0.496078789    
        2431   6.01016712      0.496077031    
        2441   6.02786732      0.496075362    
        2451   6.04542303      0.496073663    
        2461   6.06283808      0.496072084    
        2471   6.08011389      0.496070534    
        2481   6.09725428      0.496069074    
        2491   6.11426067      0.496067584    
        2501   6.13113594      0.496066183    
        2511   6.14788246      0.496064842    
        2521   6.16450262      0.496063530    
        2531   6.18099880      0.496062249    
        2541   6.19737244      0.496060997    
        2551   6.21362686      0.496059775    
        2561   6.22976303      0.496058613    
        2571   6.24578333      0.496057451    
        2581   6.26169014      0.496056318    
        2591   6.27748489      0.496055275    
        2601   6.29316950      0.496054202    
        2611   6.30874634      0.496053219    
        2621   6.32421684      0.496052206    
        2631   6.33958340      0.496051252    
        2641   6.35484648      0.496050298    
        2651   6.37000847      0.496049404    
        2661   6.38507175      0.496048570    
        2671   6.40003633      0.496047616    
        2681   6.41490507      0.496046782    
        2691   6.42967892      0.496046036    
        2701   6.44435930      0.496045202    
        2711   6.45894814      0.496044457    
        2721   6.47344685      0.496043652    
        2731   6.48785639      0.496042967    
        2741   6.50217867      0.496042222    
        2751   6.51641464      0.496041507    
        2761   6.53056526      0.496040821    
        2771   6.54463291      0.496040136    
        2781   6.55861807      0.496039510    
        2791   6.57252216      0.496038884    
        2801   6.58634663      0.496038258    
        2811   6.60009193      0.496037632    
        2821   6.61375999      0.496037036    
        2831   6.62735176      0.496036440    
        2841   6.64086771      0.496035904    
        2851   6.65431023      0.496035337    
        2861   6.66767931      0.496034771    
        2871   6.68097639      0.496034294    
        2881   6.69420242      0.496033728    
        2891   6.70735836      0.496033251    
        2901   6.72044563      0.496032804    
        2911   6.73346424      0.496032298    
        2921   6.74641657      0.496031821    
        2931   6.75930214      0.496031314    
        2941   6.77212334      0.496030897    
        2951   6.78487968      0.496030450    
        2961   6.79757214      0.496030003    
        2971   6.81020260      0.496029586    
        2981   6.82277107      0.496029168    
        2991   6.83527899      0.496028781    
        3001   6.84772682      0.496028394    
        3011   6.86011505      0.496028006    
        3021   6.87244511      0.496027589    
        3031   6.88471699      0.496027231    
        3041   6.89693213      0.496026874    
        3051   6.90909147      0.496026516    
        3061   6.92119503      0.496026129    
        3071   6.93324471      0.496025831    
        3081   6.94523954      0.496025443    
        3091   6.95718098      0.496025145    
        3101   6.96907043      0.496024817    
        3111   6.98090744      0.496024460    
        3121   6.99269390      0.496024191    
        3131   7.00442934      0.496023893    
        3141   7.01611519      0.496023566    
        3151   7.02775097      0.496023268    
        3161   7.03933811      0.496022999    
        3171   7.05087757      0.496022731    
        3181   7.06236887      0.496022403    
        3191   7.07381344      0.496022105    
        3201   7.08521175      0.496021837    
        3211   7.09656429      0.496021599    
        3221   7.10787201      0.496021330    
        3231   7.11913490      0.496021092    
        3241   7.13035393      0.496020794    
        3251   7.14152908      0.496020585    
        3261   7.15266085      0.496020317    
        3271   7.16375065      0.496020138    
        3281   7.17479801      0.496019870    
        3291   7.18580437      0.496019661    
        3301   7.19676924      0.496019393    
        3311   7.20769358      0.496019185    
        3321   7.21857786      0.496018976    
        3331   7.22942257      0.496018797    
        3341   7.24022818      0.496018529    
        3351   7.25099516      0.496018350    
        3361   7.26172352      0.496018142    
        3371   7.27241421      0.496017963    
        3381   7.28306818      0.496017724    
        3391   7.29368448      0.496017575    
        3401   7.30426502      0.496017396    
        3411   7.31480885      0.496017128    
        3421   7.32531691      0.496016979    
        3431   7.33578968      0.496016860    
        3441   7.34622812      0.496016681    
        3451   7.35663176      0.496016413    
        3461   7.36700153      0.496016264    
        3471   7.37733746      0.496016115    
        3481   7.38764000      0.496015996    
        3491   7.39790964      0.496015757    
        3501   7.40814686      0.496015579    
        3511   7.41835117      0.496015429    
        3521   7.42852497      0.496015310    
        3531   7.43866634      0.496015161    
        3541   7.44877625      0.496014953    
        3551   7.45885658      0.496014833    
        3561   7.46890545      0.496014625    
        3571   7.47892427      0.496014535    
        3581   7.48891354      0.496014386    
        3591   7.49887276      0.496014237    
        3601   7.50880337      0.496014118    
        3611   7.51870441      0.496013939    
        3621   7.52857780      0.496013820    
        3631   7.53842211      0.496013671    
        3641   7.54823875      0.496013612    
        3651   7.55802774      0.496013403    
        3661   7.56778955      0.496013343    
        3671   7.57752419      0.496013165    
        3681   7.58723164      0.496013075    
        3691   7.59691286      0.496012896    
        3701   7.60656834      0.496012807    
        3711   7.61619711      0.496012658    
        3721   7.62580013      0.496012539    
        3731   7.63537788      0.496012449    
        3741   7.64493084      0.496012360    
        3751   7.65445900      0.496012181    
        3761   7.66396189      0.496012092    
        3771   7.67344093      0.496012002    
        3781   7.68289566      0.496011853    
        3791   7.69232655      0.496011764    
        3801   7.70173359      0.496011674    
        3811   7.71111774      0.496011585    
        3821   7.72047806      0.496011466    
        3831   7.72981548      0.496011347    
        3841   7.73913097      0.496011227    
        3851   7.74842358      0.496011138    
        3861   7.75769377      0.496011108    
        3871   7.76694202      0.496010959    
        3881   7.77616835      0.496010870    
        3891   7.78537321      0.496010780    
        3901   7.79455662      0.496010691    
        3911   7.80371952      0.496010572    
        3921   7.81286049      0.496010542    
        3931   7.82198143      0.496010423    
        3941   7.83108139      0.496010333    
        3951   7.84016085      0.496010274    
        3961   7.84922028      0.496010154    
        3971   7.85825968      0.496010065    
        3981   7.86728001      0.496010005    
        3991   7.87627983      0.496009946    
        4001   7.88526154      0.496009827    
        4011   7.89422321      0.496009767    
        4021   7.90316582      0.496009678    
        4031   7.91208935      0.496009588    
        4041   7.92099476      0.496009529    
        4051   7.92988205      0.496009439    
        4061   7.93875074      0.496009320    
        4071   7.94760132      0.496009290    
        4081   7.95643330      0.496009201    
        4091   7.96524811      0.496009141    
        4101   7.97404575      0.496009082    
        4111   7.98282528      0.496009022    
        4121   7.99158812      0.496008903    
        4131   8.00033379      0.496008843    
        4141   8.00906277      0.496008754    
        4151   8.01777458      0.496008724    
        4161   8.02647018      0.496008635    
        4171   8.03514862      0.496008545    
        4181   8.04381180      0.496008515    
        4191   8.05245781      0.496008456    
        4201   8.06108856      0.496008396    
        4211   8.06970310      0.496008277    
        4221   8.07830238      0.496008277    
        4231   8.08688545      0.496008188    
        4241   8.09545326      0.496008098    
        4251   8.10400581      0.496008039    
        4261   8.11254406      0.496007979    
        4271   8.12106705      0.496007949    
        4281   8.12957382      0.496007890    
        4291   8.13806725      0.496007860    
        4301   8.14654636      0.496007830    
        4311   8.15501022      0.496007740    
        4321   8.16345978      0.496007681    
        4331   8.17189598      0.496007591    
        4341   8.18031788      0.496007562    
        4351   8.18872547      0.496007502    
        4361   8.19711971      0.496007442    
        4371   8.20549965      0.496007383    
        4381   8.21386719      0.496007353    
        4391   8.22221947      0.496007293    
        4401   8.23056030      0.496007234    
        4411   8.23888683      0.496007234    
        4421   8.24720097      0.496007204    
        4431   8.25550175      0.496007085    
        4441   8.26379013      0.496006995    
        4451   8.27206612      0.496006995    
        4461   8.28032875      0.496006966    
        4471   8.28857994      0.496006876    
        4481   8.29681778      0.496006876    
        4491   8.30504322      0.496006817    
        4501   8.31325722      0.496006787    
        4511   8.32145882      0.496006697    
        4521   8.32964897      0.496006638    
        4531   8.33782578      0.496006608    
        4541   8.34599304      0.496006608    
        4551   8.35414696      0.496006548    
        4561   8.36228943      0.496006519    
        4571   8.37042141      0.496006489    
        4581   8.37854195      0.496006429    
        4591   8.38665199      0.496006399    
        4601   8.39474964      0.496006340    
        4611   8.40283680      0.496006310    
        4621   8.41091347      0.496006221    
        4631   8.41897774      0.496006250    
        4641   8.42703247      0.496006131    
        4651   8.43507671      0.496006131    
        4661   8.44310951      0.496006072    
        4671   8.45113277      0.496006012    
        4681   8.45914555      0.496006072    
        4691   8.46714783      0.496005952    
        4701   8.47513962      0.496005923    
        4711   8.48312187      0.496005923    
        4721   8.49109364      0.496005833    
        4731   8.49905586      0.496005833    
        4741   8.50700760      0.496005803    
        4751   8.51494980      0.496005744    
        4761   8.52288342      0.496005714    
        4771   8.53080654      0.496005684    
        4781   8.53872013      0.496005684    
        4791   8.54662418      0.496005595    
        4801   8.55451965      0.496005565    
        4811   8.56240559      0.496005565    
        4821   8.57028198      0.496005565    
        4831   8.57814884      0.496005476    
        4841   8.58600807      0.496005476    
        4851   8.59385681      0.496005476    
        4861   8.60169792      0.496005416    
        4871   8.60952950      0.496005386    
        4881   8.61735249      0.496005356    
        4891   8.62516689      0.496005297    
        4901   8.63297272      0.496005297    
        4911   8.64076996      0.496005237    
        4921   8.64855957      0.496005207    
        4931   8.65633965      0.496005148    
        4941   8.66411209      0.496005148    
        4951   8.67187691      0.496005118    
        4961   8.67963219      0.496005118    
        4971   8.68738079      0.496005028    
        4981   8.69512081      0.496005058    
        4991   8.70285320      0.496005028    
        5001   8.71057701      0.496005028    
        5011   8.71829319      0.496004909    
        5021   8.72600174      0.496004939    
        5031   8.73370266      0.496004879    
        5041   8.74139595      0.496004850    
        5051   8.74908161      0.496004850    
        5061   8.75675964      0.496004790    
        5071   8.76443100      0.496004790    
        5081   8.77209473      0.496004790    
        5091   8.77975082      0.496004760    
        5101   8.78739929      0.496004730    
        5111   8.79504108      0.496004671    
        5121   8.80267525      0.496004641    
        5131   8.81030273      0.496004671    
        5141   8.81792355      0.496004641    
        5151   8.82553673      0.496004581    
        5161   8.83314419      0.496004522    
        5171   8.84074402      0.496004492    
        5181   8.84833717      0.496004522    
        5191   8.85592270      0.496004492    
        5201   8.86350250      0.496004462    
        5211   8.87107563      0.496004432    
        5221   8.87864208      0.496004403    
        5231   8.88620281      0.496004403    
        5241   8.89375591      0.496004403    
        5251   8.90130329      0.496004343    
        5261   8.90884399      0.496004343    
        5271   8.91637897      0.496004313    
        5281   8.92390728      0.496004283    
        5291   8.93142891      0.496004254    
        5301   8.93894577      0.496004254    
        5311   8.94645500      0.496004194    
        5321   8.95395947      0.496004224    
        5331   8.96145725      0.496004194    
        5341   8.96894836      0.496004194    
        5351   8.97643471      0.496004134    
        5361   8.98391533      0.496004105    
        5371   8.99138927      0.496004134    
        5381   8.99885845      0.496004075    
        5391   9.00632095      0.496004045    
        5401   9.01377773      0.496004015    
        5411   9.02122974      0.496004015    
        5421   9.02867508      0.496004015    
        5431   9.03611565      0.496004015    
        5441   9.04355049      0.496003956    
        5451   9.05097961      0.496003956    
        5461   9.05840492      0.496003956    
        5471   9.06582355      0.496003926    
        5481   9.07323742      0.496003926    
        5491   9.08064556      0.496003896    
        5501   9.08804893      0.496003866    
        5511   9.09544659      0.496003836    
        5521   9.10283947      0.496003836    
        5531   9.11022758      0.496003807    
        5541   9.11760998      0.496003836    
        5551   9.12498760      0.496003807    
        5561   9.13236046      0.496003747    
        5571   9.13972855      0.496003717    
        5581   9.14709091      0.496003717    
        5591   9.15444851      0.496003687    
        5601   9.16180229      0.496003717    
        5611   9.16915035      0.496003717    
        5621   9.17649364      0.496003687    
        5631   9.18383312      0.496003628    
        5641   9.19116783      0.496003628    
        5651   9.19849777      0.496003658    
        5661   9.20582199      0.496003598    
        5671   9.21314240      0.496003568    
        5681   9.22045898      0.496003568    
        5691   9.22776985      0.496003568    
        5701   9.23507690      0.496003538    
        5711   9.24237919      0.496003538    
        5721   9.24967766      0.496003509    
        5731   9.25697136      0.496003509    
        5741   9.26426125      0.496003479    
        5751   9.27154732      0.496003449    
        5761   9.27882767      0.496003449    
        5771   9.28610420      0.496003479    
        5781   9.29337692      0.496003449    
        5791   9.30064583      0.496003449    
        5801   9.30791092      0.496003449    
        5811   9.31517029      0.496003419    
        5821   9.32242775      0.496003419    
        5831   9.32967949      0.496003389    
        5841   9.33692741      0.496003300    
        5851   9.34417248      0.496003360    
        5861   9.35141277      0.496003300    
        5871   9.35864925      0.496003270    
        5881   9.36588192      0.496003300    
        5891   9.37311077      0.496003270    
        5901   9.38033676      0.496003300    
        5911   9.38755798      0.496003240    
        5921   9.39477539      0.496003240    
        5931   9.40198898      0.496003240    
        5941   9.40919876      0.496003211    
        5951   9.41640568      0.496003211    
        5961   9.42360878      0.496003181    
        5971   9.43080807      0.496003211    
        5981   9.43800354      0.496003211    
        5991   9.44519615      0.496003181    
        6001   9.45238495      0.496003181    
        6011   9.45956993      0.496003181    
        6021   9.46675301      0.496003151    
        6031   9.47393131      0.496003151    
        6041   9.48110580      0.496003121    
        6051   9.48827744      0.496003091    
        6061   9.49544525      0.496003032    
        6071   9.50261021      0.496003091    
        6081   9.50977135      0.496003032    
        6091   9.51692963      0.496003032    
        6101   9.52408504      0.496003032    
        6111   9.53123760      0.496003032    
        6121   9.53838634      0.496003032    
        6131   9.54553223      0.496003062    
        6141   9.55267429      0.496003002    
        6151   9.55981350      0.496003002    
        6161   9.56694984      0.496002972    
        6171   9.57408333      0.496002972    
        6181   9.58121300      0.496002942    
        6191   9.58833981      0.496002913    
        6201   9.59546375      0.496002913    
        6211   9.60258484      0.496002942    
        6221   9.60970306      0.496002883    
        6231   9.61681843      0.496002883    
        6241   9.62393093      0.496002913    
        6251   9.63103962      0.496002913    
        6261   9.63814640      0.496002913    
        6271   9.64525032      0.496002883    
        6281   9.65235043      0.496002883    
        6291   9.65944862      0.496002823    
        6301   9.66654396      0.496002853    
        6311   9.67363644      0.496002853    
        6321   9.68072605      0.496002853    
        6331   9.68781281      0.496002823    
        6341   9.69489670      0.496002853    
        6351   9.70197868      0.496002823    
        6361   9.70905781      0.496002823    
        6371   9.71613503      0.496002793    
        6381   9.72320843      0.496002793    
        6391   9.73027897      0.496002764    
        6401   9.73734760      0.496002764    
        6411   9.74441338      0.496002764    
        6421   9.75147724      0.496002704    
        6431   9.75853825      0.496002734    
        6441   9.76559639      0.496002734    
        6451   9.77265263      0.496002734    
        6461   9.77970600      0.496002704    
        6471   9.78675652      0.496002674    
        6481   9.79380608      0.496002674    
        6491   9.80085182      0.496002704    
        6501   9.80789566      0.496002674    
        6511   9.81493759      0.496002644    
        6521   9.82197666      0.496002674    
        6531   9.82901287      0.496002614    
        6541   9.83604813      0.496002704    
        6551   9.84307957      0.496002644    
        6561   9.85011005      0.496002644    
        6571   9.85713768      0.496002674    
        6581   9.86416245      0.496002644    
        6591   9.87118626      0.496002644    
        6601   9.87820721      0.496002614    
        6611   9.88522625      0.496002585    
        6621   9.89224243      0.496002614    
        6631   9.89925766      0.496002555    
        6641   9.90626907      0.496002614    
        6651   9.91327953      0.496002585    
        6661   9.92028809      0.496002555    
        6671   9.92729378      0.496002555    
        6681   9.93429756      0.496002555    
        6691   9.94129944      0.496002525    
        6701   9.94829941      0.496002555    
        6711   9.95529747      0.496002555    
        6721   9.96229362      0.496002555    
        6731   9.96928787      0.496002525    
        6741   9.97627926      0.496002495    
        6751   9.98326874      0.496002525    
        6761   9.99025726      0.496002525    
        6771   9.99724293      0.496002525    
        6781   10.0042267      0.496002495    
        6791   10.0112095      0.496002495    
        6801   10.0181885      0.496002525    
        6811   10.0251675      0.496002465    
        6821   10.0321445      0.496002495    
        6831   10.0391188      0.496002465    
        6841   10.0460911      0.496002495    
        6851   10.0530624      0.496002495    
        6861   10.0600319      0.496002436    
        6871   10.0669994      0.496002495    
        6881   10.0739651      0.496002465    
        6891   10.0809288      0.496002465    
        6901   10.0878906      0.496002406    
        6911   10.0948505      0.496002436    
        6921   10.1018095      0.496002406    
        6931   10.1087666      0.496002376    
        6941   10.1157207      0.496002406    
        6951   10.1226749      0.496002406    
        6961   10.1296263      0.496002406    
        6971   10.1365757      0.496002406    
        6981   10.1435242      0.496002376    
        6991   10.1504707      0.496002376    
        7001   10.1574163      0.496002406    
        7011   10.1643600      0.496002406    
        7021   10.1713009      0.496002376    
        7031   10.1782417      0.496002376    
        7041   10.1851807      0.496002346    
        7051   10.1921177      0.496002316    
        7061   10.1990538      0.496002376    
        7071   10.2059879      0.496002376    
        7081   10.2129202      0.496002376    
        7091   10.2198505      0.496002346    
        7101   10.2267809      0.496002316    
        7111   10.2337093      0.496002316    
        7121   10.2406349      0.496002316    
        7131   10.2475605      0.496002287    
        7141   10.2544842      0.496002316    
        7151   10.2614059      0.496002316    
        7161   10.2683277      0.496002316    
        7171   10.2752466      0.496002287    
        7181   10.2821646      0.496002257    
        7191   10.2890816      0.496002287    
        7201   10.2959957      0.496002257    
        7211   10.3029099      0.496002227    
        7221   10.3098221      0.496002316    
        7231   10.3167324      0.496002227    
        7241   10.3236427      0.496002257    
        7251   10.3305511      0.496002257    
        7261   10.3374577      0.496002227    
        7271   10.3443632      0.496002257    
        7281   10.3512669      0.496002257    
        7291   10.3581705      0.496002257    
        7301   10.3650723      0.496002257    
        7311   10.3719730      0.496002197    
        7321   10.3788719      0.496002227    
        7331   10.3857689      0.496002197    
        7341   10.3926659      0.496002227    
        7351   10.3995609      0.496002227    
        7361   10.4064560      0.496002197    
        7371   10.4133492      0.496002227    
        7381   10.4202404      0.496002167    
        7391   10.4271307      0.496002197    
        7401   10.4340191      0.496002197    
        7411   10.4409075      0.496002197    
        7421   10.4477940      0.496002167    
        7431   10.4546795      0.496002167    
        7441   10.4615641      0.496002197    
        7451   10.4684467      0.496002167    
        7461   10.4753294      0.496002197    
        7471   10.4822102      0.496002167    
        7481   10.4890900      0.496002197    
        7491   10.4959688      0.496002167    
        7501   10.5028458      0.496002167    
        7511   10.5097227      0.496002138    
        7521   10.5165977      0.496002138    
        7531   10.5234718      0.496002167    
        7541   10.5303459      0.496002167    
        7551   10.5372181      0.496002138    
        7561   10.5440884      0.496002167    
        7571   10.5509586      0.496002138    
        7581   10.5578270      0.496002108    
        7591   10.5646954      0.496002108    
        7601   10.5715618      0.496002108    
        7611   10.5784273      0.496002108    
        7621   10.5852919      0.496002138    
        7631   10.5921555      0.496002138    
        7641   10.5990191      0.496002108    
        7651   10.6058807      0.496002138    
        7661   10.6127415      0.496002108    
        7671   10.6196012      0.496002108    
        7681   10.6264601      0.496002078    
        7691   10.6333179      0.496002078    
        7701   10.6401749      0.496002108    
        7711   10.6470308      0.496002078    
        7721   10.6538858      0.496002108    
        7731   10.6607399      0.496002078    
        7741   10.6675930      0.496002108    
        7751   10.6744452      0.496002078    
        7761   10.6812963      0.496002048    
        7771   10.6881466      0.496002048    
        7781   10.6949959      0.496002108    
        7791   10.7018452      0.496002018    
        7801   10.7086926      0.496002048    
        7811   10.7155390      0.496002078    
        7821   10.7223845      0.496002048    
        7831   10.7292290      0.496002048    
        7841   10.7360735      0.496002078    
        7851   10.7429161      0.496002018    
        7861   10.7497587      0.496002078    
        7871   10.7566004      0.496002078    
        7881   10.7634411      0.496002048    
        7891   10.7702808      0.496002048    
        7901   10.7771196      0.496002048    
        7911   10.7839584      0.496002048    
        7921   10.7907953      0.496002078    
        7931   10.7976322      0.496002018    
        7941   10.8044672      0.496002018    
        7951   10.8113022      0.496002018    
        7961   10.8181362      0.496002048    
        7971   10.8249693      0.496002018    
        7981   10.8318024      0.496001989    
        7991   10.8386345      0.496001989    
        8001   10.8454657      0.496001989    
        8011   10.8522959      0.496001989    
        8021   10.8591251      0.496001989    
        8031   10.8659544      0.496002018    
        8041   10.8727818      0.496001989    
        8051   10.8796101      0.496002018    
        8061   10.8864365      0.496001989    
        8071   10.8932610      0.496002018    
        8081   10.9000874      0.496001989    
        8091   10.9069118      0.496001959    
        8101   10.9137354      0.496002018    
        8111   10.9205589      0.496001989    
        8121   10.9273806      0.496001989    
        8131   10.9342022      0.496001989    
        8141   10.9410229      0.496001989    
        8151   10.9478436      0.496001989    
        8161   10.9546623      0.496001989    
        8171   10.9614811      0.496001959    
        8181   10.9682999      0.496001959    
        8191   10.9751167      0.496001989    
        8201   10.9819336      0.496001959    
        8211   10.9887505      0.496001989    
        8221   10.9955654      0.496001959    
        8231   11.0023804      0.496001929    
        8241   11.0091953      0.496001989    
        8251   11.0160084      0.496001989    
        8261   11.0228214      0.496001959    
        8271   11.0296335      0.496001959    
        8281   11.0364456      0.496001959    
        8291   11.0432568      0.496001989    
        8301   11.0500669      0.496001959    
        8311   11.0568771      0.496001929    
        8321   11.0636864      0.496001959    
        8331   11.0704947      0.496001959    
        8341   11.0773029      0.496001899    
        8351   11.0841103      0.496001959    
        8361   11.0909166      0.496001929    
        8371   11.0977230      0.496001959    
        8381   11.1045284      0.496001959    
        8391   11.1113338      0.496001929    
        8401   11.1181383      0.496001899    
        8411   11.1249428      0.496001959    
        8421   11.1317453      0.496001959    
        8431   11.1385479      0.496001929    
        8441   11.1453505      0.496001959    
        8451   11.1521521      0.496001899    
        8461   11.1589527      0.496001899    
        8471   11.1657543      0.496001929    
        8481   11.1725540      0.496001929    
        8491   11.1793537      0.496001899    
        8501   11.1861525      0.496001929    
        8511   11.1929512      0.496001959    
        8521   11.1997490      0.496001929    
        8531   11.2065468      0.496001929    
        8541   11.2133427      0.496001899    
        8551   11.2201395      0.496001899    
        8561   11.2269363      0.496001959    
        8571   11.2337313      0.496001929    
        8581   11.2405262      0.496001899    
        8591   11.2473202      0.496001899    
        8601   11.2541142      0.496001899    
        8611   11.2609081      0.496001899    
        8621   11.2677011      0.496001899    
        8631   11.2744932      0.496001899    
        8641   11.2812853      0.496001899    
        8651   11.2880764      0.496001929    
        8661   11.2948685      0.496001869    
        8671   11.3016586      0.496001899    
        8681   11.3084488      0.496001899    
        8691   11.3152390      0.496001869    
        8701   11.3220272      0.496001899    
        8711   11.3288164      0.496001869    
        8721   11.3356047      0.496001899    
        8731   11.3423920      0.496001899    
        8741   11.3491802      0.496001899    
        8751   11.3559666      0.496001869    
        8761   11.3627529      0.496001869    
        8771   11.3695393      0.496001869    
        8781   11.3763247      0.496001929    
        8791   11.3831100      0.496001899    
        8801   11.3898945      0.496001869    
        8811   11.3966789      0.496001869    
        8821   11.4034634      0.496001899    
        8831   11.4102468      0.496001899    
        8841   11.4170303      0.496001899    
        8851   11.4238129      0.496001840    
        8861   11.4305954      0.496001840    
        8871   11.4373770      0.496001869    
        8881   11.4441586      0.496001869    
        8891   11.4509392      0.496001840    
        8901   11.4577198      0.496001869    
        8911   11.4645004      0.496001899    
        8921   11.4712811      0.496001869    
        8931   11.4780598      0.496001869    
        8941   11.4848385      0.496001840    
        8951   11.4916172      0.496001869    
        8961   11.4983959      0.496001840    
        8971   11.5051746      0.496001840    
        8981   11.5119514      0.496001869    
        8991   11.5187292      0.496001840    
        9001   11.5255060      0.496001840    
        9011   11.5322819      0.496001810    
        9021   11.5390587      0.496001869    
        9031   11.5458336      0.496001869    
        9041   11.5526094      0.496001869    
        9051   11.5593853      0.496001869    
        9061   11.5661602      0.496001840    
        9071   11.5729342      0.496001840    
        9081   11.5797081      0.496001840    
        9091   11.5864820      0.496001869    
        9101   11.5932560      0.496001869    
        9111   11.6000290      0.496001810    
        9121   11.6068020      0.496001840    
        9131   11.6135731      0.496001840    
        9141   11.6203461      0.496001840    
        9151   11.6271172      0.496001810    
        9161   11.6338882      0.496001840    
        9171   11.6406593      0.496001840    
        9181   11.6474304      0.496001810    
        9191   11.6542015      0.496001840    
        9201   11.6609707      0.496001810    
        9211   11.6677408      0.496001869    
        9221   11.6745110      0.496001810    
        9231   11.6812792      0.496001840    
        9241   11.6880474      0.496001810    
        9251   11.6948166      0.496001810    
        9261   11.7015848      0.496001840    
        9271   11.7083530      0.496001840    
        9281   11.7151203      0.496001810    
        9291   11.7218876      0.496001810    
        9301   11.7286549      0.496001840    
        9311   11.7354221      0.496001810    
        9321   11.7421875      0.496001810    
        9331   11.7489548      0.496001810    
        9341   11.7557201      0.496001810    
        9351   11.7624855      0.496001810    
        9361   11.7692509      0.496001810    
        9371   11.7760162      0.496001810    
        9381   11.7827816      0.496001810    
        9391   11.7895460      0.496001840    
        9401   11.7963104      0.496001810    
        9411   11.8030739      0.496001810    
        9421   11.8098383      0.496001840    
        9431   11.8166018      0.496001780    
        9441   11.8233643      0.496001810    
        9451   11.8301277      0.496001810    
        9461   11.8368912      0.496001840    
        9471   11.8436527      0.496001780    
        9481   11.8504143      0.496001810    
        9491   11.8571768      0.496001810    
        9501   11.8639383      0.496001780    
        9511   11.8706989      0.496001810    
        9521   11.8774605      0.496001780    
        9531   11.8842211      0.496001810    
        9541   11.8909817      0.496001840    
        9551   11.8977423      0.496001810    
        9561   11.9045029      0.496001780    
        9571   11.9112625      0.496001810    
        9581   11.9180222      0.496001780    
        9591   11.9247818      0.496001840    
        9601   11.9315395      0.496001780    
        9611   11.9382992      0.496001750    
        9621   11.9450569      0.496001810    
        9631   11.9518166      0.496001780    
        9641   11.9585743      0.496001780    
        9651   11.9653320      0.496001780    
        9661   11.9720898      0.496001810    
        9671   11.9788475      0.496001810    
        9681   11.9856052      0.496001810    
        9691   11.9923620      0.496001780    
        9701   11.9991188      0.496001780    
        9711   12.0058746      0.496001750    
        9721   12.0126314      0.496001750    
        9731   12.0193882      0.496001810    
        9741   12.0261440      0.496001810    
        9751   12.0328999      0.496001810    
        9761   12.0396547      0.496001810    
        9771   12.0464096      0.496001810    
        9781   12.0531654      0.496001750    
        9791   12.0599203      0.496001780    
        9801   12.0666752      0.496001780    
        9811   12.0734291      0.496001780    
        9821   12.0801840      0.496001810    
        9831   12.0869389      0.496001780    
        9841   12.0936928      0.496001780    
        9851   12.1004467      0.496001750    
        9861   12.1071997      0.496001750    
        9871   12.1139526      0.496001780    
        9881   12.1207066      0.496001780    
        9891   12.1274586      0.496001750    
        9901   12.1342125      0.496001780    
        9911   12.1409645      0.496001780    
        9921   12.1477165      0.496001750    
        9931   12.1544685      0.496001780    
        9941   12.1612206      0.496001810    
        9951   12.1679726      0.496001780    
        9961   12.1747246      0.496001810    
        9971   12.1814766      0.496001750    
        9981   12.1882277      0.496001780    
        9991   12.1949787      0.496001750    
