           1   2.98299336      0.148295715    
          41   2.93187046      0.148302600    
          81   2.84643865      0.148258805    
         121   2.72682905      0.148031831    
         161   2.57448745      0.147333562    
         201   2.39431882      0.145734861    
         241   2.19893789      0.143420219    
         281   2.01542711      0.143576279    
         321   1.88965380      0.149990201    
         361   1.87026644      0.151958779    
         401   1.96637368      0.145052314    
         441   2.13720083      0.142925516    
         481   2.33263087      0.145009935    
         521   2.51956844      0.146939561    
         561   2.68158960      0.147879601    
         601   2.81191897      0.148216292    
         641   2.90831780      0.148298442    
         681   2.97038198      0.148299441    
         721   2.99826646      0.148290053    
         761   2.99212599      0.148292571    
         801   2.95192218      0.148302585    
         841   2.87746358      0.148284227    
         881   2.76870561      0.148137942    
         921   2.62651324      0.147633761    
         961   2.45434546      0.146363661    
        1001   2.26172495      0.144134909    
        1041   2.07030797      0.142895162    
        1081   1.92023468      0.147541016    
        1121   1.86312056      0.152777731    
        1161   1.92498052      0.147223800    
        1201   2.07781458      0.142860144    
        1241   2.26994538      0.144235522    
        1281   2.46203566      0.146437690    
        1321   2.63308406      0.147666901    
        1361   2.77392411      0.148149103    
        1401   2.88125753      0.148286536    
        1441   2.95428324      0.148302346    
        1481   2.99306226      0.148292214    
        1521   2.99778390      0.148290306    
        1561   2.96847749      0.148299932    
        1601   2.90498209      0.148297399    
        1641   2.80715227      0.148209035    
        1681   2.67543650      0.147855595    
        1721   2.51219416      0.146880299    
        1761   2.32448292      0.144910112    
        1801   2.12927938      0.142887771    
        1841   1.96049213      0.145301938    
        1881   1.86862195      0.152142733    
        1921   1.89304161      0.149681598    
        1961   2.02230406      0.143443123    
        2001   2.20710516      0.143505201    
        2041   2.40226674      0.145823166    
        2081   2.58145308      0.147377938    
        2121   2.73249221      0.148048207    
        2161   2.85069036      0.148263082    
        2201   2.93468904      0.148302943    
        2241   2.98438406      0.148295343    
        2281   2.99997115      0.148289263    
        2321   2.98154426      0.148296311    
        2361   2.92899370      0.148302555    
        2401   2.84212852      0.148254558    
        2441   2.72110987      0.148015067    
        2481   2.56747389      0.147288024    
        2521   2.38634348      0.145645231    
        2561   2.19078922      0.143339291    
        2601   2.00865078      0.143723488    
        2641   1.88645792      0.150290877    
        2681   1.87211990      0.151755154    
        2721   1.97238493      0.144815266    
        2761   2.14516115      0.142970741    
        2801   2.34076071      0.145108953    
        2841   2.52689695      0.146997005    
        2881   2.68768668      0.147902727    
        2921   2.81662583      0.148223221    
        2961   2.91159344      0.148299471    
        3001   2.97222757      0.148299158    
        3041   2.99869037      0.148289949    
        3081   2.99113107      0.148293078    
        3121   2.94950247      0.148302913    
        3161   2.87361097      0.148281828    
        3201   2.76343060      0.148126483    
        3241   2.61989117      0.147599488    
        3281   2.44661999      0.146287948    
        3321   2.25350547      0.144035444    
        3361   2.06287241      0.142941937    
        3401   1.91565549      0.147862047    
        3441   1.86333728      0.152752131    
        3481   1.92988670      0.146912053    
        3521   2.08538508      0.142836332    
        3561   2.27816105      0.144336790    
        3601   2.46968579      0.146509737    
        3641   2.63960028      0.147698775    
        3681   2.77908278      0.148159698    
        3721   2.88499117      0.148288772    
        3761   2.95658445      0.148302212    
        3801   2.99393940      0.148291960    
        3841   2.99724245      0.148290619    
        3881   2.96651411      0.148300529    
        3921   2.90158820      0.148296416    
        3961   2.80232835      0.148201585    
        4001   2.66922951      0.147830606    
        4041   2.50477862      0.146819383    
        4081   2.31632185      0.144809723    
        4121   2.12140322      0.142857939    
        4161   1.95474672      0.145563573    
        4201   1.86718941      0.152305096    
        4241   1.89661682      0.149366662    
        4281   2.02927399      0.143323869    
        4321   2.21528554      0.143593386    
        4361   2.41018295      0.145909697    
        4401   2.58836699      0.147420645    
        4441   2.73809624      0.148063704    
        4481   2.85488153      0.148267090    
        4521   2.93744683      0.148303151    
        4561   2.98571515      0.148295030    
        4601   2.99988270      0.148289382    
        4641   2.98003602      0.148296908    
        4681   2.92605734      0.148302317    
        4721   2.83775926      0.148249894    
        4761   2.71533394      0.147997290    
        4801   2.56041217      0.147240669    
        4841   2.37834215      0.145553857    
        4881   2.18266177      0.143262297    
        4921   2.00197816      0.143884555    
        4961   1.88345695      0.150581419    
        5001   1.87418139      0.151532486    
        5041   1.97852254      0.144590676    
        5081   2.15315700      0.143022597    
        5121   2.34887028      0.145206794    
        5161   2.53417873      0.147052526    
        5201   2.69372630      0.147924691    
        5241   2.82127237      0.148229599    
        5281   2.91480851      0.148300231    
        5321   2.97401261      0.148298591    
        5361   2.99905443      0.148289740    
        5401   2.99007630      0.148293391    
        5441   2.94702268      0.148302987    
        5481   2.86969829      0.148279026    
        5521   2.75809669      0.148114115    
        5561   2.61321664      0.147563666    
        5601   2.43885851      0.146210119    
        5641   2.24528837      0.143937081    
        5681   2.05551100      0.143000618    
        5721   1.91124558      0.148185790    
        5761   1.86377025      0.152701393    
        5801   1.93495035      0.146606833    
        5841   2.09301782      0.142823130    
        5881   2.28637123      0.144438401    
        5921   2.47729635      0.146579787    
        5961   2.64606214      0.147729278    
        6001   2.78418231      0.148169652    
        6041   2.88866472      0.148290783    
        6081   2.95882583      0.148301944    
        6121   2.99475718      0.148291662    
        6161   2.99664164      0.148290887    
        6201   2.96449089      0.148300961    
        6241   2.89813352      0.148295030    
        6281   2.79744482      0.148193553    
        6321   2.66296721      0.147804484    
        6361   2.49731922      0.146756425    
        6401   2.30814624      0.144708559    
        6441   2.11357284      0.142836273    
        6481   1.94914055      0.145835757    
        6521   1.86596942      0.152445182    
        6561   1.90037763      0.149046838    
        6601   2.03633547      0.143218130    
        6641   2.22347832      0.143684462    
        6681   2.41806793      0.145994410    
        6721   2.59523010      0.147461817    
        6761   2.74364257      0.148078531    
        6801   2.85901237      0.148270711    
        6841   2.94014478      0.148303241    
        6881   2.98698664      0.148294598    
        6921   2.99973488      0.148289442    
        6961   2.97846794      0.148297369    
        7001   2.92306089      0.148301855    
        7041   2.83333015      0.148244783    
        7081   2.70950103      0.147978634    
        7121   2.55330181      0.147191420    
        7161   2.37031460      0.145460725    
        7201   2.17455769      0.143189654    
        7241   1.99541354      0.144059286    
        7281   1.88065338      0.150860310    
        7321   1.87644863      0.151292503    
        7361   1.98478222      0.144379497    
        7401   2.16118646      0.143080756    
        7441   2.35695958      0.145303428    
        7481   2.54141450      0.147106186    
        7521   2.69971013      0.147945747    
        7561   2.82585955      0.148235559    
        7601   2.91796374      0.148300886    
        7641   2.97573853      0.148298085    
        7681   2.99935937      0.148289576    
        7721   2.98896241      0.148293823    
        7761   2.94448328      0.148303077    
        7801   2.86572576      0.148276046    
        7841   2.75270462      0.148101240    
        7881   2.60648966      0.147526458    
        7921   2.43106151      0.146130413    
        7961   2.23707414      0.143840283    
        8001   2.04822636      0.143071681    
        8041   1.90700865      0.148510411    
        8081   1.86441982      0.152625039    
        8121   1.94016767      0.146309227    
        8161   2.10070896      0.142820105    
        8201   2.29457450      0.144540116    
        8241   2.48486614      0.146647766    
        8281   2.65246964      0.147758499    
        8321   2.78922248      0.148178995    
        8361   2.89227772      0.148292422    
        8401   2.96100712      0.148301557    
        8441   2.99551535      0.148291349    
        8481   2.99598122      0.148291141    
        8521   2.96240783      0.148301288    
        8561   2.89461923      0.148293570    
        8601   2.79250169      0.148184866    
        8641   2.65664959      0.147777081    
        8681   2.48981714      0.146691456    
        8721   2.29995871      0.144606963    
        8761   2.10579205      0.142823398    
        8801   1.94367695      0.146118477    
        8841   1.86496377      0.152561516    
        8881   1.90432084      0.148723543    
        8921   2.04348421      0.143125474    
        8961   2.23168135      0.143777743    
        9001   2.42592096      0.146077067    
        9041   2.60204244      0.147501245    
        9081   2.74913073      0.148092389    
        9121   2.86308384      0.148273975    
        9161   2.94278288      0.148303166    
        9201   2.98819852      0.148294106    
        9241   2.99952769      0.148289517    
        9281   2.97684002      0.148297772    
        9321   2.92000413      0.148301303    
        9361   2.82884073      0.148239315    
        9401   2.70361018      0.147959054    
        9441   2.54614258      0.147140518    
        9481   2.36226153      0.145366192    
        9521   2.16647792      0.143122107    
        9561   1.98895907      0.144247994    
        9601   1.87804961      0.151125669    
        9641   1.87892032      0.151036248    
        9681   1.99116111      0.144181579    
        9721   2.16924739      0.143144533    
        9761   2.36502743      0.145398617    
        9801   2.54860401      0.147157982    
        9841   2.70563722      0.147965640    
        9881   2.83038712      0.148240983    
        9921   2.92105889      0.148301244    
        9961   2.97740436      0.148297384    
