           1   2.98299336      0.148306906    
          41   2.93175387      0.148299813    
          81   2.84629536      0.148219898    
         121   2.72725320      0.147948086    
         161   2.57716417      0.147192046    
         201   2.40305233      0.145289719    
         241   2.22066259      0.141016319    
         281   2.05800867      0.133013710    
         321   1.94939351      0.121526808    
         361   1.91556931      0.109552905    
         401   1.95394099      0.100705974    
         441   2.04931116       9.61361751E-02
         481   2.18157363       9.46418643E-02
         521   2.32875872       9.44714472E-02
         561   2.47138572       9.45599750E-02
         601   2.59560370       9.45945084E-02
         641   2.69322109       9.45724845E-02
         681   2.76003385       9.45347324E-02
         721   2.79413128       9.44998488E-02
         761   2.79479313       9.44646150E-02
         801   2.76197743       9.44063812E-02
         841   2.69631553       9.42742378E-02
         881   2.59962773       9.39579755E-02
         921   2.47613859       9.32301208E-02
         961   2.33458638       9.16794389E-02
        1001   2.19078326       8.87576863E-02
        1041   2.06800175       8.41565654E-02
        1081   1.99043834       7.83364102E-02
        1121   1.97142005       7.25331604E-02
        1161   2.00909567       6.81083649E-02
        1201   2.09176731       6.56226277E-02
        1241   2.20293522       6.46445751E-02
        1281   2.32472324       6.43860772E-02
        1321   2.44129300       6.43143579E-02
        1361   2.54097939       6.42457306E-02
        1401   2.61640286       6.41634613E-02
        1441   2.66343641       6.40827045E-02
        1481   2.68007374       6.40065819E-02
        1521   2.66568995       6.39206022E-02
        1561   2.62078762       6.37872666E-02
        1601   2.54725838       6.35319799E-02
        1641   2.44920850       6.30180165E-02
        1681   2.33435702       6.20286390E-02
        1721   2.21556282       6.03163131E-02
        1761   2.11083198       5.77765629E-02
        1801   2.03924537       5.46213239E-02
        1841   2.01342130       5.13489284E-02
        1881   2.03502822       4.85887304E-02
        1921   2.09664631       4.67769839E-02
        1961   2.18558645       4.58760671E-02
        2001   2.28708339       4.55213003E-02
        2041   2.38717270       4.53699343E-02
        2081   2.47473359       4.52586189E-02
        2121   2.54210138       4.51500155E-02
        2161   2.58461404       4.50464897E-02
        2201   2.59984183       4.49479744E-02
        2241   2.58700299       4.48403358E-02
        2281   2.54675817       4.46895733E-02
        2321   2.48144817       4.44332957E-02
        2361   2.39578295       4.39716838E-02
        2401   2.29783583       4.31754179E-02
        2441   2.19974661       4.19418104E-02
        2481   2.11678028       4.02860902E-02
        2521   2.06352520       3.83688137E-02
        2561   2.04871964       3.64474170E-02
        2601   2.07275701       3.48317251E-02
        2641   2.12904930       3.37405540E-02
        2681   2.20677471       3.31526585E-02
        2721   2.29353023       3.28742564E-02
        2761   2.37765884       3.27195711E-02
        2801   2.44979310       3.25963534E-02
        2841   2.50334454       3.24811637E-02
        2881   2.53424144       3.23728323E-02
        2921   2.54043913       3.22669595E-02
        2961   2.52156734       3.21468264E-02
        3001   2.47888184       3.19787972E-02
        3041   2.41556573       3.17086540E-02
        3081   2.33731341       3.12645510E-02
        3121   2.25289726       3.05802450E-02
        3161   2.17400098       2.96400152E-02
        3201   2.11337018       2.85047777E-02
        3241   2.08127022       2.72869375E-02
        3281   2.08224154       2.61327587E-02
        3321   2.11434555       2.52047405E-02
        3361   2.17062712       2.45912634E-02
        3401   2.24129367       2.42467038E-02
        3441   2.31584930       2.40548402E-02
        3481   2.38483763       2.39218213E-02
        3521   2.44084954       2.38059275E-02
        3561   2.47877359       2.36976128E-02
        3601   2.49559402       2.35945582E-02
        3641   2.49009919       2.34884769E-02
        3681   2.46273661       2.33599134E-02
        3721   2.41571379       2.31765937E-02
        3761   2.35332131       2.28953306E-02
        3801   2.28230476       2.24744920E-02
        3841   2.21185017       2.18980908E-02
        3881   2.15255499       2.11930014E-02
        3921   2.11409903       2.04162821E-02
        3961   2.10249758       1.96384974E-02
        4001   2.11858177       1.89487077E-02
        4041   2.15836096       1.84276979E-02
        4081   2.21452332       1.80920046E-02
        4121   2.27823544       1.78903323E-02
        4161   2.34078741       1.77554730E-02
        4201   2.39476967       1.76449642E-02
        4241   2.43463802       1.75434723E-02
        4281   2.45678759       1.74475592E-02
        4321   2.45940399       1.73527692E-02
        4361   2.44233060       1.72475707E-02
        4401   2.40707922       1.71117708E-02
        4441   2.35699821       1.69179253E-02
        4481   2.29749346       1.66394394E-02
        4521   2.23600960       1.62644442E-02
        4561   2.18135190       1.58065204E-02
        4601   2.14207888       1.52978981E-02
        4641   2.12437010       1.47759486E-02
        4681   2.13044190       1.42870890E-02
        4721   2.15830088       1.38845295E-02
        4761   2.20264053       1.35973375E-02
        4801   2.25625443       1.34101249E-02
        4841   2.31147814       1.32829156E-02
        4881   2.36135530       1.31818485E-02
        4921   2.40034533       1.30907893E-02
        4961   2.42458773       1.30050285E-02
        5001   2.43189788       1.29216360E-02
        5041   2.42169213       1.28337434E-02
        5081   2.39496994       1.27282636E-02
        5121   2.35439825       1.25873499E-02
        5161   2.30442333       1.23935435E-02
        5201   2.25121903       1.21387737E-02
        5241   2.20217109       1.18306568E-02
        5281   2.16469598       1.14886453E-02
        5321   2.14459777       1.11342343E-02
        5361   2.14465761       1.07921595E-02
        5401   2.16412950       1.04941418E-02
        5441   2.19921112       1.02650272E-02
        5481   2.24409962       1.01046767E-02
        5521   2.29220557       9.99179948E-03
        5561   2.33722520       9.90276784E-03
        5601   2.37388110       9.82357003E-03
        5641   2.39829898       9.74915456E-03
        5681   2.40811539       9.67736449E-03
        5721   2.40246606       9.60387755E-03
        5761   2.38197470       9.52010974E-03
        5801   2.34879231       9.41425562E-03
        5841   2.30663919       9.27476585E-03
        5881   2.26071692       9.09620151E-03
        5921   2.21728134       8.88324715E-03
        5961   2.18272543       8.64810497E-03
        6001   2.16229391       8.40384513E-03
        6041   2.15889359       8.16404354E-03
        6081   2.17251587       7.94733874E-03
        6121   2.20044661       7.77129643E-03
        6161   2.23803020       7.64064770E-03
        6201   2.27966619       7.54498597E-03
        6241   2.31975555       7.46895419E-03
        6281   2.35341883       7.40171503E-03
        6321   2.37692332       7.33867567E-03
        6361   2.38786507       7.27801351E-03
        6401   2.38521481       7.21694762E-03
        6441   2.36932516       7.14987144E-03
        6481   2.34194660       7.06887944E-03
        6521   2.30622578       6.96620019E-03
        6561   2.26659441       6.83825649E-03
        6601   2.22839165       6.68808352E-03
        6641   2.19712782       6.52350858E-03
        6681   2.17745638       6.35272358E-03
        6721   2.17218781       6.18356466E-03
        6761   2.18173003       6.02682773E-03
        6801   2.20414186       5.89425303E-03
        6841   2.23568320       5.79103362E-03
        6881   2.27161789       5.71254827E-03
        6921   2.30703115       5.64924069E-03
        6961   2.33749557       5.59327845E-03
        7001   2.35950828       5.54081146E-03
        7041   2.37071991       5.49038406E-03
        7081   2.37002158       5.44012524E-03
        7121   2.35757303       5.38637768E-03
        7161   2.33480787       5.32374531E-03
        7201   2.30440903       5.24705555E-03
        7241   2.27017879       5.15393587E-03
        7281   2.23670197       5.04639186E-03
        7321   2.20873308       4.92956722E-03
        7361   2.19036412       4.80868341E-03
        7401   2.18420768       4.68842918E-03
        7441   2.19089007       4.57505602E-03
        7481   2.20901799       4.47618309E-03
        7521   2.23557425       4.39616852E-03
        7561   2.26655960       4.33321204E-03
        7601   2.29769015       4.28152410E-03
        7641   2.32499647       4.23565693E-03
        7681   2.34525108       4.19264659E-03
        7721   2.35621715       4.15127305E-03
        7761   2.35676694       4.11032047E-03
        7801   2.34692478       4.06731013E-03
        7841   2.32787275       4.01866343E-03
        7881   2.30190873       3.96085577E-03
        7921   2.27231097       3.89230833E-03
        7961   2.24303365       3.81439505E-03
        8001   2.21818590       3.73052550E-03
        8041   2.20134997       3.64405126E-03
        8081   2.19490170       3.55784618E-03
        8121   2.19956541       3.47562786E-03
        8161   2.21433806       3.40221357E-03
        8201   2.23677230       3.34091578E-03
        8241   2.26349092       3.29120108E-03
        8281   2.29077387       3.24962614E-03
        8321   2.31509185       3.21250688E-03
        8361   2.33350778       3.17764888E-03
        8401   2.34393167       3.14408727E-03
        8441   2.34525681       3.11100227E-03
        8481   2.33741546       3.07673356E-03
        8521   2.32138586       3.03885504E-03
        8561   2.29914355       2.99501582E-03
        8601   2.27352405       2.94415723E-03
        8641   2.24794674       2.88721523E-03
        8681   2.22597027       2.82644294E-03
        8721   2.21072245       2.76404247E-03
        8761   2.20433617       2.70182150E-03
        8801   2.20756388       2.64194794E-03
        8841   2.21968174       2.58749397E-03
        8881   2.23869371       2.54084496E-03
        8921   2.26174378       2.50201416E-03
        8961   2.28560925       2.46895757E-03
        9001   2.30716944       2.43924139E-03
        9041   2.32377458       2.41123978E-03
        9081   2.33349895       2.38427590E-03
        9121   2.33528185       2.35774159E-03
        9161   2.32899547       2.33055488E-03
        9201   2.31545162       2.30106153E-03
        9241   2.29635239       2.26769107E-03
        9281   2.27415538       2.22973083E-03
        9321   2.25182414       2.18781689E-03
        9361   2.23244381       2.14345963E-03
        9401   2.21874356       2.09810422E-03
        9441   2.21262336       2.05285149E-03
        9481   2.21482182       2.00906489E-03
        9521   2.22481680       1.96869019E-03
        9561   2.24097300       1.93333195E-03
        9601   2.26087022       1.90323009E-03
        9641   2.28172040       1.87717809E-03
        9681   2.30077434       1.85356685E-03
        9721   2.31565833       1.83126994E-03
        9761   2.32461381       1.80975534E-03
        9801   2.32664299       1.78862829E-03
        9841   2.32157946       1.76715804E-03
        9881   2.31009865       1.74423005E-03
        9921   2.29366851       1.71877758E-03
        9961   2.27442169       1.69032556E-03
