           1   238.330582      0.722963631    
          41   238.573059      0.722963631    
          81   238.815552      0.722963631    
         121   239.058029      0.722963631    
         161   239.300522      0.722963631    
         201   239.542999      0.722963631    
         241   239.785492      0.722963631    
         281   240.027969      0.722963631    
         321   240.270462      0.722963631    
         361   240.512939      0.722963631    
         401   240.755432      0.722963631    
         441   240.997910      0.722963631    
         481   241.240402      0.722963631    
         521   241.482880      0.722963631    
         561   241.725372      0.722963631    
         601   241.967850      0.722963631    
         641   242.210342      0.722963631    
         681   242.452820      0.722963631    
         721   242.695312      0.722963631    
         761   242.937790      0.722963631    
         801   243.180283      0.722963631    
         841   243.422760      0.722963631    
         881   243.665253      0.722963631    
         921   243.907730      0.722963631    
         961   244.150223      0.722963631    
        1001   244.392700      0.722963631    
        1041   244.635193      0.722963631    
        1081   244.877670      0.722963631    
        1121   245.120163      0.722963631    
        1161   245.362640      0.722963631    
        1201   245.605133      0.722963631    
        1241   245.847610      0.722963631    
        1281   246.090103      0.722963631    
        1321   246.332581      0.722963631    
        1361   246.575073      0.722963631    
        1401   246.817551      0.722963631    
        1441   247.060043      0.722963631    
        1481   247.302521      0.722963631    
        1521   247.545013      0.722963631    
        1561   247.787491      0.722963631    
        1601   248.029984      0.722963631    
        1641   248.272461      0.722963631    
        1681   248.514954      0.722963631    
        1721   248.757431      0.722963631    
        1761   248.999924      0.722963631    
        1801   249.242401      0.722963631    
        1841   249.484894      0.722963631    
        1881   249.727371      0.722963631    
        1921   249.969864      0.722963631    
        1961   250.212341      0.722963631    
        2001   250.454834      0.722963631    
        2041   250.697311      0.722963631    
        2081   250.939804      0.722963631    
        2121   251.182281      0.722963631    
        2161   251.424774      0.722963631    
        2201   251.667252      0.722963631    
        2241   251.909744      0.722963631    
        2281   252.152222      0.722963631    
        2321   252.394714      0.722963631    
        2361   252.637192      0.722963631    
        2401   252.879684      0.722963631    
        2441   253.122162      0.722963631    
        2481   253.364655      0.722963631    
        2521   253.607132      0.722963631    
        2561   253.849625      0.722963631    
        2601   254.092102      0.722963631    
        2641   254.334595      0.722963631    
        2681   254.577072      0.722963631    
        2721   254.819565      0.722963631    
        2761   255.062042      0.722963631    
        2801   255.304535      0.722963631    
        2841   255.547012      0.722963631    
        2881   255.789505      0.722963631    
        2921   256.031982      0.722963631    
        2961   256.274475      0.722963631    
        3001   256.516968      0.722963631    
        3041   256.759430      0.722963631    
        3081   257.001923      0.722963631    
        3121   257.244415      0.722963631    
        3161   257.486908      0.722963631    
        3201   257.729370      0.722963631    
        3241   257.971863      0.722963631    
        3281   258.214355      0.722963631    
        3321   258.456848      0.722963631    
        3361   258.699310      0.722963631    
        3401   258.941803      0.722963631    
        3441   259.184296      0.722963631    
        3481   259.426788      0.722963631    
        3521   259.669250      0.722963631    
        3561   259.911743      0.722963631    
        3601   260.154236      0.722963631    
        3641   260.396729      0.722963631    
        3681   260.639191      0.722963631    
        3721   260.881683      0.722963631    
        3761   261.124176      0.722963631    
        3801   261.366669      0.722963631    
        3841   261.609131      0.722963631    
        3881   261.851624      0.722963631    
        3921   262.094116      0.722963631    
        3961   262.336609      0.722963631    
        4001   262.579071      0.722963631    
        4041   262.821564      0.722963631    
        4081   263.064056      0.722963631    
        4121   263.306549      0.722963631    
        4161   263.549011      0.722963631    
        4201   263.791504      0.722963631    
        4241   264.033997      0.722963631    
        4281   264.276489      0.722963631    
        4321   264.518951      0.722963631    
        4361   264.761444      0.722963631    
        4401   265.003937      0.722963631    
        4441   265.246429      0.722963631    
        4481   265.488892      0.722963631    
        4521   265.731384      0.722963631    
        4561   265.973877      0.722963631    
        4601   266.216370      0.722963631    
        4641   266.458832      0.722963631    
        4681   266.701324      0.722963631    
        4721   266.943817      0.722963631    
        4761   267.186310      0.722963631    
        4801   267.428772      0.722963631    
        4841   267.671265      0.722963631    
        4881   267.913757      0.722963631    
        4921   268.156250      0.722963631    
        4961   268.398712      0.722963631    
        5001   268.641205      0.722963631    
        5041   268.883698      0.722963631    
        5081   269.126190      0.722963631    
        5121   269.368652      0.722963631    
        5161   269.611145      0.722963631    
        5201   269.853638      0.722963631    
        5241   270.096130      0.722963631    
        5281   270.338593      0.722963631    
        5321   270.581085      0.722963631    
        5361   270.823578      0.722963631    
        5401   271.066071      0.722963631    
        5441   271.308533      0.722963631    
        5481   271.551025      0.722963631    
        5521   271.793518      0.722963631    
        5561   272.036011      0.722963631    
        5601   272.278473      0.722963631    
        5641   272.520966      0.722963631    
        5681   272.763458      0.722963631    
        5721   273.005951      0.722963631    
        5761   273.248413      0.722963631    
        5801   273.490906      0.722963631    
        5841   273.733398      0.722963631    
        5881   273.975861      0.722963631    
        5921   274.218323      0.722963631    
        5961   274.460815      0.722963631    
        6001   274.703278      0.722963631    
        6041   274.945740      0.722963631    
        6081   275.188202      0.722963631    
        6121   275.430695      0.722963631    
        6161   275.673157      0.722963631    
        6201   275.915619      0.722963631    
        6241   276.158081      0.722963631    
        6281   276.400574      0.722963631    
        6321   276.643036      0.722963631    
        6361   276.885498      0.722963631    
        6401   277.127960      0.722963631    
        6441   277.370453      0.722963631    
        6481   277.612915      0.722963631    
        6521   277.855377      0.722963631    
        6561   278.097839      0.722963631    
        6601   278.340332      0.722963631    
        6641   278.582794      0.722963631    
        6681   278.825256      0.722963631    
        6721   279.067719      0.722963631    
        6761   279.310211      0.722963631    
        6801   279.552673      0.722963631    
        6841   279.795135      0.722963631    
        6881   280.037598      0.722963631    
        6921   280.280090      0.722963631    
        6961   280.522552      0.722963631    
        7001   280.765015      0.722963631    
        7041   281.007477      0.722963631    
        7081   281.249969      0.722963631    
        7121   281.492432      0.722963631    
        7161   281.734894      0.722963631    
        7201   281.977356      0.722963631    
        7241   282.219849      0.722963631    
        7281   282.462311      0.722963631    
        7321   282.704773      0.722963631    
        7361   282.947235      0.722963631    
        7401   283.189728      0.722963631    
        7441   283.432190      0.722963631    
        7481   283.674652      0.722963631    
        7521   283.917114      0.722963631    
        7561   284.159607      0.722963631    
        7601   284.402069      0.722963631    
        7641   284.644531      0.722963631    
        7681   284.886993      0.722963631    
        7721   285.129486      0.722963631    
        7761   285.371948      0.722963631    
        7801   285.614410      0.722963631    
        7841   285.856873      0.722963631    
        7881   286.099365      0.722963631    
        7921   286.341827      0.722963631    
        7961   286.584290      0.722963631    
        8001   286.826752      0.722963631    
        8041   287.069244      0.722963631    
        8081   287.311707      0.722963631    
        8121   287.554169      0.722963631    
        8161   287.796631      0.722963631    
        8201   288.039124      0.722963631    
        8241   288.281586      0.722963631    
        8281   288.524048      0.722963631    
        8321   288.766510      0.722963631    
        8361   289.009003      0.722963631    
        8401   289.251465      0.722963631    
        8441   289.493927      0.722963631    
        8481   289.736389      0.722963631    
        8521   289.978882      0.722963631    
        8561   290.221344      0.722963631    
        8601   290.463806      0.722963631    
        8641   290.706268      0.722963631    
        8681   290.948761      0.722963631    
        8721   291.191223      0.722963631    
        8761   291.433685      0.722963631    
        8801   291.676147      0.722963631    
        8841   291.918640      0.722963631    
        8881   292.161102      0.722963631    
        8921   292.403564      0.722963631    
        8961   292.646027      0.722963631    
        9001   292.888519      0.722963631    
        9041   293.130981      0.722963631    
        9081   293.373444      0.722963631    
        9121   293.615906      0.722963631    
        9161   293.858398      0.722963631    
        9201   294.100861      0.722963631    
        9241   294.343323      0.722963631    
        9281   294.585785      0.722963631    
        9321   294.828278      0.722963631    
        9361   295.070740      0.722963631    
        9401   295.313202      0.722963631    
        9441   295.555664      0.722963631    
        9481   295.798157      0.722963631    
        9521   296.040619      0.722963631    
        9561   296.283081      0.722963631    
        9601   296.525543      0.722963631    
        9641   296.768036      0.722963631    
        9681   297.010498      0.722963631    
        9721   297.252960      0.722963631    
        9761   297.495422      0.722963631    
        9801   297.737915      0.722963631    
        9841   297.980377      0.722963631    
        9881   298.222839      0.722963631    
        9921   298.465302      0.722963631    
        9961   298.707794      0.722963631    
