           1   272.954987      0.722963631    
          41   273.197479      0.722963631    
          81   273.439941      0.722963631    
         121   273.682404      0.722963631    
         161   273.924866      0.722963631    
         201   274.167358      0.722963631    
         241   274.409821      0.722963631    
         281   274.652283      0.722963631    
         321   274.894745      0.722963631    
         361   275.137238      0.722963631    
         401   275.379700      0.722963631    
         441   275.622162      0.722963631    
         481   275.864624      0.722963631    
         521   276.107117      0.722963631    
         561   276.349579      0.722963631    
         601   276.592041      0.722963631    
         641   276.834503      0.722963631    
         681   277.076996      0.722963631    
         721   277.319458      0.722963631    
         761   277.561920      0.722963631    
         801   277.804382      0.722963631    
         841   278.046875      0.722963631    
         881   278.289337      0.722963631    
         921   278.531799      0.722963631    
         961   278.774261      0.722963631    
        1001   279.016754      0.722963631    
        1041   279.259216      0.722963631    
        1081   279.501678      0.722963631    
        1121   279.744141      0.722963631    
        1161   279.986633      0.722963631    
        1201   280.229095      0.722963631    
        1241   280.471558      0.722963631    
        1281   280.714020      0.722963631    
        1321   280.956512      0.722963631    
        1361   281.198975      0.722963631    
        1401   281.441437      0.722963631    
        1441   281.683899      0.722963631    
        1481   281.926392      0.722963631    
        1521   282.168854      0.722963631    
        1561   282.411316      0.722963631    
        1601   282.653778      0.722963631    
        1641   282.896271      0.722963631    
        1681   283.138733      0.722963631    
        1721   283.381195      0.722963631    
        1761   283.623657      0.722963631    
        1801   283.866150      0.722963631    
        1841   284.108612      0.722963631    
        1881   284.351074      0.722963631    
        1921   284.593536      0.722963631    
        1961   284.836029      0.722963631    
        2001   285.078491      0.722963631    
        2041   285.320953      0.722963631    
        2081   285.563416      0.722963631    
        2121   285.805908      0.722963631    
        2161   286.048370      0.722963631    
        2201   286.290833      0.722963631    
        2241   286.533295      0.722963631    
        2281   286.775787      0.722963631    
        2321   287.018250      0.722963631    
        2361   287.260712      0.722963631    
        2401   287.503174      0.722963631    
        2441   287.745667      0.722963631    
        2481   287.988129      0.722963631    
        2521   288.230591      0.722963631    
        2561   288.473053      0.722963631    
        2601   288.715546      0.722963631    
        2641   288.958008      0.722963631    
        2681   289.200470      0.722963631    
        2721   289.442932      0.722963631    
        2761   289.685425      0.722963631    
        2801   289.927887      0.722963631    
        2841   290.170349      0.722963631    
        2881   290.412811      0.722963631    
        2921   290.655304      0.722963631    
        2961   290.897766      0.722963631    
        3001   291.140228      0.722963631    
        3041   291.382690      0.722963631    
        3081   291.625183      0.722963631    
        3121   291.867645      0.722963631    
        3161   292.110107      0.722963631    
        3201   292.352570      0.722963631    
        3241   292.595062      0.722963631    
        3281   292.837524      0.722963631    
        3321   293.079987      0.722963631    
        3361   293.322449      0.722963631    
        3401   293.564941      0.722963631    
        3441   293.807404      0.722963631    
        3481   294.049866      0.722963631    
        3521   294.292328      0.722963631    
        3561   294.534821      0.722963631    
        3601   294.777283      0.722963631    
        3641   295.019745      0.722963631    
        3681   295.262207      0.722963631    
        3721   295.504700      0.722963631    
        3761   295.747162      0.722963631    
        3801   295.989624      0.722963631    
        3841   296.232086      0.722963631    
        3881   296.474579      0.722963631    
        3921   296.717041      0.722963631    
        3961   296.959503      0.722963631    
        4001   297.201965      0.722963631    
        4041   297.444458      0.722963631    
        4081   297.686920      0.722963631    
        4121   297.929382      0.722963631    
        4161   298.171844      0.722963631    
        4201   298.414337      0.722963631    
        4241   298.656799      0.722963631    
        4281   298.899261      0.722963631    
        4321   299.141724      0.722963631    
        4361   299.384216      0.722963631    
        4401   299.626678      0.722963631    
        4441   299.869141      0.722963631    
        4481   300.111603      0.722963631    
        4521   300.354095      0.722963631    
        4561   300.596558      0.722963631    
        4601   300.839020      0.722963631    
        4641   301.081482      0.722963631    
        4681   301.323975      0.722963631    
        4721   301.566437      0.722963631    
        4761   301.808899      0.722963631    
        4801   302.051361      0.722963631    
        4841   302.293854      0.722963631    
        4881   302.536316      0.722963631    
        4921   302.778778      0.722963631    
        4961   303.021240      0.722963631    
        5001   303.263733      0.722963631    
        5041   303.506195      0.722963631    
        5081   303.748657      0.722963631    
        5121   303.991119      0.722963631    
        5161   304.233612      0.722963631    
        5201   304.476074      0.722963631    
        5241   304.718536      0.722963631    
        5281   304.960999      0.722963631    
        5321   305.203491      0.722963631    
        5361   305.445953      0.722963631    
        5401   305.688416      0.722963631    
        5441   305.930878      0.722963631    
        5481   306.173370      0.722963631    
        5521   306.415833      0.722963631    
        5561   306.658295      0.722963631    
        5601   306.900757      0.722963631    
        5641   307.143250      0.722963631    
        5681   307.385712      0.722963631    
        5721   307.628174      0.722963631    
        5761   307.870636      0.722963631    
        5801   308.113129      0.722963631    
        5841   308.355591      0.722963631    
        5881   308.598053      0.722963631    
        5921   308.840515      0.722963631    
        5961   309.083008      0.722963631    
        6001   309.325470      0.722963631    
        6041   309.567932      0.722963631    
        6081   309.810394      0.722963631    
        6121   310.052887      0.722963631    
        6161   310.295349      0.722963631    
        6201   310.537811      0.722963631    
        6241   310.780273      0.722963631    
        6281   311.022766      0.722963631    
        6321   311.265228      0.722963631    
        6361   311.507690      0.722963631    
        6401   311.750153      0.722963631    
        6441   311.992645      0.722963631    
        6481   312.235107      0.722963631    
        6521   312.477570      0.722963631    
        6561   312.720032      0.722963631    
        6601   312.962524      0.722963631    
        6641   313.204987      0.722963631    
        6681   313.447449      0.722963631    
        6721   313.689911      0.722963631    
        6761   313.932404      0.722963631    
        6801   314.174866      0.722963631    
        6841   314.417328      0.722963631    
        6881   314.659790      0.722963631    
        6921   314.902283      0.722963631    
        6961   315.144745      0.722963631    
        7001   315.387207      0.722963631    
        7041   315.629669      0.722963631    
        7081   315.872162      0.722963631    
        7121   316.114624      0.722963631    
        7161   316.357086      0.722963631    
        7201   316.599548      0.722963631    
        7241   316.842041      0.722963631    
        7281   317.084503      0.722963631    
        7321   317.326965      0.722963631    
        7361   317.569427      0.722963631    
        7401   317.811920      0.722963631    
        7441   318.054382      0.722963631    
        7481   318.296844      0.722963631    
        7521   318.539307      0.722963631    
        7561   318.781799      0.722963631    
        7601   319.024261      0.722963631    
        7641   319.266724      0.722963631    
        7681   319.509186      0.722963631    
        7721   319.751678      0.722963631    
        7761   319.994141      0.722963631    
        7801   320.236603      0.722963631    
        7841   320.479065      0.722963631    
        7881   320.721558      0.722963631    
        7921   320.964020      0.722963631    
        7961   321.206482      0.722963631    
        8001   321.448944      0.722963631    
        8041   321.691437      0.722963631    
        8081   321.933899      0.722963631    
        8121   322.176361      0.722963631    
        8161   322.418823      0.722963631    
        8201   322.661316      0.722963631    
        8241   322.903778      0.722963631    
        8281   323.146240      0.722963631    
        8321   323.388702      0.722963631    
        8361   323.631195      0.722963631    
        8401   323.873657      0.722963631    
        8441   324.116119      0.722963631    
        8481   324.358582      0.722963631    
        8521   324.601074      0.722963631    
        8561   324.843536      0.722963631    
        8601   325.085999      0.722963631    
        8641   325.328461      0.722963631    
        8681   325.570953      0.722963631    
        8721   325.813416      0.722963631    
        8761   326.055878      0.722963631    
        8801   326.298340      0.722963631    
        8841   326.540833      0.722963631    
        8881   326.783295      0.722963631    
        8921   327.025757      0.722963631    
        8961   327.268219      0.722963631    
        9001   327.510712      0.722963631    
        9041   327.753174      0.722963631    
        9081   327.995636      0.722963631    
        9121   328.238098      0.722963631    
        9161   328.480591      0.722963631    
        9201   328.723053      0.722963631    
        9241   328.965515      0.722963631    
        9281   329.207977      0.722963631    
        9321   329.450470      0.722963631    
        9361   329.692932      0.722963631    
        9401   329.935394      0.722963631    
        9441   330.177856      0.722963631    
        9481   330.420349      0.722963631    
        9521   330.662811      0.722963631    
        9561   330.905273      0.722963631    
        9601   331.147736      0.722963631    
        9641   331.390228      0.722963631    
        9681   331.632690      0.722963631    
        9721   331.875153      0.722963631    
        9761   332.117615      0.722963631    
        9801   332.360107      0.722963631    
        9841   332.602570      0.722963631    
        9881   332.845032      0.722963631    
        9921   333.087494      0.722963631    
        9961   333.329987      0.722963631    
