           1   2.99574828      0.148290336    
          21   2.98297668      0.148291349    
          41   2.96166897      0.148291439    
          61   2.93180513      0.148290068    
          81   2.89337039      0.148285747    
         101   2.84637332      0.148276508    
         121   2.79087043      0.148258805    
         141   2.72700596      0.148227394    
         161   2.65506625      0.148173571    
         181   2.57556152      0.148084298    
         201   2.48933673      0.147940397    
         221   2.39772010      0.147715747    
         241   2.30270386      0.147378519    
         261   2.20713520      0.146896809    
         281   2.11485410      0.146250233    
         301   2.03067231      0.145442456    
         321   1.96004820      0.144502938    
         341   1.90838099      0.143470943    
         361   1.88003087      0.142383635    
         381   1.87739658      0.141300648    
         401   1.90042663      0.140335962    
         421   1.94672561      0.139622703    
         441   2.01214576      0.139227226    
         461   2.09161663      0.139109567    
         481   2.17995691      0.139165491    
         501   2.27248025      0.139292032    
         521   2.36532331      0.139422596    
         541   2.45552254      0.139527842    
         561   2.54093289      0.139601946    
         581   2.62007546      0.139649644    
         601   2.69197464      0.139678270    
         621   2.75601578      0.139694452    
         641   2.81183171      0.139703095    
         661   2.85921955      0.139707565    
         681   2.89807868      0.139709860    
         701   2.92837024      0.139711171    
         721   2.95008779      0.139712125    
         741   2.96323800      0.139713064    
         761   2.96782994      0.139714062    
         781   2.96386671      0.139714986    
         801   2.95134449      0.139715493    
         821   2.93025470      0.139715105    
         841   2.90058923      0.139713064    
         861   2.86235142      0.139707744    
         881   2.81557655      0.139697045    
         901   2.76035786      0.139677331    
         921   2.69688773      0.139642715    
         941   2.62551951      0.139584422    
         961   2.54684949      0.139488950    
         981   2.46183348      0.139337331    
        1001   2.37193441      0.139104530    
        1021   2.27929640      0.138761654    
        1041   2.18691444      0.138282612    
        1061   2.09873152      0.137655109    
        1081   2.01955390      0.136889815    
        1101   1.95466030      0.136017650    
        1121   1.90906751      0.135072783    
        1141   1.88659942      0.134087607    
        1161   1.88908803      0.133121967    
        1181   1.91602409      0.132283837    
        1201   1.96475565      0.131685793    
        1221   2.03109980      0.131371170    
        1241   2.11013365      0.131292298    
        1261   2.19693279      0.131354332    
        1281   2.28710079      0.131469682    
        1301   2.37703967      0.131584018    
        1321   2.46399665      0.131674439    
        1341   2.54597807      0.131737262    
        1361   2.62160444      0.131777182    
        1381   2.68995953      0.131800652    
        1401   2.75046062      0.131813556    
        1421   2.80275393      0.131820172    
        1441   2.84663796      0.131823301    
        1461   2.88200736      0.131824657    
        1481   2.90881515      0.131825358    
        1501   2.92704535      0.131825849    
        1521   2.93669605      0.131826386    
        1541   2.93776870      0.131826937    
        1561   2.93026352      0.131827265    
        1581   2.91417813      0.131826982    
        1601   2.88951206      0.131825358    
        1621   2.85627556      0.131821290    
        1641   2.81450462      0.131812841    
        1661   2.76428580      0.131797031    
        1681   2.70579123      0.131769225    
        1701   2.63933015      0.131722182    
        1721   2.56542230      0.131644949    
        1741   2.48489714      0.131521821    
        1761   2.39902472      0.131331861    
        1781   2.30967212      0.131049946    
        1801   2.21946716      0.130651638    
        1821   2.13191462      0.130121723    
        1841   2.05138254      0.129463747    
        1861   1.98283720      0.128701508    
        1881   1.93126202      0.127865836    
        1901   1.90082419      0.126983881    
        1921   1.89404655      0.126094207    
        1941   1.91129887      0.125276625    
        1961   1.95079088      0.124636948    
        1981   2.00901580      0.124244779    
        2001   2.08145213      0.124089763    
        2021   2.16330051      0.124099351    
        2041   2.25007677      0.124188371    
        2061   2.33796597      0.124294609    
        2081   2.42395425      0.124386162    
        2101   2.50579309      0.124453157    
        2121   2.58188319      0.124497183    
        2141   2.65113235      0.124523759    
        2161   2.71282220      0.124538556    
        2181   2.76649904      0.124546096    
        2201   2.81188893      0.124549419    
        2221   2.84883666      0.124550723    
        2241   2.87725997      0.124551117    
        2261   2.89712024      0.124551170    
        2281   2.90840244      0.124551237    
        2301   2.91110182      0.124551333    
        2321   2.90521717      0.124551304    
        2341   2.89074969      0.124550670    
        2361   2.86770606      0.124548711    
        2381   2.83610797      0.124544442    
        2401   2.79600549      0.124535859    
        2421   2.74750304      0.124520168    
        2441   2.69079304      0.124492779    
        2461   2.62620807      0.124446720    
        2481   2.55429173      0.124371707    
        2501   2.47589612      0.124253146    
        2521   2.39230514      0.124071687    
        2541   2.30538487      0.123804897    
        2561   2.21773076      0.123431496    
        2581   2.13277125      0.122939438    
        2601   2.05473995      0.122333758    
        2621   1.98841238      0.121636994    
        2641   1.93855095      0.120876864    
        2661   1.90912461      0.120076329    
        2681   1.90253544      0.119269319    
        2701   1.91914618      0.118525058    
        2721   1.95726609      0.117937952    
        2741   2.01356220      0.117571756    
        2761   2.08371568      0.117420077    
        2781   2.16311622      0.117420360    
        2801   2.24742651      0.117496572    
        2821   2.33293056      0.117591470    
        2841   2.41666555      0.117674693    
        2861   2.49640059      0.117736101    
        2881   2.57053304      0.117776632    
        2901   2.63795424      0.117800988    
        2921   2.69792461      0.117814288    
        2941   2.74996853      0.117820710    
        2961   2.79379177      0.117823325    
        2981   2.82922053      0.117823973    
        3001   2.85615754      0.117823780    
        3021   2.87455297      0.117823444    
        3041   2.88438296      0.117823087    
        3061   2.88563776      0.117822669    
        3081   2.87831664      0.117822096    
        3101   2.86242509      0.117820799    
        3121   2.83798075      0.117817938    
        3141   2.80502343      0.117812246    
        3161   2.76363277      0.117801622    
        3181   2.71395493      0.117782652    
        3201   2.65624380      0.117750451    
        3221   2.59091544      0.117697306    
        3241   2.51862717      0.117612228    
        3261   2.44037986      0.117480204    
        3281   2.35764456      0.117282331    
        3301   2.27250576      0.116998442    
        3321   2.18778872      0.116612189    
        3341   2.10711455      0.116118923    
        3361   2.03479624      0.115530640    
        3381   1.97548914      0.114871189    
        3401   1.93357539      0.114163928    
        3421   1.91240597      0.113428898    
        3441   1.91364563      0.112704605    
        3461   1.93696737      0.112063423    
        3481   1.98018217      0.111586459    
        3501   2.03971934      0.111313418    
        3521   2.11127639      0.111220650    
        3541   2.19044971      0.111244932    
        3561   2.27321053      0.111321203    
        3581   2.35617089      0.111404911    
        3601   2.43666387      0.111474454    
        3621   2.51269603      0.111524031    
        3641   2.58283973      0.111555606    
        3661   2.64610887      0.111573830    
        3681   2.70184422      0.111583158    
        3701   2.74961972      0.111587167    
        3721   2.78916907      0.111588225    
        3741   2.82033348      0.111588031    
        3761   2.84302115      0.111587211    
        3781   2.85718369      0.111586377    
        3801   2.86279750      0.111585565    
        3821   2.85985446      0.111584678    
        3841   2.84835815      0.111583382    
        3861   2.82832527      0.111580864    
        3881   2.79979467      0.111576080    
        3901   2.76284099      0.111567393    
        3921   2.71759748      0.111551896    
        3941   2.66429186      0.111525565    
        3961   2.60329413      0.111481979    
        3981   2.53518510      0.111411892    
        4001   2.46084762      0.111302748    
        4021   2.38157892      0.111138299    
        4041   2.29922318      0.110900439    
        4061   2.21629667      0.110573120    
        4081   2.13606644      0.110148869    
        4101   2.06250262      0.109634489    
        4121   2.00002766      0.109049603    
        4141   1.95301247      0.108416334    
        4161   1.92508841      0.107752368    
        4181   1.91847217      0.107082315    
        4201   1.93354297      0.106459774    
        4221   1.96881711      0.105959564    
        4241   2.02129483      0.105635926    
        4261   2.08703446      0.105489433    
        4281   2.16177177      0.105473794    
        4301   2.24143863      0.105527982    
        4321   2.32249308      0.105603330    
        4341   2.40206480      0.105672196    
        4361   2.47795177      0.105724089    
        4381   2.54854035      0.105758525    
        4401   2.61268950      0.105778940    
        4421   2.66961908      0.105789676    
        4441   2.71881080      0.105794281    
        4461   2.75993133      0.105795458    
        4481   2.79277325      0.105794974    
        4501   2.81721187      0.105793774    
        4521   2.83317661      0.105792485    
        4541   2.84063005      0.105791196    
        4561   2.83955765      0.105789959    
        4581   2.82996058      0.105788320    
        4601   2.81185746      0.105785564    
        4621   2.78529239      0.105780855    
        4641   2.75034595      0.105772406    
        4661   2.70715928      0.105757631    
        4681   2.65596700      0.105732679    
        4701   2.59714317      0.105691582    
        4721   2.53126812      0.105626024    
        4741   2.45921183      0.105524302    
        4761   2.38224363      0.105371833    
        4781   2.30215287      0.105152287    
        4801   2.22136855      0.104851417    
        4821   2.14302945      0.104462758    
        4841   2.07094359      0.103992462    
        4861   2.00935531      0.103458546    
        4881   1.96248305      0.102881148    
        4901   1.93387890      0.102275454    
        4921   1.92578554      0.101661928    
        4941   1.93871522      0.101085708    
        4961   1.97139287      0.100613251    
        4981   2.02105451      0.100296997    
        5001   2.08397412      0.100143515    
        5021   2.15605330      0.100115068    
        5041   2.23332477      0.100157142    
        5061   2.31229162      0.100223616    
        5081   2.39008355      0.100286938    
        5101   2.46447277      0.100335687    
        5121   2.53380680      0.100368381    
        5141   2.59690356      0.100387804    
        5161   2.65294337      0.100397855    
        5181   2.70137405      0.100401960    
        5201   2.74183393      0.100402720    
        5221   2.77409267      0.100401759    
        5241   2.79800892      0.100400075    
        5261   2.81350017      0.100398362    
        5281   2.82052159      0.100396633    
        5301   2.81905556      0.100394979    
        5321   2.80910444      0.100392751    
        5341   2.79069448      0.100389540    
        5361   2.76388001      0.100384034    
        5381   2.72876096      0.100374639    
        5401   2.68550420      0.100358531    
        5421   2.63437963      0.100331634    
        5441   2.57580900      0.100288048    
        5461   2.51043200      0.100219280    
        5481   2.43919325      0.100113988    
        5501   2.36344743       9.99583006E-02
        5521   2.28507662       9.97376591E-02
        5541   2.20659280       9.94406492E-02
        5561   2.13118505       9.90641564E-02
        5581   2.06264353       9.86170471E-02
        5601   2.00509405       9.81169492E-02
        5621   1.96251845       9.75815207E-02
        5641   1.93813729       9.70234871E-02
        5661   1.93382788       9.64634493E-02
        5681   1.94978237       9.59461108E-02
        5701   1.98451447       9.55314785E-02
        5721   2.03518414       9.52621251E-02
        5741   2.09811568       9.51376185E-02
        5761   2.16934991       9.51205790E-02
        5781   2.24510288       9.51618925E-02
        5801   2.32206321       9.52218771E-02
        5821   2.39752269       9.52773839E-02
        5841   2.46938157       9.53193083E-02
        5861   2.53607988       9.53468159E-02
        5881   2.59649777       9.53626335E-02
        5901   2.64985514       9.53703076E-02
        5921   2.69562244       9.53727961E-02
        5941   2.73345041       9.53725055E-02
        5961   2.76311421       9.53708515E-02
        5981   2.78447437       9.53687280E-02
        6001   2.79744887       9.53665897E-02
        6021   2.80199456       9.53644887E-02
        6041   2.79809761       9.53623280E-02
        6061   2.78576899       9.53595117E-02
        6081   2.76504827       9.53552648E-02
        6101   2.73601294       9.53482166E-02
        6121   2.69879651       9.53363925E-02
        6141   2.65361571       9.53167081E-02
        6161   2.60080934       9.52845812E-02
        6181   2.54089308       9.52333510E-02
        6201   2.47463274       9.51540694E-02
        6221   2.40313363       9.50351432E-02
        6241   2.32794762       9.48633999E-02
        6261   2.25117993       9.46266130E-02
        6281   2.17556572       9.43176597E-02
        6301   2.10446858       9.39389244E-02
        6321   2.04173183       9.35031623E-02
        6341   1.99133658       9.30276364E-02
        6361   1.95687890       9.25256833E-02
        6381   1.94097769       9.20093805E-02
        6401   1.94480062       9.15044174E-02
        6421   1.96786821       9.10590589E-02
        6441   2.00818920       9.07252431E-02
        6461   2.06265545       9.05279145E-02
        6481   2.12756014       9.04526711E-02
        6501   2.19910049       9.04592574E-02
        6521   2.27375937       9.05048996E-02
        6541   2.34852982       9.05587450E-02
        6561   2.42099094       9.06046629E-02
        6581   2.48928666       9.06374305E-02
        6601   2.55204678       9.06577259E-02
        6621   2.60829163       9.06684473E-02
        6641   2.65733957       9.06728208E-02
        6661   2.69872737       9.06732753E-02
        6681   2.73214912       9.06717256E-02
        6701   2.75740814       9.06693563E-02
        6721   2.77438307       9.06668529E-02
        6741   2.78300381       9.06643495E-02
        6761   2.78323865       9.06618014E-02
        6781   2.77508664       9.06589627E-02
        6801   2.75857639       9.06550437E-02
        6821   2.73377466       9.06490907E-02
        6841   2.70079827       9.06393155E-02
        6861   2.65983891       9.06232148E-02
        6881   2.61119533       9.05968994E-02
        6901   2.55532265       9.05550122E-02
        6921   2.49289346       9.04898196E-02
        6941   2.42488074       9.03914049E-02
        6961   2.35265350       9.02481303E-02
        6981   2.27807903       9.00483876E-02
        7001   2.20360756       8.97838846E-02
        7021   2.13229847       8.94540176E-02
        7041   2.06773281       8.90678763E-02
        7061   2.01375389       8.86406600E-02
        7081   1.97402501       8.81863236E-02
        7101   1.95147848       8.77144411E-02
        7121   1.94780445       8.72416422E-02
        7141   1.96315479       8.68037194E-02
        7161   1.99615061       8.64496082E-02
        7181   2.04417157       8.62144977E-02
        7201   2.10381603       8.60999972E-02
        7221   2.17139816       8.60772207E-02
        7241   2.24336600       8.61062258E-02
        7261   2.31657839       8.61535221E-02
        7281   2.38843536       8.61987770E-02
        7301   2.45689440       8.62333551E-02
        7321   2.52041531       8.62558708E-02
        7341   2.57787538       8.62684399E-02
        7361   2.62847781       8.62738341E-02
        7381   2.67167211       8.62747803E-02
        7401   2.70708656       8.62733200E-02
        7421   2.73447609       8.62707198E-02
        7441   2.75368547       8.62677395E-02
        7461   2.76462197       8.62647966E-02
        7481   2.76723838       8.62619057E-02
        7501   2.76152349       8.62587839E-02
        7521   2.74750042       8.62548724E-02
        7541   2.72523093       8.62491503E-02
        7561   2.69482780       8.62401277E-02
        7581   2.65647531       8.62254724E-02
        7601   2.61046100       8.62018615E-02
        7621   2.55721807       8.61642808E-02
        7641   2.49738503       8.61059353E-02
        7661   2.43188047       8.60179812E-02
        7681   2.36199236       8.58898535E-02
        7701   2.28947496       8.57109204E-02
        7721   2.21663094       8.54732543E-02
        7741   2.14634514       8.51754174E-02
        7761   2.08201718       8.48248303E-02
        7781   2.02734160       8.44351649E-02
        7801   1.98591483       8.40196535E-02
        7821   1.96072245       8.35871100E-02
        7841   1.95363867       8.31497833E-02
        7861   1.96509886       8.27360749E-02
        7881   1.99404931       8.23895186E-02
        7901   2.03817487       8.21467489E-02
        7921   2.09431148       8.20165128E-02
        7941   2.15892076       8.19775686E-02
        7961   2.22850966       8.19945559E-02
        7981   2.29992676       8.20347741E-02
        8001   2.37051845       8.20767358E-02
        8021   2.43816710       8.21102113E-02
        8041   2.50125313       8.21326375E-02
        8061   2.55858016       8.21453407E-02
        8081   2.60928845       8.21509063E-02
        8101   2.65277529       8.21518153E-02
        8121   2.68862844       8.21501166E-02
        8141   2.71657252       8.21471736E-02
        8161   2.73642993       8.21438804E-02
        8181   2.74809217       8.21405649E-02
        8201   2.75150228       8.21373165E-02
        8221   2.74664402       8.21338370E-02
        8241   2.73353982       8.21296871E-02
        8261   2.71225309       8.21237490E-02
        8281   2.68290257       8.21146443E-02
        8301   2.64568019       8.21001455E-02
        8321   2.60088253       8.20769221E-02
        8341   2.54895306       8.20403099E-02
        8361   2.49053955       8.19839239E-02
        8381   2.42656517       8.18994045E-02
        8401   2.35831523       8.17770958E-02
        8421   2.28752685       8.16074386E-02
        8441   2.21646500       8.13835561E-02
        8461   2.14794827       8.11048001E-02
        8481   2.08527970       8.07784349E-02
        8501   2.03203130       8.04172158E-02
        8521   1.99166870       8.00329819E-02
        8541   1.96706486       7.96335340E-02
        8561   1.96002769       7.92298242E-02
        8581   1.97099018       7.88468793E-02
        8601   1.99895811       7.85241127E-02
        8621   2.04172158       7.82954693E-02
        8641   2.09624434       7.81696737E-02
        8661   2.15911174       7.81287551E-02
        8681   2.22693467       7.81408697E-02
        8701   2.29663754       7.81759396E-02
        8721   2.36561298       7.82136694E-02
        8741   2.43176746       7.82441571E-02
        8761   2.49348736       7.82645196E-02
        8781   2.54957294       7.82759637E-02
        8801   2.59915423       7.82805979E-02
        8821   2.64161754       7.82809183E-02
        8841   2.67653871       7.82787502E-02
        8861   2.70363212       7.82754049E-02
        8881   2.72271252       7.82717466E-02
        8901   2.73366618       7.82681033E-02
        8921   2.73643398       7.82644823E-02
        8941   2.73100162       7.82606304E-02
        8961   2.71739650       7.82559961E-02
        8981   2.69569302       7.82494918E-02
        9001   2.66602516       7.82396495E-02
        9021   2.62860703       7.82240927E-02
        9041   2.58376551       7.81995654E-02
        9061   2.53198218       7.81612322E-02
        9081   2.47395277       7.81028196E-02
        9101   2.41065788       7.80163556E-02
        9121   2.34344578       7.78928325E-02
        9141   2.27411604       7.77238458E-02
        9161   2.20498466       7.75042996E-02
        9181   2.13889027       7.72353038E-02
        9201   2.07910275       7.69250393E-02
        9221   2.02908754       7.65855685E-02
        9241   1.99212337       7.62271285E-02
        9261   1.97083580       7.58562833E-02
        9281   1.96676588       7.54838586E-02
        9301   1.98011136       7.51354173E-02
        9321   2.00971937       7.48470724E-02
        9341   2.05331707       7.46471658E-02
        9361   2.10789466       7.45405853E-02
        9381   2.17013264       7.45086670E-02
        9401   2.23677421       7.45219812E-02
        9421   2.30488253       7.45540187E-02
        9441   2.37197828       7.45873079E-02
        9461   2.43607163       7.46134892E-02
        9481   2.49562931       7.46304542E-02
        9501   2.54950809       7.46394098E-02
        9521   2.59687686       7.46423453E-02
        9541   2.63714719       7.46415854E-02
        9561   2.66991043       7.46387243E-02
        9581   2.69489121       7.46349543E-02
        9601   2.71191049       7.46309236E-02
        9621   2.72086096       7.46269748E-02
        9641   2.72169042       7.46230111E-02
        9661   2.71439385       7.46187493E-02
        9681   2.69901228       7.46133626E-02
        9701   2.67564058       7.46058971E-02
        9721   2.64444065       7.45945647E-02
        9741   2.60566568       7.45768249E-02
        9761   2.55969524       7.45491534E-02
        9781   2.50708008       7.45065212E-02
        9801   2.44860387       7.44424313E-02
        9821   2.38535547       7.43491203E-02
        9841   2.31880903       7.42184073E-02
        9861   2.25089836       7.40434676E-02
        9881   2.18406034       7.38216415E-02
        9901   2.12121344       7.35565573E-02
        9921   2.06562233       7.32576773E-02
        9941   2.02062321       7.29361773E-02
        9961   1.98922551       7.25997463E-02
        9981   1.97366452       7.22543523E-02
