           1   134.842743      0.722963631    
          21   134.963989      0.722963631    
          41   135.085220      0.722963631    
          61   135.206451      0.722963631    
          81   135.327682      0.722963631    
         101   135.448914      0.722963631    
         121   135.570160      0.722963631    
         141   135.691391      0.722963631    
         161   135.812622      0.722963631    
         181   135.933868      0.722963631    
         201   136.055099      0.722963631    
         221   136.176331      0.722963631    
         241   136.297562      0.722963631    
         261   136.418793      0.722963631    
         281   136.540039      0.722963631    
         301   136.661270      0.722963631    
         321   136.782501      0.722963631    
         341   136.903748      0.722963631    
         361   137.024979      0.722963631    
         381   137.146210      0.722963631    
         401   137.267441      0.722963631    
         421   137.388672      0.722963631    
         441   137.509918      0.722963631    
         461   137.631149      0.722963631    
         481   137.752380      0.722963631    
         501   137.873627      0.722963631    
         521   137.994858      0.722963631    
         541   138.116089      0.722963631    
         561   138.237320      0.722963631    
         581   138.358551      0.722963631    
         601   138.479797      0.722963631    
         621   138.601028      0.722963631    
         641   138.722260      0.722963631    
         661   138.843506      0.722963631    
         681   138.964737      0.722963631    
         701   139.085968      0.722963631    
         721   139.207199      0.722963631    
         741   139.328430      0.722963631    
         761   139.449677      0.722963631    
         781   139.570908      0.722963631    
         801   139.692139      0.722963631    
         821   139.813385      0.722963631    
         841   139.934616      0.722963631    
         861   140.055847      0.722963631    
         881   140.177078      0.722963631    
         901   140.298309      0.722963631    
         921   140.419556      0.722963631    
         941   140.540787      0.722963631    
         961   140.662018      0.722963631    
         981   140.783264      0.722963631    
        1001   140.904495      0.722963631    
        1021   141.025726      0.722963631    
        1041   141.146957      0.722963631    
        1061   141.268188      0.722963631    
        1081   141.389435      0.722963631    
        1101   141.510666      0.722963631    
        1121   141.631897      0.722963631    
        1141   141.753143      0.722963631    
        1161   141.874374      0.722963631    
        1181   141.995605      0.722963631    
        1201   142.116837      0.722963631    
        1221   142.238068      0.722963631    
        1241   142.359314      0.722963631    
        1261   142.480545      0.722963631    
        1281   142.601776      0.722963631    
        1301   142.723022      0.722963631    
        1321   142.844254      0.722963631    
        1341   142.965485      0.722963631    
        1361   143.086716      0.722963631    
        1381   143.207947      0.722963631    
        1401   143.329193      0.722963631    
        1421   143.450424      0.722963631    
        1441   143.571655      0.722963631    
        1461   143.692902      0.722963631    
        1481   143.814133      0.722963631    
        1501   143.935364      0.722963631    
        1521   144.056595      0.722963631    
        1541   144.177826      0.722963631    
        1561   144.299072      0.722963631    
        1581   144.420303      0.722963631    
        1601   144.541534      0.722963631    
        1621   144.662781      0.722963631    
        1641   144.784012      0.722963631    
        1661   144.905243      0.722963631    
        1681   145.026474      0.722963631    
        1701   145.147705      0.722963631    
        1721   145.268951      0.722963631    
        1741   145.390182      0.722963631    
        1761   145.511414      0.722963631    
        1781   145.632660      0.722963631    
        1801   145.753891      0.722963631    
        1821   145.875122      0.722963631    
        1841   145.996353      0.722963631    
        1861   146.117584      0.722963631    
        1881   146.238831      0.722963631    
        1901   146.360062      0.722963631    
        1921   146.481293      0.722963631    
        1941   146.602539      0.722963631    
        1961   146.723770      0.722963631    
        1981   146.845001      0.722963631    
        2001   146.966232      0.722963631    
        2021   147.087463      0.722963631    
        2041   147.208710      0.722963631    
        2061   147.329941      0.722963631    
        2081   147.451172      0.722963631    
        2101   147.572418      0.722963631    
        2121   147.693649      0.722963631    
        2141   147.814880      0.722963631    
        2161   147.936111      0.722963631    
        2181   148.057343      0.722963631    
        2201   148.178589      0.722963631    
        2221   148.299820      0.722963631    
        2241   148.421051      0.722963631    
        2261   148.542297      0.722963631    
        2281   148.663528      0.722963631    
        2301   148.784760      0.722963631    
        2321   148.905991      0.722963631    
        2341   149.027222      0.722963631    
        2361   149.148468      0.722963631    
        2381   149.269699      0.722963631    
        2401   149.390930      0.722963631    
        2421   149.512177      0.722963631    
        2441   149.633408      0.722963631    
        2461   149.754639      0.722963631    
        2481   149.875870      0.722963631    
        2501   149.997101      0.722963631    
        2521   150.118347      0.722963631    
        2541   150.239578      0.722963631    
        2561   150.360809      0.722963631    
        2581   150.482056      0.722963631    
        2601   150.603287      0.722963631    
        2621   150.724518      0.722963631    
        2641   150.845749      0.722963631    
        2661   150.966980      0.722963631    
        2681   151.088226      0.722963631    
        2701   151.209457      0.722963631    
        2721   151.330688      0.722963631    
        2741   151.451935      0.722963631    
        2761   151.573166      0.722963631    
        2781   151.694397      0.722963631    
        2801   151.815628      0.722963631    
        2821   151.936859      0.722963631    
        2841   152.058105      0.722963631    
        2861   152.179337      0.722963631    
        2881   152.300568      0.722963631    
        2901   152.421814      0.722963631    
        2921   152.543045      0.722963631    
        2941   152.664276      0.722963631    
        2961   152.785507      0.722963631    
        2981   152.906738      0.722963631    
        3001   153.027985      0.722963631    
        3021   153.149216      0.722963631    
        3041   153.270447      0.722963631    
        3061   153.391693      0.722963631    
        3081   153.512924      0.722963631    
        3101   153.634155      0.722963631    
        3121   153.755386      0.722963631    
        3141   153.876617      0.722963631    
        3161   153.997864      0.722963631    
        3181   154.119095      0.722963631    
        3201   154.240326      0.722963631    
        3221   154.361572      0.722963631    
        3241   154.482803      0.722963631    
        3261   154.604034      0.722963631    
        3281   154.725266      0.722963631    
        3301   154.846497      0.722963631    
        3321   154.967743      0.722963631    
        3341   155.088974      0.722963631    
        3361   155.210205      0.722963631    
        3381   155.331451      0.722963631    
        3401   155.452682      0.722963631    
        3421   155.573914      0.722963631    
        3441   155.695145      0.722963631    
        3461   155.816376      0.722963631    
        3481   155.937622      0.722963631    
        3501   156.058853      0.722963631    
        3521   156.180084      0.722963631    
        3541   156.301331      0.722963631    
        3561   156.422562      0.722963631    
        3581   156.543793      0.722963631    
        3601   156.665024      0.722963631    
        3621   156.786255      0.722963631    
        3641   156.907501      0.722963631    
        3661   157.028732      0.722963631    
        3681   157.149963      0.722963631    
        3701   157.271210      0.722963631    
        3721   157.392441      0.722963631    
        3741   157.513672      0.722963631    
        3761   157.634903      0.722963631    
        3781   157.756134      0.722963631    
        3801   157.877380      0.722963631    
        3821   157.998611      0.722963631    
        3841   158.119843      0.722963631    
        3861   158.241089      0.722963631    
        3881   158.362320      0.722963631    
        3901   158.483551      0.722963631    
        3921   158.604782      0.722963631    
        3941   158.726013      0.722963631    
        3961   158.847260      0.722963631    
        3981   158.968491      0.722963631    
        4001   159.089722      0.722963631    
        4021   159.210968      0.722963631    
        4041   159.332199      0.722963631    
        4061   159.453430      0.722963631    
        4081   159.574661      0.722963631    
        4101   159.695892      0.722963631    
        4121   159.817139      0.722963631    
        4141   159.938370      0.722963631    
        4161   160.059601      0.722963631    
        4181   160.180847      0.722963631    
        4201   160.302078      0.722963631    
        4221   160.423309      0.722963631    
        4241   160.544540      0.722963631    
        4261   160.665771      0.722963631    
        4281   160.787018      0.722963631    
        4301   160.908249      0.722963631    
        4321   161.029480      0.722963631    
        4341   161.150726      0.722963631    
        4361   161.271957      0.722963631    
        4381   161.393188      0.722963631    
        4401   161.514420      0.722963631    
        4421   161.635651      0.722963631    
        4441   161.756897      0.722963631    
        4461   161.878128      0.722963631    
        4481   161.999359      0.722963631    
        4501   162.120605      0.722963631    
        4521   162.241837      0.722963631    
        4541   162.363068      0.722963631    
        4561   162.484299      0.722963631    
        4581   162.605530      0.722963631    
        4601   162.726776      0.722963631    
        4621   162.848007      0.722963631    
        4641   162.969238      0.722963631    
        4661   163.090485      0.722963631    
        4681   163.211716      0.722963631    
        4701   163.332947      0.722963631    
        4721   163.454178      0.722963631    
        4741   163.575409      0.722963631    
        4761   163.696655      0.722963631    
        4781   163.817886      0.722963631    
        4801   163.939117      0.722963631    
        4821   164.060364      0.722963631    
        4841   164.181595      0.722963631    
        4861   164.302826      0.722963631    
        4881   164.424057      0.722963631    
        4901   164.545288      0.722963631    
        4921   164.666534      0.722963631    
        4941   164.787766      0.722963631    
        4961   164.908997      0.722963631    
        4981   165.030243      0.722963631    
        5001   165.151474      0.722963631    
        5021   165.272705      0.722963631    
        5041   165.393936      0.722963631    
        5061   165.515167      0.722963631    
        5081   165.636414      0.722963631    
        5101   165.757645      0.722963631    
        5121   165.878876      0.722963631    
        5141   166.000122      0.722963631    
        5161   166.121353      0.722963631    
        5181   166.242584      0.722963631    
        5201   166.363815      0.722963631    
        5221   166.485046      0.722963631    
        5241   166.606293      0.722963631    
        5261   166.727524      0.722963631    
        5281   166.848755      0.722963631    
        5301   166.970001      0.722963631    
        5321   167.091232      0.722963631    
        5341   167.212463      0.722963631    
        5361   167.333694      0.722963631    
        5381   167.454926      0.722963631    
        5401   167.576172      0.722963631    
        5421   167.697403      0.722963631    
        5441   167.818634      0.722963631    
        5461   167.939880      0.722963631    
        5481   168.061111      0.722963631    
        5501   168.182343      0.722963631    
        5521   168.303574      0.722963631    
        5541   168.424805      0.722963631    
        5561   168.546051      0.722963631    
        5581   168.667282      0.722963631    
        5601   168.788513      0.722963631    
        5621   168.909760      0.722963631    
        5641   169.030991      0.722963631    
        5661   169.152222      0.722963631    
        5681   169.273453      0.722963631    
        5701   169.394684      0.722963631    
        5721   169.515930      0.722963631    
        5741   169.637161      0.722963631    
        5761   169.758392      0.722963631    
        5781   169.879639      0.722963631    
        5801   170.000870      0.722963631    
        5821   170.122101      0.722963631    
        5841   170.243332      0.722963631    
        5861   170.364563      0.722963631    
        5881   170.485809      0.722963631    
        5901   170.607040      0.722963631    
        5921   170.728271      0.722963631    
        5941   170.849518      0.722963631    
        5961   170.970749      0.722963631    
        5981   171.091980      0.722963631    
        6001   171.213211      0.722963631    
        6021   171.334442      0.722963631    
        6041   171.455688      0.722963631    
        6061   171.576920      0.722963631    
        6081   171.698151      0.722963631    
        6101   171.819397      0.722963631    
        6121   171.940628      0.722963631    
        6141   172.061859      0.722963631    
        6161   172.183090      0.722963631    
        6181   172.304321      0.722963631    
        6201   172.425568      0.722963631    
        6221   172.546799      0.722963631    
        6241   172.668030      0.722963631    
        6261   172.789276      0.722963631    
        6281   172.910507      0.722963631    
        6301   173.031738      0.722963631    
        6321   173.152969      0.722963631    
        6341   173.274200      0.722963631    
        6361   173.395447      0.722963631    
        6381   173.516678      0.722963631    
        6401   173.637909      0.722963631    
        6421   173.759155      0.722963631    
        6441   173.880386      0.722963631    
        6461   174.001617      0.722963631    
        6481   174.122849      0.722963631    
        6501   174.244080      0.722963631    
        6521   174.365326      0.722963631    
        6541   174.486557      0.722963631    
        6561   174.607788      0.722963631    
        6581   174.729034      0.722963631    
        6601   174.850266      0.722963631    
        6621   174.971497      0.722963631    
        6641   175.092728      0.722963631    
        6661   175.213959      0.722963631    
        6681   175.335205      0.722963631    
        6701   175.456436      0.722963631    
        6721   175.577667      0.722963631    
        6741   175.698914      0.722963631    
        6761   175.820145      0.722963631    
        6781   175.941376      0.722963631    
        6801   176.062607      0.722963631    
        6821   176.183838      0.722963631    
        6841   176.305084      0.722963631    
        6861   176.426315      0.722963631    
        6881   176.547546      0.722963631    
        6901   176.668793      0.722963631    
        6921   176.790024      0.722963631    
        6941   176.911255      0.722963631    
        6961   177.032486      0.722963631    
        6981   177.153717      0.722963631    
        7001   177.274963      0.722963631    
        7021   177.396194      0.722963631    
        7041   177.517426      0.722963631    
        7061   177.638672      0.722963631    
        7081   177.759903      0.722963631    
        7101   177.881134      0.722963631    
        7121   178.002365      0.722963631    
        7141   178.123596      0.722963631    
        7161   178.244843      0.722963631    
        7181   178.366074      0.722963631    
        7201   178.487305      0.722963631    
        7221   178.608551      0.722963631    
        7241   178.729782      0.722963631    
        7261   178.851013      0.722963631    
        7281   178.972244      0.722963631    
        7301   179.093475      0.722963631    
        7321   179.214722      0.722963631    
        7341   179.335953      0.722963631    
        7361   179.457184      0.722963631    
        7381   179.578430      0.722963631    
        7401   179.699661      0.722963631    
        7421   179.820892      0.722963631    
        7441   179.942123      0.722963631    
        7461   180.063354      0.722963631    
        7481   180.184601      0.722963631    
        7501   180.305832      0.722963631    
        7521   180.427063      0.722963631    
        7541   180.548309      0.722963631    
        7561   180.669540      0.722963631    
        7581   180.790771      0.722963631    
        7601   180.912003      0.722963631    
        7621   181.033234      0.722963631    
        7641   181.154480      0.722963631    
        7661   181.275711      0.722963631    
        7681   181.396942      0.722963631    
        7701   181.518188      0.722963631    
        7721   181.639420      0.722963631    
        7741   181.760651      0.722963631    
        7761   181.881882      0.722963631    
        7781   182.003113      0.722963631    
        7801   182.124359      0.722963631    
        7821   182.245590      0.722963631    
        7841   182.366821      0.722963631    
        7861   182.488068      0.722963631    
        7881   182.609299      0.722963631    
        7901   182.730530      0.722963631    
        7921   182.851761      0.722963631    
        7941   182.972992      0.722963631    
        7961   183.094238      0.722963631    
        7981   183.215469      0.722963631    
        8001   183.336700      0.722963631    
        8021   183.457947      0.722963631    
        8041   183.579178      0.722963631    
        8061   183.700409      0.722963631    
        8081   183.821640      0.722963631    
        8101   183.942871      0.722963631    
        8121   184.064117      0.722963631    
        8141   184.185349      0.722963631    
        8161   184.306580      0.722963631    
        8181   184.427826      0.722963631    
        8201   184.549057      0.722963631    
        8221   184.670288      0.722963631    
        8241   184.791519      0.722963631    
        8261   184.912750      0.722963631    
        8281   185.033997      0.722963631    
        8301   185.155228      0.722963631    
        8321   185.276459      0.722963631    
        8341   185.397705      0.722963631    
        8361   185.518936      0.722963631    
        8381   185.640167      0.722963631    
        8401   185.761398      0.722963631    
        8421   185.882629      0.722963631    
        8441   186.003876      0.722963631    
        8461   186.125107      0.722963631    
        8481   186.246338      0.722963631    
        8501   186.367584      0.722963631    
        8521   186.488815      0.722963631    
        8541   186.610046      0.722963631    
        8561   186.731277      0.722963631    
        8581   186.852509      0.722963631    
        8601   186.973755      0.722963631    
        8621   187.094986      0.722963631    
        8641   187.216217      0.722963631    
        8661   187.337463      0.722963631    
        8681   187.458694      0.722963631    
        8701   187.579926      0.722963631    
        8721   187.701157      0.722963631    
        8741   187.822388      0.722963631    
        8761   187.943634      0.722963631    
        8781   188.064865      0.722963631    
        8801   188.186096      0.722963631    
        8821   188.307343      0.722963631    
        8841   188.428574      0.722963631    
        8861   188.549805      0.722963631    
        8881   188.671036      0.722963631    
        8901   188.792267      0.722963631    
        8921   188.913513      0.722963631    
        8941   189.034744      0.722963631    
        8961   189.155975      0.722963631    
        8981   189.277222      0.722963631    
        9001   189.398453      0.722963631    
        9021   189.519684      0.722963631    
        9041   189.640915      0.722963631    
        9061   189.762146      0.722963631    
        9081   189.883392      0.722963631    
        9101   190.004623      0.722963631    
        9121   190.125854      0.722963631    
        9141   190.247101      0.722963631    
        9161   190.368332      0.722963631    
        9181   190.489563      0.722963631    
        9201   190.610794      0.722963631    
        9221   190.732025      0.722963631    
        9241   190.853271      0.722963631    
        9261   190.974503      0.722963631    
        9281   191.095734      0.722963631    
        9301   191.216980      0.722963631    
        9321   191.338211      0.722963631    
        9341   191.459442      0.722963631    
        9361   191.580673      0.722963631    
        9381   191.701904      0.722963631    
        9401   191.823151      0.722963631    
        9421   191.944382      0.722963631    
        9441   192.065613      0.722963631    
        9461   192.186859      0.722963631    
        9481   192.308090      0.722963631    
        9501   192.429321      0.722963631    
        9521   192.550552      0.722963631    
        9541   192.671783      0.722963631    
        9561   192.793030      0.722963631    
        9581   192.914261      0.722963631    
        9601   193.035492      0.722963631    
        9621   193.156738      0.722963631    
        9641   193.277969      0.722963631    
        9661   193.399200      0.722963631    
        9681   193.520432      0.722963631    
        9701   193.641663      0.722963631    
        9721   193.762909      0.722963631    
        9741   193.884140      0.722963631    
        9761   194.005371      0.722963631    
        9781   194.126617      0.722963631    
        9801   194.247849      0.722963631    
        9821   194.369080      0.722963631    
        9841   194.490311      0.722963631    
        9861   194.611542      0.722963631    
        9881   194.732788      0.722963631    
        9901   194.854019      0.722963631    
        9921   194.975250      0.722963631    
        9941   195.096497      0.722963631    
        9961   195.217728      0.722963631    
        9981   195.338959      0.722963631    
