           1   64.8911514      0.722963631    
          21   65.0123901      0.722963631    
          41   65.1336365      0.722963631    
          61   65.2548752      0.722963631    
          81   65.3761215      0.722963631    
         101   65.4973602      0.722963631    
         121   65.6186066      0.722963631    
         141   65.7398453      0.722963631    
         161   65.8610916      0.722963631    
         181   65.9823303      0.722963631    
         201   66.1035767      0.722963631    
         221   66.2248154      0.722963631    
         241   66.3460617      0.722963631    
         261   66.4673004      0.722963631    
         281   66.5885468      0.722963631    
         301   66.7097855      0.722963631    
         321   66.8310318      0.722963631    
         341   66.9522705      0.722963631    
         361   67.0735168      0.722963631    
         381   67.1947556      0.722963631    
         401   67.3160019      0.722963631    
         421   67.4372406      0.722963631    
         441   67.5584793      0.722963631    
         461   67.6797256      0.722963631    
         481   67.8009644      0.722963631    
         501   67.9222107      0.722963631    
         521   68.0434494      0.722963631    
         541   68.1646957      0.722963631    
         561   68.2859344      0.722963631    
         581   68.4071808      0.722963631    
         601   68.5284195      0.722963631    
         621   68.6496658      0.722963631    
         641   68.7709045      0.722963631    
         661   68.8921509      0.722963631    
         681   69.0133896      0.722963631    
         701   69.1346359      0.722963631    
         721   69.2558746      0.722963631    
         741   69.3771210      0.722963631    
         761   69.4983597      0.722963631    
         781   69.6196060      0.722963631    
         801   69.7408447      0.722963631    
         821   69.8620911      0.722963631    
         841   69.9833298      0.722963631    
         861   70.1045761      0.722963631    
         881   70.2258148      0.722963631    
         901   70.3470612      0.722963631    
         921   70.4682999      0.722963631    
         941   70.5895462      0.722963631    
         961   70.7107849      0.722963631    
         981   70.8320312      0.722963631    
        1001   70.9532700      0.722963631    
        1021   71.0745163      0.722963631    
        1041   71.1957550      0.722963631    
        1061   71.3170013      0.722963631    
        1081   71.4382401      0.722963631    
        1101   71.5594864      0.722963631    
        1121   71.6807251      0.722963631    
        1141   71.8019714      0.722963631    
        1161   71.9232101      0.722963631    
        1181   72.0444565      0.722963631    
        1201   72.1656952      0.722963631    
        1221   72.2869415      0.722963631    
        1241   72.4081802      0.722963631    
        1261   72.5294266      0.722963631    
        1281   72.6506653      0.722963631    
        1301   72.7719116      0.722963631    
        1321   72.8931503      0.722963631    
        1341   73.0143967      0.722963631    
        1361   73.1356354      0.722963631    
        1381   73.2568817      0.722963631    
        1401   73.3781204      0.722963631    
        1421   73.4993668      0.722963631    
        1441   73.6206055      0.722963631    
        1461   73.7418518      0.722963631    
        1481   73.8630905      0.722963631    
        1501   73.9843369      0.722963631    
        1521   74.1055756      0.722963631    
        1541   74.2268219      0.722963631    
        1561   74.3480606      0.722963631    
        1581   74.4693069      0.722963631    
        1601   74.5905457      0.722963631    
        1621   74.7117920      0.722963631    
        1641   74.8330307      0.722963631    
        1661   74.9542770      0.722963631    
        1681   75.0755157      0.722963631    
        1701   75.1967621      0.722963631    
        1721   75.3180008      0.722963631    
        1741   75.4392471      0.722963631    
        1761   75.5604858      0.722963631    
        1781   75.6817322      0.722963631    
        1801   75.8029709      0.722963631    
        1821   75.9242172      0.722963631    
        1841   76.0454559      0.722963631    
        1861   76.1667023      0.722963631    
        1881   76.2879410      0.722963631    
        1901   76.4091873      0.722963631    
        1921   76.5304260      0.722963631    
        1941   76.6516724      0.722963631    
        1961   76.7729111      0.722963631    
        1981   76.8941574      0.722963631    
        2001   77.0153961      0.722963631    
        2021   77.1366425      0.722963631    
        2041   77.2578812      0.722963631    
        2061   77.3791275      0.722963631    
        2081   77.5003662      0.722963631    
        2101   77.6216125      0.722963631    
        2121   77.7428513      0.722963631    
        2141   77.8640976      0.722963631    
        2161   77.9853363      0.722963631    
        2181   78.1065826      0.722963631    
        2201   78.2278214      0.722963631    
        2221   78.3490677      0.722963631    
        2241   78.4703064      0.722963631    
        2261   78.5915527      0.722963631    
        2281   78.7127914      0.722963631    
        2301   78.8340378      0.722963631    
        2321   78.9552765      0.722963631    
        2341   79.0765228      0.722963631    
        2361   79.1977615      0.722963631    
        2381   79.3190079      0.722963631    
        2401   79.4402466      0.722963631    
        2421   79.5614929      0.722963631    
        2441   79.6827316      0.722963631    
        2461   79.8039780      0.722963631    
        2481   79.9252167      0.722963631    
        2501   80.0464630      0.722963631    
        2521   80.1677017      0.722963631    
        2541   80.2889481      0.722963631    
        2561   80.4101868      0.722963631    
        2581   80.5314331      0.722963631    
        2601   80.6526718      0.722963631    
        2621   80.7739182      0.722963631    
        2641   80.8951569      0.722963631    
        2661   81.0164032      0.722963631    
        2681   81.1376419      0.722963631    
        2701   81.2588882      0.722963631    
        2721   81.3801270      0.722963631    
        2741   81.5013733      0.722963631    
        2761   81.6226120      0.722963631    
        2781   81.7438583      0.722963631    
        2801   81.8650970      0.722963631    
        2821   81.9863434      0.722963631    
        2841   82.1075821      0.722963631    
        2861   82.2288284      0.722963631    
        2881   82.3500671      0.722963631    
        2901   82.4713135      0.722963631    
        2921   82.5925522      0.722963631    
        2941   82.7137985      0.722963631    
        2961   82.8350372      0.722963631    
        2981   82.9562836      0.722963631    
        3001   83.0775223      0.722963631    
        3021   83.1987686      0.722963631    
        3041   83.3200073      0.722963631    
        3061   83.4412537      0.722963631    
        3081   83.5624924      0.722963631    
        3101   83.6837387      0.722963631    
        3121   83.8049774      0.722963631    
        3141   83.9262238      0.722963631    
        3161   84.0474625      0.722963631    
        3181   84.1687088      0.722963631    
        3201   84.2899475      0.722963631    
        3221   84.4111938      0.722963631    
        3241   84.5324326      0.722963631    
        3261   84.6536789      0.722963631    
        3281   84.7749176      0.722963631    
        3301   84.8961639      0.722963631    
        3321   85.0174026      0.722963631    
        3341   85.1386490      0.722963631    
        3361   85.2598877      0.722963631    
        3381   85.3811340      0.722963631    
        3401   85.5023727      0.722963631    
        3421   85.6236191      0.722963631    
        3441   85.7448578      0.722963631    
        3461   85.8661041      0.722963631    
        3481   85.9873428      0.722963631    
        3501   86.1085892      0.722963631    
        3521   86.2298279      0.722963631    
        3541   86.3510742      0.722963631    
        3561   86.4723129      0.722963631    
        3581   86.5935593      0.722963631    
        3601   86.7147980      0.722963631    
        3621   86.8360443      0.722963631    
        3641   86.9572830      0.722963631    
        3661   87.0785294      0.722963631    
        3681   87.1997681      0.722963631    
        3701   87.3210144      0.722963631    
        3721   87.4422531      0.722963631    
        3741   87.5634995      0.722963631    
        3761   87.6847382      0.722963631    
        3781   87.8059845      0.722963631    
        3801   87.9272232      0.722963631    
        3821   88.0484695      0.722963631    
        3841   88.1697083      0.722963631    
        3861   88.2909546      0.722963631    
        3881   88.4121933      0.722963631    
        3901   88.5334396      0.722963631    
        3921   88.6546783      0.722963631    
        3941   88.7759247      0.722963631    
        3961   88.8971634      0.722963631    
        3981   89.0184097      0.722963631    
        4001   89.1396484      0.722963631    
        4021   89.2608948      0.722963631    
        4041   89.3821335      0.722963631    
        4061   89.5033798      0.722963631    
        4081   89.6246185      0.722963631    
        4101   89.7458649      0.722963631    
        4121   89.8671036      0.722963631    
        4141   89.9883499      0.722963631    
        4161   90.1095886      0.722963631    
        4181   90.2308350      0.722963631    
        4201   90.3520737      0.722963631    
        4221   90.4733200      0.722963631    
        4241   90.5945587      0.722963631    
        4261   90.7158051      0.722963631    
        4281   90.8370438      0.722963631    
        4301   90.9582901      0.722963631    
        4321   91.0795288      0.722963631    
        4341   91.2007751      0.722963631    
        4361   91.3220139      0.722963631    
        4381   91.4432602      0.722963631    
        4401   91.5644989      0.722963631    
        4421   91.6857452      0.722963631    
        4441   91.8069839      0.722963631    
        4461   91.9282303      0.722963631    
        4481   92.0494690      0.722963631    
        4501   92.1707153      0.722963631    
        4521   92.2919540      0.722963631    
        4541   92.4132004      0.722963631    
        4561   92.5344391      0.722963631    
        4581   92.6556854      0.722963631    
        4601   92.7769241      0.722963631    
        4621   92.8981705      0.722963631    
        4641   93.0194092      0.722963631    
        4661   93.1406555      0.722963631    
        4681   93.2618942      0.722963631    
        4701   93.3831406      0.722963631    
        4721   93.5043793      0.722963631    
        4741   93.6256256      0.722963631    
        4761   93.7468643      0.722963631    
        4781   93.8681107      0.722963631    
        4801   93.9893494      0.722963631    
        4821   94.1105957      0.722963631    
        4841   94.2318344      0.722963631    
        4861   94.3530807      0.722963631    
        4881   94.4743195      0.722963631    
        4901   94.5955658      0.722963631    
        4921   94.7168045      0.722963631    
        4941   94.8380508      0.722963631    
        4961   94.9592896      0.722963631    
        4981   95.0805359      0.722963631    
        5001   95.2017746      0.722963631    
        5021   95.3230209      0.722963631    
        5041   95.4442596      0.722963631    
        5061   95.5655060      0.722963631    
        5081   95.6867447      0.722963631    
        5101   95.8079910      0.722963631    
        5121   95.9292297      0.722963631    
        5141   96.0504761      0.722963631    
        5161   96.1717148      0.722963631    
        5181   96.2929611      0.722963631    
        5201   96.4141998      0.722963631    
        5221   96.5354462      0.722963631    
        5241   96.6566849      0.722963631    
        5261   96.7779312      0.722963631    
        5281   96.8991699      0.722963631    
        5301   97.0204163      0.722963631    
        5321   97.1416550      0.722963631    
        5341   97.2629013      0.722963631    
        5361   97.3841400      0.722963631    
        5381   97.5053864      0.722963631    
        5401   97.6266251      0.722963631    
        5421   97.7478714      0.722963631    
        5441   97.8691101      0.722963631    
        5461   97.9903564      0.722963631    
        5481   98.1115952      0.722963631    
        5501   98.2328415      0.722963631    
        5521   98.3540802      0.722963631    
        5541   98.4753265      0.722963631    
        5561   98.5965652      0.722963631    
        5581   98.7178116      0.722963631    
        5601   98.8390503      0.722963631    
        5621   98.9602966      0.722963631    
        5641   99.0815353      0.722963631    
        5661   99.2027817      0.722963631    
        5681   99.3240204      0.722963631    
        5701   99.4452667      0.722963631    
        5721   99.5665054      0.722963631    
        5741   99.6877518      0.722963631    
        5761   99.8089905      0.722963631    
        5781   99.9302368      0.722963631    
        5801   100.051476      0.722963631    
        5821   100.172722      0.722963631    
        5841   100.293961      0.722963631    
        5861   100.415207      0.722963631    
        5881   100.536446      0.722963631    
        5901   100.657692      0.722963631    
        5921   100.778931      0.722963631    
        5941   100.900177      0.722963631    
        5961   101.021416      0.722963631    
        5981   101.142662      0.722963631    
        6001   101.263901      0.722963631    
        6021   101.385147      0.722963631    
        6041   101.506386      0.722963631    
        6061   101.627632      0.722963631    
        6081   101.748871      0.722963631    
        6101   101.870117      0.722963631    
        6121   101.991356      0.722963631    
        6141   102.112602      0.722963631    
        6161   102.233841      0.722963631    
        6181   102.355087      0.722963631    
        6201   102.476326      0.722963631    
        6221   102.597572      0.722963631    
        6241   102.718811      0.722963631    
        6261   102.840057      0.722963631    
        6281   102.961296      0.722963631    
        6301   103.082542      0.722963631    
        6321   103.203781      0.722963631    
        6341   103.325027      0.722963631    
        6361   103.446266      0.722963631    
        6381   103.567513      0.722963631    
        6401   103.688751      0.722963631    
        6421   103.809998      0.722963631    
        6441   103.931236      0.722963631    
        6461   104.052483      0.722963631    
        6481   104.173721      0.722963631    
        6501   104.294968      0.722963631    
        6521   104.416206      0.722963631    
        6541   104.537453      0.722963631    
        6561   104.658691      0.722963631    
        6581   104.779938      0.722963631    
        6601   104.901176      0.722963631    
        6621   105.022423      0.722963631    
        6641   105.143661      0.722963631    
        6661   105.264908      0.722963631    
        6681   105.386147      0.722963631    
        6701   105.507393      0.722963631    
        6721   105.628632      0.722963631    
        6741   105.749878      0.722963631    
        6761   105.871117      0.722963631    
        6781   105.992363      0.722963631    
        6801   106.113602      0.722963631    
        6821   106.234848      0.722963631    
        6841   106.356087      0.722963631    
        6861   106.477333      0.722963631    
        6881   106.598572      0.722963631    
        6901   106.719818      0.722963631    
        6921   106.841057      0.722963631    
        6941   106.962303      0.722963631    
        6961   107.083542      0.722963631    
        6981   107.204788      0.722963631    
        7001   107.326027      0.722963631    
        7021   107.447273      0.722963631    
        7041   107.568512      0.722963631    
        7061   107.689758      0.722963631    
        7081   107.810997      0.722963631    
        7101   107.932243      0.722963631    
        7121   108.053482      0.722963631    
        7141   108.174728      0.722963631    
        7161   108.295967      0.722963631    
        7181   108.417213      0.722963631    
        7201   108.538452      0.722963631    
        7221   108.659698      0.722963631    
        7241   108.780937      0.722963631    
        7261   108.902184      0.722963631    
        7281   109.023422      0.722963631    
        7301   109.144669      0.722963631    
        7321   109.265907      0.722963631    
        7341   109.387154      0.722963631    
        7361   109.508392      0.722963631    
        7381   109.629639      0.722963631    
        7401   109.750877      0.722963631    
        7421   109.872124      0.722963631    
        7441   109.993362      0.722963631    
        7461   110.114609      0.722963631    
        7481   110.235847      0.722963631    
        7501   110.357094      0.722963631    
        7521   110.478333      0.722963631    
        7541   110.599579      0.722963631    
        7561   110.720818      0.722963631    
        7581   110.842064      0.722963631    
        7601   110.963303      0.722963631    
        7621   111.084549      0.722963631    
        7641   111.205788      0.722963631    
        7661   111.327034      0.722963631    
        7681   111.448273      0.722963631    
        7701   111.569519      0.722963631    
        7721   111.690758      0.722963631    
        7741   111.812004      0.722963631    
        7761   111.933243      0.722963631    
        7781   112.054489      0.722963631    
        7801   112.175728      0.722963631    
        7821   112.296974      0.722963631    
        7841   112.418213      0.722963631    
        7861   112.539459      0.722963631    
        7881   112.660698      0.722963631    
        7901   112.781944      0.722963631    
        7921   112.903183      0.722963631    
        7941   113.024429      0.722963631    
        7961   113.145668      0.722963631    
        7981   113.266914      0.722963631    
        8001   113.388153      0.722963631    
        8021   113.509399      0.722963631    
        8041   113.630638      0.722963631    
        8061   113.751884      0.722963631    
        8081   113.873123      0.722963631    
        8101   113.994370      0.722963631    
        8121   114.115608      0.722963631    
        8141   114.236855      0.722963631    
        8161   114.358093      0.722963631    
        8181   114.479340      0.722963631    
        8201   114.600578      0.722963631    
        8221   114.721825      0.722963631    
        8241   114.843063      0.722963631    
        8261   114.964310      0.722963631    
        8281   115.085548      0.722963631    
        8301   115.206795      0.722963631    
        8321   115.328033      0.722963631    
        8341   115.449280      0.722963631    
        8361   115.570518      0.722963631    
        8381   115.691765      0.722963631    
        8401   115.813004      0.722963631    
        8421   115.934250      0.722963631    
        8441   116.055489      0.722963631    
        8461   116.176735      0.722963631    
        8481   116.297974      0.722963631    
        8501   116.419220      0.722963631    
        8521   116.540459      0.722963631    
        8541   116.661705      0.722963631    
        8561   116.782944      0.722963631    
        8581   116.904190      0.722963631    
        8601   117.025429      0.722963631    
        8621   117.146675      0.722963631    
        8641   117.267914      0.722963631    
        8661   117.389160      0.722963631    
        8681   117.510399      0.722963631    
        8701   117.631645      0.722963631    
        8721   117.752884      0.722963631    
        8741   117.874130      0.722963631    
        8761   117.995369      0.722963631    
        8781   118.116615      0.722963631    
        8801   118.237854      0.722963631    
        8821   118.359100      0.722963631    
        8841   118.480339      0.722963631    
        8861   118.601585      0.722963631    
        8881   118.722824      0.722963631    
        8901   118.844070      0.722963631    
        8921   118.965309      0.722963631    
        8941   119.086555      0.722963631    
        8961   119.207794      0.722963631    
        8981   119.329041      0.722963631    
        9001   119.450279      0.722963631    
        9021   119.571526      0.722963631    
        9041   119.692764      0.722963631    
        9061   119.814011      0.722963631    
        9081   119.935249      0.722963631    
        9101   120.056496      0.722963631    
        9121   120.177734      0.722963631    
        9141   120.298981      0.722963631    
        9161   120.420219      0.722963631    
        9181   120.541466      0.722963631    
        9201   120.662704      0.722963631    
        9221   120.783951      0.722963631    
        9241   120.905190      0.722963631    
        9261   121.026436      0.722963631    
        9281   121.147675      0.722963631    
        9301   121.268921      0.722963631    
        9321   121.390160      0.722963631    
        9341   121.511406      0.722963631    
        9361   121.632645      0.722963631    
        9381   121.753891      0.722963631    
        9401   121.875130      0.722963631    
        9421   121.996376      0.722963631    
        9441   122.117615      0.722963631    
        9461   122.238861      0.722963631    
        9481   122.360100      0.722963631    
        9501   122.481346      0.722963631    
        9521   122.602585      0.722963631    
        9541   122.723831      0.722963631    
        9561   122.845070      0.722963631    
        9581   122.966316      0.722963631    
        9601   123.087555      0.722963631    
        9621   123.208801      0.722963631    
        9641   123.330040      0.722963631    
        9661   123.451286      0.722963631    
        9681   123.572525      0.722963631    
        9701   123.693771      0.722963631    
        9721   123.815010      0.722963631    
        9741   123.936256      0.722963631    
        9761   124.057495      0.722963631    
        9781   124.178741      0.722963631    
        9801   124.299980      0.722963631    
        9821   124.421227      0.722963631    
        9841   124.542465      0.722963631    
        9861   124.663712      0.722963631    
        9881   124.784950      0.722963631    
        9901   124.906197      0.722963631    
        9921   125.027435      0.722963631    
        9941   125.148682      0.722963631    
        9961   125.269920      0.722963631    
        9981   125.391167      0.722963631    
