           1   515.810364      0.722963631    
          41   516.052795      0.722963631    
          81   516.295288      0.722963631    
         121   516.537781      0.722963631    
         161   516.780212      0.722963631    
         201   517.022705      0.722963631    
         241   517.265137      0.722963631    
         281   517.507629      0.722963631    
         321   517.750122      0.722963631    
         361   517.992554      0.722963631    
         401   518.235046      0.722963631    
         441   518.477539      0.722963631    
         481   518.719971      0.722963631    
         521   518.962463      0.722963631    
         561   519.204895      0.722963631    
         601   519.447388      0.722963631    
         641   519.689880      0.722963631    
         681   519.932312      0.722963631    
         721   520.174805      0.722963631    
         761   520.417297      0.722963631    
         801   520.659729      0.722963631    
         841   520.902222      0.722963631    
         881   521.144653      0.722963631    
         921   521.387146      0.722963631    
         961   521.629639      0.722963631    
        1001   521.872070      0.722963631    
        1041   522.114563      0.722963631    
        1081   522.357056      0.722963631    
        1121   522.599487      0.722963631    
        1161   522.841980      0.722963631    
        1201   523.084412      0.722963631    
        1241   523.326904      0.722963631    
        1281   523.569397      0.722963631    
        1321   523.811829      0.722963631    
        1361   524.054321      0.722963631    
        1401   524.296814      0.722963631    
        1441   524.539246      0.722963631    
        1481   524.781738      0.722963631    
        1521   525.024170      0.722963631    
        1561   525.266663      0.722963631    
        1601   525.509155      0.722963631    
        1641   525.751587      0.722963631    
        1681   525.994080      0.722963631    
        1721   526.236572      0.722963631    
        1761   526.479004      0.722963631    
        1801   526.721497      0.722963631    
        1841   526.963928      0.722963631    
        1881   527.206421      0.722963631    
        1921   527.448914      0.722963631    
        1961   527.691345      0.722963631    
        2001   527.933838      0.722963631    
        2041   528.176331      0.722963631    
        2081   528.418762      0.722963631    
        2121   528.661255      0.722963631    
        2161   528.903687      0.722963631    
        2201   529.146179      0.722963631    
        2241   529.388672      0.722963631    
        2281   529.631104      0.722963631    
        2321   529.873596      0.722963631    
        2361   530.116089      0.722963631    
        2401   530.358521      0.722963631    
        2441   530.601013      0.722963631    
        2481   530.843445      0.722963631    
        2521   531.085938      0.722963631    
        2561   531.328430      0.722963631    
        2601   531.570862      0.722963631    
        2641   531.813354      0.722963631    
        2681   532.055847      0.722963631    
        2721   532.298279      0.722963631    
        2761   532.540771      0.722963631    
        2801   532.783203      0.722963631    
        2841   533.025696      0.722963631    
        2881   533.268188      0.722963631    
        2921   533.510620      0.722963631    
        2961   533.753113      0.722963631    
        3001   533.995605      0.722963631    
        3041   534.238037      0.722963631    
        3081   534.480530      0.722963631    
        3121   534.722961      0.722963631    
        3161   534.965454      0.722963631    
        3201   535.207947      0.722963631    
        3241   535.450378      0.722963631    
        3281   535.692871      0.722963631    
        3321   535.935364      0.722963631    
        3361   536.177795      0.722963631    
        3401   536.420288      0.722963631    
        3441   536.662720      0.722963631    
        3481   536.905212      0.722963631    
        3521   537.147705      0.722963631    
        3561   537.390137      0.722963631    
        3601   537.632629      0.722963631    
        3641   537.875122      0.722963631    
        3681   538.117554      0.722963631    
        3721   538.360046      0.722963631    
        3761   538.602478      0.722963631    
        3801   538.844971      0.722963631    
        3841   539.087463      0.722963631    
        3881   539.329895      0.722963631    
        3921   539.572388      0.722963631    
        3961   539.814880      0.722963631    
        4001   540.057312      0.722963631    
        4041   540.299805      0.722963631    
        4081   540.542236      0.722963631    
        4121   540.784729      0.722963631    
        4161   541.027222      0.722963631    
        4201   541.269653      0.722963631    
        4241   541.512146      0.722963631    
        4281   541.754639      0.722963631    
        4321   541.997070      0.722963631    
        4361   542.239563      0.722963631    
        4401   542.481995      0.722963631    
        4441   542.724487      0.722963631    
        4481   542.966980      0.722963631    
        4521   543.209412      0.722963631    
        4561   543.451904      0.722963631    
        4601   543.694397      0.722963631    
        4641   543.936829      0.722963631    
        4681   544.179321      0.722963631    
        4721   544.421753      0.722963631    
        4761   544.664246      0.722963631    
        4801   544.906738      0.722963631    
        4841   545.149170      0.722963631    
        4881   545.391663      0.722963631    
        4921   545.634155      0.722963631    
        4961   545.876587      0.722963631    
        5001   546.119080      0.722963631    
        5041   546.361511      0.722963631    
        5081   546.604004      0.722963631    
        5121   546.846497      0.722963631    
        5161   547.088928      0.722963631    
        5201   547.331421      0.722963631    
        5241   547.573914      0.722963631    
        5281   547.816345      0.722963631    
        5321   548.058838      0.722963631    
        5361   548.301270      0.722963631    
        5401   548.543762      0.722963631    
        5441   548.786255      0.722963631    
        5481   549.028687      0.722963631    
        5521   549.271179      0.722963631    
        5561   549.513672      0.722963631    
        5601   549.756104      0.722963631    
        5641   549.998596      0.722963631    
        5681   550.241028      0.722963631    
        5721   550.483521      0.722963631    
        5761   550.726013      0.722963631    
        5801   550.968445      0.722963631    
        5841   551.210938      0.722963631    
        5881   551.453430      0.722963631    
        5921   551.695862      0.722963631    
        5961   551.938354      0.722963631    
        6001   552.180786      0.722963631    
        6041   552.423279      0.722963631    
        6081   552.665771      0.722963631    
        6121   552.908203      0.722963631    
        6161   553.150696      0.722963631    
        6201   553.393188      0.722963631    
        6241   553.635620      0.722963631    
        6281   553.878113      0.722963631    
        6321   554.120544      0.722963631    
        6361   554.363037      0.722963631    
        6401   554.605530      0.722963631    
        6441   554.847961      0.722963631    
        6481   555.090454      0.722963631    
        6521   555.332947      0.722963631    
        6561   555.575378      0.722963631    
        6601   555.817871      0.722963631    
        6641   556.060303      0.722963631    
        6681   556.302795      0.722963631    
        6721   556.545288      0.722963631    
        6761   556.787720      0.722963631    
        6801   557.030212      0.722963631    
        6841   557.272705      0.722963631    
        6881   557.515137      0.722963631    
        6921   557.757629      0.722963631    
        6961   558.000061      0.722963631    
        7001   558.242554      0.722963631    
        7041   558.485046      0.722963631    
        7081   558.727478      0.722963631    
        7121   558.969971      0.722963631    
        7161   559.212463      0.722963631    
        7201   559.454895      0.722963631    
        7241   559.697388      0.722963631    
        7281   559.939819      0.722963631    
        7321   560.182312      0.722963631    
        7361   560.424805      0.722963631    
        7401   560.667236      0.722963631    
        7441   560.909729      0.722963631    
        7481   561.152222      0.722963631    
        7521   561.394653      0.722963631    
        7561   561.637146      0.722963631    
        7601   561.879578      0.722963631    
        7641   562.122070      0.722963631    
        7681   562.364563      0.722963631    
        7721   562.606995      0.722963631    
        7761   562.849487      0.722963631    
        7801   563.091980      0.722963631    
        7841   563.334412      0.722963631    
        7881   563.576904      0.722963631    
        7921   563.819336      0.722963631    
        7961   564.061829      0.722963631    
        8001   564.304321      0.722963631    
        8041   564.546753      0.722963631    
        8081   564.789246      0.722963631    
        8121   565.031738      0.722963631    
        8161   565.274170      0.722963631    
        8201   565.516663      0.722963631    
        8241   565.759094      0.722963631    
        8281   566.001587      0.722963631    
        8321   566.244080      0.722963631    
        8361   566.486511      0.722963631    
        8401   566.729004      0.722963631    
        8441   566.971497      0.722963631    
        8481   567.213928      0.722963631    
        8521   567.456421      0.722963631    
        8561   567.698853      0.722963631    
        8601   567.941345      0.722963631    
        8641   568.183838      0.722963631    
        8681   568.426270      0.722963631    
        8721   568.668762      0.722963631    
        8761   568.911255      0.722963631    
        8801   569.153687      0.722963631    
        8841   569.396179      0.722963631    
        8881   569.638611      0.722963631    
        8921   569.881104      0.722963631    
        8961   570.123596      0.722963631    
        9001   570.366028      0.722963631    
        9041   570.608521      0.722963631    
        9081   570.851013      0.722963631    
        9121   571.093445      0.722963631    
        9161   571.335938      0.722963631    
        9201   571.578369      0.722963631    
        9241   571.820862      0.722963631    
        9281   572.063354      0.722963631    
        9321   572.305786      0.722963631    
        9361   572.548279      0.722963631    
        9401   572.790771      0.722963631    
        9441   573.033203      0.722963631    
        9481   573.275696      0.722963631    
        9521   573.518127      0.722963631    
        9561   573.760620      0.722963631    
        9601   574.003113      0.722963631    
        9641   574.245544      0.722963631    
        9681   574.488037      0.722963631    
        9721   574.730530      0.722963631    
        9761   574.972961      0.722963631    
        9801   575.215454      0.722963631    
        9841   575.457886      0.722963631    
        9881   575.700378      0.722963631    
        9921   575.942871      0.722963631    
        9961   576.185303      0.722963631    
