           1   2.29999995       5.24355914E-04
          11   2.29973030       5.28940174E-04
          21   2.29919100       5.33562037E-04
          31   2.29838443       5.38224296E-04
          41   2.29731512       5.42930968E-04
          51   2.29598975       5.47677162E-04
          61   2.29441738       5.52466139E-04
          71   2.29260993       5.57315303E-04
          81   2.29058003       5.62209054E-04
          91   2.28834391       5.67168463E-04
         101   2.28591919       5.72198711E-04
         111   2.28332543       5.77304570E-04
         121   2.28058362       5.82487904E-04
         131   2.27771711       5.87760238E-04
         141   2.27475047       5.93127101E-04
         151   2.27170968       5.98595128E-04
         161   2.26862192       6.04168803E-04
         171   2.26551509       6.09851559E-04
         181   2.26241827       6.15644851E-04
         191   2.25936055       6.21549494E-04
         201   2.25637126       6.27568632E-04
         211   2.25348020       6.33688876E-04
         221   2.25071597       6.39918202E-04
         231   2.24810719       6.46242988E-04
         241   2.24568105       6.52664457E-04
         251   2.24346352       6.59177429E-04
         261   2.24147916       6.65772706E-04
         271   2.23975062       6.72438007E-04
         281   2.23829770       6.79184392E-04
         291   2.23713851       6.86001847E-04
         301   2.23628759       6.92899222E-04
         311   2.23575735       6.99866912E-04
         321   2.23555660       7.06901192E-04
         331   2.23569059       7.14013120E-04
         341   2.23616147       7.21205201E-04
         351   2.23696804       7.28472602E-04
         361   2.23810554       7.35798967E-04
         371   2.23956513       7.43203796E-04
         381   2.24133539       7.50673469E-04
         391   2.24340081       7.58214679E-04
         401   2.24574375       7.65799894E-04
         411   2.24834299       7.73431035E-04
         421   2.25117469       7.81094597E-04
         431   2.25421262       7.88784062E-04
         441   2.25742865       7.96488370E-04
         451   2.26079273       8.04196461E-04
         461   2.26427388       8.11896170E-04
         471   2.26783895       8.19585635E-04
         481   2.27145505       8.27258104E-04
         491   2.27508831       8.34911712E-04
         501   2.27870488       8.42545298E-04
         511   2.28227139       8.50163226E-04
         521   2.28575468       8.57767474E-04
         531   2.28912282       8.65371083E-04
         541   2.29234481       8.72981502E-04
         551   2.29539061       8.80600244E-04
         561   2.29823208       8.88232607E-04
         571   2.30084348       8.95906880E-04
         581   2.30320024       9.03619337E-04
         591   2.30528021       9.11376090E-04
         601   2.30706358       9.19184298E-04
         611   2.30853319       9.27056069E-04
         621   2.30967402       9.34979354E-04
         631   2.31047416       9.42970859E-04
         641   2.31092405       9.51018475E-04
         651   2.31101751       9.59138619E-04
         661   2.31075072       9.67329775E-04
         671   2.31012297       9.75589384E-04
         681   2.30913615       9.83909005E-04
         691   2.30779552       9.92297661E-04
         701   2.30610943       1.00077013E-03
         711   2.30408835       1.00931223E-03
         721   2.30174661       1.01794896E-03
         731   2.29910135       1.02670095E-03
         741   2.29617119       1.03555003E-03
         751   2.29297948       1.04454160E-03
         761   2.28955054       1.05367333E-03
         771   2.28591204       1.06296828E-03
         781   2.28209376       1.07244065E-03
         791   2.27812767       1.08210812E-03
         801   2.27404785       1.09198631E-03
         811   2.26989031       1.10208848E-03
         821   2.26569200       1.11242454E-03
         831   2.26149201       1.12299819E-03
         841   2.25732923       1.13381736E-03
         851   2.25324392       1.14487740E-03
         861   2.24927640       1.15617062E-03
         871   2.24546671       1.16768817E-03
         881   2.24185371       1.17942924E-03
         891   2.23847604       1.19137729E-03
         901   2.23537040       1.20351033E-03
         911   2.23257160       1.21581729E-03
         921   2.23011136       1.22830505E-03
         931   2.22801971       1.24092761E-03
         941   2.22632241       1.25370244E-03
         951   2.22504139       1.26663304E-03
         961   2.22419524       1.27969438E-03
         971   2.22379756       1.29290333E-03
         981   2.22385764       1.30624510E-03
         991   2.22437978       1.31972926E-03
        1001   2.22536302       1.33336941E-03
        1011   2.22680211       1.34713901E-03
        1021   2.22868609       1.36105670E-03
        1031   2.23099971       1.37509929E-03
        1041   2.23372293       1.38924317E-03
        1051   2.23683071       1.40349753E-03
        1061   2.24029469       1.41782081E-03
        1071   2.24408269       1.43218052E-03
        1081   2.24815845       1.44656189E-03
        1091   2.25248361       1.46093231E-03
        1101   2.25701714       1.47526665E-03
        1111   2.26171565       1.48954603E-03
        1121   2.26653481       1.50375126E-03
        1131   2.27142930       1.51786872E-03
        1141   2.27635312       1.53189129E-03
        1151   2.28126073       1.54582015E-03
        1161   2.28610682       1.55966589E-03
        1171   2.29084659       1.57343154E-03
        1181   2.29543686       1.58713758E-03
        1191   2.29983592       1.60079729E-03
        1201   2.30400419       1.61443639E-03
        1211   2.30790448       1.62808807E-03
        1221   2.31150126       1.64175406E-03
        1231   2.31476259       1.65547128E-03
        1241   2.31765890       1.66925008E-03
        1251   2.32016420       1.68312562E-03
        1261   2.32225466       1.69707532E-03
        1271   2.32391071       1.71112688E-03
        1281   2.32511616       1.72530010E-03
        1291   2.32585764       1.73957087E-03
        1301   2.32612586       1.75394618E-03
        1311   2.32591510       1.76842941E-03
        1321   2.32522345       1.78303639E-03
        1331   2.32405233       1.79775117E-03
        1341   2.32240725       1.81258644E-03
        1351   2.32029724       1.82755210E-03
        1361   2.31773520       1.84265990E-03
        1371   2.31473780       1.85793126E-03
        1381   2.31132507       1.87337550E-03
        1391   2.30752110       1.88902731E-03
        1401   2.30335379       1.90493104E-03
        1411   2.29885411       1.92111498E-03
        1421   2.29405665       1.93761894E-03
        1431   2.28899908       1.95447844E-03
        1441   2.28372288       1.97174610E-03
        1451   2.27827144       1.98945054E-03
        1461   2.27269197       2.00763228E-03
        1471   2.26703310       2.02631834E-03
        1481   2.26134634       2.04552920E-03
        1491   2.25568414       2.06528185E-03
        1501   2.25010109       2.08556536E-03
        1511   2.24465156       2.10639043E-03
        1521   2.23939085       2.12772889E-03
        1531   2.23437357       2.14956072E-03
        1541   2.22965384       2.17183866E-03
        1551   2.22528315       2.19456386E-03
        1561   2.22131181       2.21766578E-03
        1571   2.21778631       2.24112812E-03
        1581   2.21474981       2.26491736E-03
        1591   2.21224117       2.28899973E-03
        1601   2.21029353       2.31340295E-03
        1611   2.20893526       2.33808276E-03
        1621   2.20818853       2.36302498E-03
        1631   2.20806837       2.38826149E-03
        1641   2.20858335       2.41378904E-03
        1651   2.20973492       2.43959948E-03
        1661   2.21151710       2.46569468E-03
        1671   2.21391678       2.49207439E-03
        1681   2.21691418       2.51868344E-03
        1691   2.22048187       2.54552439E-03
        1701   2.22458720       2.57251062E-03
        1711   2.22919059       2.59959837E-03
        1721   2.23424721       2.62673758E-03
        1731   2.23970795       2.65384256E-03
        1741   2.24551940       2.68084859E-03
        1751   2.25162482       2.70768907E-03
        1761   2.25796485       2.73430510E-03
        1771   2.26447892       2.76064873E-03
        1781   2.27110410       2.78669083E-03
        1791   2.27777839       2.81241536E-03
        1801   2.28443933       2.83781951E-03
        1811   2.29102564       2.86292075E-03
        1821   2.29747725       2.88774446E-03
        1831   2.30373621       2.91232951E-03
        1841   2.30974698       2.93672504E-03
        1851   2.31545687       2.96098716E-03
        1861   2.32081604       2.98516802E-03
        1871   2.32577801       3.00930138E-03
        1881   2.33030057       3.03346058E-03
        1891   2.33434486       3.05768894E-03
        1901   2.33787608       3.08201788E-03
        1911   2.34086347       3.10646975E-03
        1921   2.34328103       3.13109579E-03
        1931   2.34510612       3.15587176E-03
        1941   2.34632134       3.18082934E-03
        1951   2.34691358       3.20598157E-03
        1961   2.34687352       3.23128956E-03
        1971   2.34619737       3.25679779E-03
        1981   2.34488511       3.28248017E-03
        1991   2.34294176       3.30835790E-03
        2001   2.34037685       3.33444960E-03
        2011   2.33720446       3.36077204E-03
        2021   2.33344340       3.38735897E-03
        2031   2.32911706       3.41425184E-03
        2041   2.32425404       3.44153447E-03
        2051   2.31888700       3.46926041E-03
        2061   2.31305337       3.49750742E-03
        2071   2.30679560       3.52637516E-03
        2081   2.30015993       3.55594791E-03
        2091   2.29319787       3.58633534E-03
        2101   2.28596497       3.61764128E-03
        2111   2.27852082       3.64995608E-03
        2121   2.27092814       3.68335703E-03
        2131   2.26325417       3.71791353E-03
        2141   2.25556874       3.75366746E-03
        2151   2.24794364       3.79065587E-03
        2161   2.24045348       3.82886594E-03
        2171   2.23317337       3.86829069E-03
        2181   2.22617960       3.90887354E-03
        2191   2.21954799       3.95053020E-03
        2201   2.21335268       3.99318617E-03
        2211   2.20766544       4.03677346E-03
        2221   2.20255542       4.08115331E-03
        2231   2.19808626       4.12630755E-03
        2241   2.19431710       4.17211512E-03
        2251   2.19129968       4.21855878E-03
        2261   2.18907857       4.26559243E-03
        2271   2.18768978       4.31321096E-03
        2281   2.18716025       4.36138455E-03
        2291   2.18750644       4.41015977E-03
        2301   2.18873501       4.45952080E-03
        2311   2.19084167       4.50945087E-03
        2321   2.19381166       4.55993833E-03
        2331   2.19761968       4.61090682E-03
        2341   2.20222974       4.66232607E-03
        2351   2.20759726       4.71402705E-03
        2361   2.21366811       4.76588542E-03
        2371   2.22038126       4.81770420E-03
        2381   2.22766733       4.86934511E-03
        2391   2.23545289       4.92058648E-03
        2401   2.24365878       4.97127417E-03
        2411   2.25220251       5.02126291E-03
        2421   2.26099992       5.07042371E-03
        2431   2.26996541       5.11867739E-03
        2441   2.27901292       5.16598159E-03
        2451   2.28805780       5.21233724E-03
        2461   2.29701662       5.25777275E-03
        2471   2.30580902       5.30237053E-03
        2481   2.31435704       5.34621673E-03
        2491   2.32258677       5.38942777E-03
        2501   2.33042836       5.43212984E-03
        2511   2.33781648       5.47446078E-03
        2521   2.34469056       5.51654398E-03
        2531   2.35099506       5.55850985E-03
        2541   2.35667944       5.60046639E-03
        2551   2.36169815       5.64248068E-03
        2561   2.36601162       5.68465889E-03
        2571   2.36958480       5.72701497E-03
        2581   2.37238884       5.76963974E-03
        2591   2.37439942       5.81250666E-03
        2601   2.37559819       5.85565157E-03
        2611   2.37597179       5.89906657E-03
        2621   2.37551260       5.94276516E-03
        2631   2.37421846       5.98678784E-03
        2641   2.37209177       6.03108061E-03
        2651   2.36914110       6.07568678E-03
        2661   2.36538076       6.12066640E-03
        2671   2.36083007       6.16606185E-03
        2681   2.35551429       6.21196534E-03
        2691   2.34946442       6.25849236E-03
        2701   2.34271693       6.30574906E-03
        2711   2.33531523       6.35396130E-03
        2721   2.32730770       6.40329439E-03
        2731   2.31874895       6.45395741E-03
        2741   2.30970001       6.50619622E-03
        2751   2.30022812       6.56026090E-03
        2761   2.29040599       6.61638426E-03
        2771   2.28031206       6.67479029E-03
        2781   2.27003121       6.73569273E-03
        2791   2.25965238       6.79926062E-03
        2801   2.24927044       6.86560897E-03
        2811   2.23898339       6.93481788E-03
        2821   2.22889376       7.00687105E-03
        2831   2.21910548       7.08171818E-03
        2841   2.20972443       7.15924241E-03
        2851   2.20085621       7.23929424E-03
        2861   2.19260597       7.32160825E-03
        2871   2.18507528       7.40597397E-03
        2881   2.17836118       7.49218138E-03
        2891   2.17255497       7.57998321E-03
        2901   2.16773915       7.66924908E-03
        2911   2.16398716       7.75979366E-03
        2921   2.16136026       7.85161927E-03
        2931   2.15990734       7.94464629E-03
        2941   2.15966272       8.03889614E-03
        2951   2.16064548       8.13439675E-03
        2961   2.16285896       8.23112577E-03
        2971   2.16629004       8.32906179E-03
        2981   2.17090964       8.42811074E-03
        2991   2.17667341       8.52801837E-03
        3001   2.18352175       8.62852391E-03
        3011   2.19138169       8.72927811E-03
        3021   2.20016861       8.82980693E-03
        3031   2.20978665       8.92968383E-03
        3041   2.22013211       9.02840216E-03
        3051   2.23109460       9.12551954E-03
        3061   2.24255919       9.22061969E-03
        3071   2.25440741       9.31340363E-03
        3081   2.26652074       9.40364413E-03
        3091   2.27878022       9.49123036E-03
        3101   2.29106927       9.57615208E-03
        3111   2.30327439       9.65849683E-03
        3121   2.31528664       9.73844528E-03
        3131   2.32700157       9.81622003E-03
        3141   2.33832121       9.89213120E-03
        3151   2.34915280       9.96645819E-03
        3161   2.35941100       1.00395419E-02
        3171   2.36901689       1.01116942E-02
        3181   2.37789845       1.01832105E-02
        3191   2.38599038       1.02543300E-02
        3201   2.39323449       1.03252884E-02
        3211   2.39957952       1.03962990E-02
        3221   2.40498042       1.04674865E-02
        3231   2.40939879       1.05389403E-02
        3241   2.41280270       1.06107295E-02
        3251   2.41516662       1.06829172E-02
        3261   2.41647100       1.07555110E-02
        3271   2.41670227       1.08284885E-02
        3281   2.41585326       1.09018739E-02
        3291   2.41392279       1.09756868E-02
        3301   2.41091561       1.10499617E-02
        3311   2.40684247       1.11247217E-02
        3321   2.40172052       1.12000611E-02
        3331   2.39557338       1.12761082E-02
        3341   2.38843107       1.13530615E-02
        3351   2.38033009       1.14311110E-02
        3361   2.37131476       1.15106255E-02
        3371   2.36143589       1.15919365E-02
        3381   2.35075259       1.16755227E-02
        3391   2.33933067       1.17618237E-02
        3401   2.32724524       1.18514225E-02
        3411   2.31457853       1.19448639E-02
        3421   2.30142260       1.20427795E-02
        3431   2.28787661       1.21457223E-02
        3441   2.27404904       1.22542512E-02
        3451   2.26005626       1.23688420E-02
        3461   2.24602318       1.24898683E-02
        3471   2.23208117       1.26175983E-02
        3481   2.21836877       1.27521195E-02
        3491   2.20502996       1.28933610E-02
        3501   2.19221210       1.30411247E-02
        3511   2.18006587       1.31949559E-02
        3521   2.16874099       1.33543890E-02
        3531   2.15838552       1.35188010E-02
        3541   2.14914227       1.36876367E-02
        3551   2.14114642       1.38603114E-02
        3561   2.13452244       1.40363174E-02
        3571   2.12938094       1.42152160E-02
        3581   2.12581491       1.43969394E-02
        3591   2.12389851       1.45813320E-02
        3601   2.12368345       1.47684421E-02
        3611   2.12519789       1.49583146E-02
        3621   2.12844539       1.51508627E-02
        3631   2.13340306       1.53460260E-02
        3641   2.14002395       1.55433733E-02
        3651   2.14823651       1.57423001E-02
        3661   2.15794683       1.59419812E-02
        3671   2.16904163       1.61412619E-02
        3681   2.18138957       1.63389668E-02
        3691   2.19484615       1.65337585E-02
        3701   2.20925593       1.67244151E-02
        3711   2.22445560       1.69098284E-02
        3721   2.24027824       1.70890931E-02
        3731   2.25655580       1.72615573E-02
        3741   2.27312160       1.74268652E-02
        3751   2.28981233       1.75849423E-02
        3761   2.30647111       1.77359711E-02
        3771   2.32294798       1.78803671E-02
        3781   2.33910108       1.80186983E-02
        3791   2.35479784       1.81516726E-02
        3801   2.36991525       1.82800293E-02
        3811   2.38434052       1.84046030E-02
        3821   2.39797020       1.85261220E-02
        3831   2.41071129       1.86453648E-02
        3841   2.42247915       1.87628902E-02
        3851   2.43319988       1.88793838E-02
        3861   2.44280672       1.89952143E-02
        3871   2.45124221       1.91107858E-02
        3881   2.45845675       1.92264002E-02
        3891   2.46440816       1.93422791E-02
        3901   2.46906137       1.94585379E-02
        3911   2.47238827       1.95752531E-02
        3921   2.47436762       1.96925271E-02
        3931   2.47498417       1.98103599E-02
        3941   2.47422862       1.99286770E-02
        3951   2.47209835       2.00475138E-02
        3961   2.46859694       2.01669354E-02
        3971   2.46373391       2.02869996E-02
        3981   2.45752501       2.04078164E-02
        3991   2.44999313       2.05296353E-02
        4001   2.44116783       2.06528008E-02
        4011   2.43108559       2.07776874E-02
        4021   2.41979051       2.09048279E-02
        4031   2.40733528       2.10349131E-02
        4041   2.39378142       2.11688094E-02
        4051   2.37919927       2.13074833E-02
        4061   2.36366987       2.14520898E-02
        4071   2.34728408       2.16038600E-02
        4081   2.33014512       2.17642132E-02
        4091   2.31236672       2.19345316E-02
        4101   2.29407692       2.21163258E-02
        4111   2.27541494       2.23109834E-02
        4121   2.25653386       2.25198008E-02
        4131   2.23759961       2.27438565E-02
        4141   2.21879077       2.29839329E-02
        4151   2.20029783       2.32404377E-02
        4161   2.18232155       2.35133301E-02
        4171   2.16507077       2.38022096E-02
        4181   2.14876199       2.41060015E-02
        4191   2.13361263       2.44235545E-02
        4201   2.11984038       2.47532390E-02
        4211   2.10765696       2.50933934E-02
        4221   2.09726310       2.54425257E-02
        4231   2.08884382       2.57992744E-02
        4241   2.08256149       2.61629485E-02
        4251   2.07855248       2.65328921E-02
        4261   2.07692003       2.69090701E-02
        4271   2.07773113       2.72915978E-02
        4281   2.08101320       2.76806112E-02
        4291   2.08675289       2.80756988E-02
        4301   2.09489489       2.84761470E-02
        4311   2.10534430       2.88803689E-02
        4321   2.11796880       2.92861015E-02
        4331   2.13260365       2.96903327E-02
        4341   2.14905596       3.00897025E-02
        4351   2.16711116       3.04806903E-02
        4361   2.18653965       3.08598094E-02
        4371   2.20710158       3.12241539E-02
        4381   2.22855330       3.15714404E-02
        4391   2.25065255       3.19001414E-02
        4401   2.27316260       3.22095715E-02
        4411   2.29585600       3.24997976E-02
        4421   2.31851697       3.27715725E-02
        4431   2.34094357       3.30261812E-02
        4441   2.36294889       3.32652703E-02
        4451   2.38436151       3.34907472E-02
        4461   2.40502524       3.37045230E-02
        4471   2.42480016       3.39086205E-02
        4481   2.44356036       3.41048837E-02
        4491   2.46119428       3.42949815E-02
        4501   2.47760320       3.44804078E-02
        4511   2.49270105       3.46624851E-02
        4521   2.50641298       3.48423496E-02
        4531   2.51867318       3.50206904E-02
        4541   2.52942657       3.51982862E-02
        4551   2.53862619       3.53756696E-02
        4561   2.54623270       3.55531834E-02
        4571   2.55221367       3.57310139E-02
        4581   2.55654359       3.59093286E-02
        4591   2.55920267       3.60881686E-02
        4601   2.56017733       3.62676121E-02
        4611   2.55945897       3.64476033E-02
        4621   2.55704451       3.66281308E-02
        4631   2.55293608       3.68092433E-02
        4641   2.54714179       3.69911157E-02
        4651   2.53967428       3.71738747E-02
        4661   2.53055263       3.73578370E-02
        4671   2.51980186       3.75434384E-02
        4681   2.50745392       3.77313904E-02
        4691   2.49354792       3.79225016E-02
        4701   2.47813106       3.81179228E-02
        4711   2.46125937       3.83190289E-02
        4721   2.44299889       3.85275446E-02
        4731   2.42342710       3.87455784E-02
        4741   2.40263343       3.89755741E-02
        4751   2.38072085       3.92202958E-02
        4761   2.35780764       3.94829176E-02
        4771   2.33402872       3.97668667E-02
        4781   2.30953622       4.00757492E-02
        4791   2.28450251       4.04132977E-02
        4801   2.25911999       4.07830887E-02
        4811   2.23360205       4.11884114E-02
        4821   2.20818448       4.16319631E-02
        4831   2.18312430       4.21155989E-02
        4841   2.15869951       4.26401123E-02
        4851   2.13520622       4.32050377E-02
        4861   2.11295629       4.38086241E-02
        4871   2.09227228       4.44478318E-02
        4881   2.07348156       4.51186486E-02
        4891   2.05690813       4.58167642E-02
        4901   2.04286432       4.65377569E-02
        4911   2.03163981       4.72780541E-02
        4921   2.02349162       4.80350181E-02
        4931   2.01863241       4.88074794E-02
        4941   2.01722074       4.95954566E-02
        4951   2.01935339       5.03991842E-02
        4961   2.02505851       5.12186363E-02
        4971   2.03429341       5.20524196E-02
        4981   2.04694510       5.28971329E-02
        4991   2.06283474       5.37467785E-02
        5001   2.08172512       5.45931868E-02
        5011   2.10332942       5.54268286E-02
        5021   2.12732434       5.62374070E-02
        5031   2.15336084       5.70153072E-02
        5041   2.18107677       5.77523001E-02
        5051   2.21010733       5.84423654E-02
        5061   2.24009466       5.90818971E-02
        5071   2.27069545       5.96697591E-02
        5081   2.30158639       6.02070093E-02
        5091   2.33246756       6.06964119E-02
        5101   2.36306596       6.11420460E-02
        5111   2.39313459       6.15486912E-02
        5121   2.42245412       6.19215667E-02
        5131   2.45082998       6.22657537E-02
        5141   2.47809243       6.25862107E-02
        5151   2.50409389       6.28874302E-02
        5161   2.52870655       6.31733015E-02
        5171   2.55182171       6.34473562E-02
        5181   2.57334638       6.37125000E-02
        5191   2.59320140       6.39710352E-02
        5201   2.61132050       6.42249286E-02
        5211   2.62764835       6.44757375E-02
        5221   2.64213824       6.47245198E-02
        5231   2.65475225       6.49721920E-02
        5241   2.66545892       6.52193427E-02
        5251   2.67423296       6.54664114E-02
        5261   2.68105435       6.57136440E-02
        5271   2.68590736       6.59611598E-02
        5281   2.68878055       6.62090778E-02
        5291   2.68966579       6.64573610E-02
        5301   2.68855882       6.67060539E-02
        5311   2.68545818       6.69552088E-02
        5321   2.68036509       6.72047287E-02
        5331   2.67328525       6.74548745E-02
        5341   2.66422653       6.77058101E-02
        5351   2.65320110       6.79579377E-02
        5361   2.64022541       6.82118684E-02
        5371   2.62531996       6.84683248E-02
        5381   2.60851121       6.87284619E-02
        5391   2.58983159       6.89937621E-02
        5401   2.56932116       6.92661554E-02
        5411   2.54702854       6.95481673E-02
        5421   2.52301192       6.98428154E-02
        5431   2.49734139       7.01539367E-02
        5441   2.47010112       7.04862177E-02
        5451   2.44139028       7.08451122E-02
        5461   2.41132689       7.12371692E-02
        5471   2.38004971       7.16698766E-02
        5481   2.34772158       7.21516758E-02
        5491   2.31453180       7.26917088E-02
        5501   2.28069973       7.32997283E-02
        5511   2.24647832       7.39855096E-02
        5521   2.21215582       7.47583658E-02
        5531   2.17805815       7.56263882E-02
        5541   2.14455104       7.65955299E-02
        5551   2.11203814       7.76688308E-02
        5561   2.08096004       7.88456872E-02
        5571   2.05178928       8.01213086E-02
        5581   2.02502179       8.14872906E-02
        5591   2.00116611       8.29322711E-02
        5601   1.98072791       8.44438449E-02
        5611   1.96419203       8.60102177E-02
        5621   1.95200026       8.76226798E-02
        5631   1.94452894       8.92768353E-02
        5641   1.94206750       9.09715146E-02
        5651   1.94479752       9.27081183E-02
        5661   1.95278001       9.44864452E-02
        5671   1.96594751       9.63016301E-02
        5681   1.98410571       9.81413275E-02
        5691   2.00694394       9.99847203E-02
        5701   2.03405142      0.101804726    
        5711   2.06494069      0.103570618    
        5721   2.09907269      0.105252445    
        5731   2.13588190      0.106824785    
        5741   2.17479968      0.108269371    
        5751   2.21527362      0.109576054    
        5761   2.25678277      0.110742696    
        5771   2.29884791      0.111773878    
        5781   2.34103584      0.112679213    
        5791   2.38296366      0.113471366    
        5801   2.42429829      0.114164762    
        5811   2.46475267      0.114773870    
        5821   2.50408340      0.115312621    
        5831   2.54208636      0.115793735    
        5841   2.57859159      0.116228342    
        5851   2.61345959      0.116626084    
        5861   2.64657640      0.116994955    
        5871   2.67785048      0.117341638    
        5881   2.70720792      0.117671341    
        5891   2.73459125      0.117988512    
        5901   2.75995445      0.118296333    
        5911   2.78326249      0.118597396    
        5921   2.80448914      0.118893757    
        5931   2.82361412      0.119186878    
        5941   2.84062243      0.119477712    
        5951   2.85550427      0.119767249    
        5961   2.86825204      0.120055936    
        5971   2.87886071      0.120344080    
        5981   2.88732743      0.120632082    
        5991   2.89365029      0.120919973    
        6001   2.89782810      0.121207811    
        6011   2.89986086      0.121495798    
        6021   2.89974737      0.121783666    
        6031   2.89748859      0.122071661    
        6041   2.89308381      0.122359619    
        6051   2.88653326      0.122647673    
        6061   2.87783718      0.122935876    
        6071   2.86699653      0.123224564    
        6081   2.85401177      0.123513877    
        6091   2.83888555      0.123804480    
        6101   2.82162070      0.124096915    
        6111   2.80222273      0.124392256    
        6121   2.78069854      0.124691628    
        6131   2.75705957      0.124996848    
        6141   2.73132110      0.125310302    
        6151   2.70350361      0.125634819    
        6161   2.67363524      0.125974461    
        6171   2.64175200      0.126334012    
        6181   2.60790133      0.126719743    
        6191   2.57214451      0.127139732    
        6201   2.53455806      0.127603665    
        6211   2.49523926      0.128123656    
        6221   2.45430946      0.128714487    
        6231   2.41191745      0.129393503    
        6241   2.36824751      0.130181327    
        6251   2.32352304      0.131101325    
        6261   2.27801418      0.132179439    
        6271   2.23204446      0.133443251    
        6281   2.18599796      0.134920523    
        6291   2.14032531      0.136636943    
        6301   2.09554911      0.138613462    
        6311   2.05226660      0.140862897    
        6321   2.01114893      0.143387049    
        6331   1.97293401      0.146174878    
        6341   1.93841481      0.149202019    
        6351   1.90841508      0.152435303    
        6361   1.88375854      0.155838609    
        6371   1.86522806      0.159380808    
        6381   1.85351670      0.163043275    
        6391   1.84917665      0.166821539    
        6401   1.85257149      0.170719773    
        6411   1.86383867      0.174738213    
        6421   1.88287067      0.178857982    
        6431   1.90931630      0.183031827    
        6441   1.94260693      0.187182650    
        6451   1.98199928      0.191214383    
        6461   2.02663040      0.195028529    
        6471   2.07557774      0.198540539    
        6481   2.12791085      0.201692060    
        6491   2.18273807      0.204454646    
        6501   2.23923612      0.206828132    
        6511   2.29667044      0.208834246    
        6521   2.35440350      0.210508958    
        6531   2.41189528      0.211895466    
        6541   2.46869779      0.213038713    
        6551   2.52444577      0.213981196    
        6561   2.57884765      0.214761376    
        6571   2.63167429      0.215412319    
        6581   2.68274927      0.215961710    
        6591   2.73193932      0.216432124    
        6601   2.77914619      0.216841608    
        6611   2.82430172      0.217204720    
        6621   2.86735868      0.217532516    
        6631   2.90828848      0.217833638    
        6641   2.94707632      0.218114763    
        6651   2.98371840      0.218381047    
        6661   3.01821852      0.218636274    
        6671   3.05058670      0.218883350    
        6681   3.08083701      0.219124421    
        6691   3.10898662      0.219361156    
        6701   3.13505435      0.219594657    
        6711   3.15906000      0.219825849    
        6721   3.18102384      0.220055357    
        6731   3.20096540      0.220283583    
        6741   3.21890450      0.220511004    
        6751   3.23485875      0.220737696    
        6761   3.24884534      0.220963925    
        6771   3.26087976      0.221189782    
        6781   3.27097583      0.221415237    
        6791   3.27914572      0.221640483    
        6801   3.28539944      0.221865416    
        6811   3.28974628      0.222090200    
        6821   3.29219174      0.222314671    
        6831   3.29274106      0.222538963    
        6841   3.29139662      0.222763032    
        6851   3.28815866      0.222986743    
        6861   3.28302622      0.223210305    
        6871   3.27599573      0.223433673    
        6881   3.26706147      0.223656774    
        6891   3.25621700      0.223879784    
        6901   3.24345231      0.224102676    
        6911   3.22875690      0.224325612    
        6921   3.21211767      0.224548697    
        6931   3.19352031      0.224772096    
        6941   3.17294884      0.224996209    
        6951   3.15038562      0.225221276    
        6961   3.12581253      0.225447908    
        6971   3.09921002      0.225676835    
        6981   3.07055831      0.225909054    
        6991   3.03983760      0.226145908    
        7001   3.00702810      0.226389140    
        7011   2.97211194      0.226641148    
        7021   2.93507290      0.226905152    
        7031   2.89589834      0.227185369    
        7041   2.85457969      0.227487132    
        7051   2.81111526      0.227817714    
        7061   2.76551247      0.228186697    
        7071   2.71778941      0.228606254    
        7081   2.66797924      0.229092240    
        7091   2.61613488      0.229665205    
        7101   2.56233335      0.230351165    
        7111   2.50668240      0.231183082    
        7121   2.44932890      0.232201964    
        7131   2.39046717      0.233458102    
        7141   2.33035207      0.235012099    
        7151   2.26930976      0.236934558    
        7161   2.20775390      0.239305004    
        7171   2.14620137      0.242208436    
        7181   2.08528900      0.245728880    
        7191   2.02578878      0.249939978    
        7201   1.96862006      0.254892528    
        7211   1.91485393      0.260601342    
        7221   1.86570597      0.267036349    
        7231   1.82251048      0.274122357    
        7241   1.78667176      0.281754583    
        7251   1.75958717      0.289829463    
        7261   1.74254441      0.298278093    
        7271   1.73660088      0.307084322    
        7281   1.74246109      0.316266268    
        7291   1.76037848      0.325819373    
        7301   1.79010320      0.335650772    
        7311   1.83089507      0.345543146    
        7321   1.88160026      0.355178893    
        7331   1.94077551      0.364210963    
        7341   2.00683284      0.372345060    
        7351   2.07817459      0.379395187    
        7361   2.15330052      0.385298073    
        7371   2.23087621      0.390094876    
        7381   2.30976748      0.393895954    
        7391   2.38904500      0.396846116    
        7401   2.46797156      0.399097294    
        7411   2.54597974      0.400791347    
        7421   2.62264538      0.402051568    
        7431   2.69766068      0.402979791    
        7441   2.77081108      0.403657556    
        7451   2.84195566      0.404148638    
        7461   2.91100860      0.404501766    
        7471   2.97792697      0.404753745    
        7481   3.04269958      0.404932320    
        7491   3.10533810      0.405058026    
        7501   3.16587162      0.405146003    
        7511   3.22434020      0.405207336    
        7521   3.28079271      0.405250371    
        7531   3.33528256      0.405280828    
        7541   3.38786697      0.405303180    
        7551   3.43860388      0.405320466    
        7561   3.48755169      0.405334741    
        7571   3.53476787      0.405347615    
        7581   3.58030963      0.405360222    
        7591   3.62423182      0.405373216    
        7601   3.66658759      0.405387104    
        7611   3.70742798      0.405402094    
        7621   3.74680209      0.405418456    
        7631   3.78475618      0.405436099    
        7641   3.82133532      0.405455172    
        7651   3.85658121      0.405475616    
        7661   3.89053440      0.405497372    
        7671   3.92323279      0.405520380    
        7681   3.95471239      0.405544400    
        7691   3.98500729      0.405569494    
        7701   4.01414967      0.405595541    
        7711   4.04217005      0.405622393    
        7721   4.06909752      0.405650049    
        7731   4.09495878      0.405678332    
        7741   4.11978054      0.405707300    
        7751   4.14358568      0.405736715    
        7761   4.16639805      0.405766577    
        7771   4.18823910      0.405796945    
        7781   4.20912886      0.405827582    
        7791   4.22908688      0.405858576    
        7801   4.24813080      0.405889809    
        7811   4.26627779      0.405921221    
        7821   4.28354406      0.405952871    
        7831   4.29994392      0.405984610    
        7841   4.31549263      0.406016588    
        7851   4.33020210      0.406048596    
        7861   4.34408569      0.406080663    
        7871   4.35715485      0.406112909    
        7881   4.36942005      0.406145155    
        7891   4.38089132      0.406177402    
        7901   4.39157772      0.406209707    
        7911   4.40148830      0.406241983    
        7921   4.41063118      0.406274348    
        7931   4.41901350      0.406306684    
        7941   4.42664194      0.406338990    
        7951   4.43352318      0.406371355    
        7961   4.43966150      0.406403601    
        7971   4.44506264      0.406435877    
        7981   4.44973135      0.406468213    
        7991   4.45367098      0.406500429    
        8001   4.45688486      0.406532615    
        8011   4.45937586      0.406564832    
        8021   4.46114588      0.406596988    
        8031   4.46219730      0.406629175    
        8041   4.46253109      0.406661272    
        8051   4.46214771      0.406693399    
        8061   4.46104813      0.406725496    
        8071   4.45923138      0.406757563    
        8081   4.45669746      0.406789660    
        8091   4.45344400      0.406821609    
        8101   4.44947004      0.406853586    
        8111   4.44477272      0.406885564    
        8121   4.43934965      0.406917483    
        8131   4.43319750      0.406949461    
        8141   4.42631245      0.406981349    
        8151   4.41868973      0.407013118    
        8161   4.41032410      0.407044917    
        8171   4.40121126      0.407076687    
        8181   4.39134407      0.407108366    
        8191   4.38071632      0.407140046    
        8201   4.36931992      0.407171547    
        8211   4.35714769      0.407202989    
        8221   4.34419107      0.407234341    
        8231   4.33044052      0.407265574    
        8241   4.31588602      0.407296658    
        8251   4.30051708      0.407327592    
        8261   4.28432274      0.407358378    
        8271   4.26728964      0.407388866    
        8281   4.24940538      0.407419205    
        8291   4.23065662      0.407449245    
        8301   4.21102715      0.407478929    
        8311   4.19050264      0.407508403    
        8321   4.16906595      0.407537311    
        8331   4.14669895      0.407565832    
        8341   4.12338352      0.407593846    
        8351   4.09909916      0.407621264    
        8361   4.07382536      0.407648087    
        8371   4.04753923      0.407674193    
        8381   4.02021742      0.407699496    
        8391   3.99183464      0.407723904    
        8401   3.96236491      0.407747388    
        8411   3.93177986      0.407769769    
        8421   3.90005064      0.407791078    
        8431   3.86714530      0.407811165    
        8441   3.83303118      0.407829911    
        8451   3.79767370      0.407847404    
        8461   3.76103568      0.407863349    
        8471   3.72307920      0.407877862    
        8481   3.68376327      0.407891095    
        8491   3.64304519      0.407902896    
        8501   3.60088062      0.407913595    
        8511   3.55722237      0.407923520    
        8521   3.51202154      0.407933056    
        8531   3.46522760      0.407943130    
        8541   3.41678762      0.407954663    
        8551   3.36664677      0.407969177    
        8561   3.31474996      0.407989025    
        8571   3.26103997      0.408017039    
        8581   3.20546031      0.408057451    
        8591   3.14795470      0.408115923    
        8601   3.08846855      0.408200145    
        8611   3.02695084      0.408320695    
        8621   2.96335673      0.408491880    
        8631   2.89764881      0.408733010    
        8641   2.82980275      0.409070134    
        8651   2.75981092      0.409538239    
        8661   2.68768954      0.410184085    
        8671   2.61348653      0.411069930    
        8681   2.53729296      0.412277937    
        8691   2.45925641      0.413915128    
        8701   2.37959909      0.416119605    
        8711   2.29863954      0.419064939    
        8721   2.21682143      0.422964036    
        8731   2.13474512      0.428067118    
        8741   2.05320740      0.434651375    
        8751   1.97324204      0.442997128    
        8761   1.89616275      0.453346550    
        8771   1.82359576      0.465848356    
        8781   1.75749350      0.480500877    
        8791   1.70010817      0.497127295    
        8801   1.65390694      0.515418828    
        8811   1.62140596      0.535063446    
        8821   1.60491967      0.555902421    
        8831   1.60624814      0.577976465    
        8841   1.62636232      0.601348460    
        8851   1.66518259      0.625761747    
        8861   1.72153354      0.650409818    
        8871   1.79330862      0.674048662    
        8881   1.87780070      0.695398569    
        8891   1.97208679      0.713554442    
        8901   2.07336664      0.728164852    
        8911   2.17918515      0.739369869    
        8921   2.28753495      0.747613728    
        8931   2.39686537      0.753458500    
        8941   2.50603366      0.757455766    
        8951   2.61423564      0.760082245    
        8961   2.72093248      0.761719584    
        8971   2.82578444      0.762658596    
        8981   2.92859793      0.763113856    
        8991   3.02928400      0.763240457    
        9001   3.12782502      0.763148248    
        9011   3.22425365      0.762914896    
        9021   3.31863475      0.762594223    
        9031   3.41105318      0.762223244    
        9041   3.50160623      0.761827588    
        9051   3.59039640      0.761424303    
        9061   3.67752838      0.761024833    
        9071   3.76310539      0.760636449    
        9081   3.84722853      0.760263801    
        9091   3.92999482      0.759909630    
        9101   4.01149654      0.759575129    
        9111   4.09182024      0.759260774    
        9121   4.17104816      0.758966386    
        9131   4.24925709      0.758691669    
        9141   4.32651949      0.758435488    
        9151   4.40290165      0.758197069    
        9161   4.47846603      0.757975578    
        9171   4.55327129      0.757769823    
        9181   4.62737083      0.757578790    
        9191   4.70081472      0.757401466    
        9201   4.77365017      0.757236958    
        9211   4.84591961      0.757084310    
        9221   4.91766310      0.756942749    
        9231   4.98891830      0.756811380    
        9241   5.05972004      0.756689489    
        9251   5.13009930      0.756576359    
        9261   5.20008612      0.756471395    
        9271   5.26970863      0.756374002    
        9281   5.33899164      0.756283462    
        9291   5.40795994      0.756199479    
        9301   5.47663450      0.756121516    
        9311   5.54503632      0.756049037    
        9321   5.61318493      0.755981743    
        9331   5.68109703      0.755919218    
        9341   5.74878931      0.755861104    
        9351   5.81627703      0.755807042    
        9361   5.88357449      0.755756855    
        9371   5.95069551      0.755710185    
        9381   6.01765156      0.755666733    
        9391   6.08445358      0.755626440    
        9401   6.15111351      0.755588889    
        9411   6.21764040      0.755553901    
        9421   6.28404331      0.755521536    
        9431   6.35033035      0.755491197    
        9441   6.41651106      0.755463004    
        9451   6.48259163      0.755436897    
        9461   6.54857922      0.755412579    
        9471   6.61447954      0.755389810    
        9481   6.68029976      0.755368710    
        9491   6.74604416      0.755349040    
        9501   6.81171894      0.755330801    
        9511   6.87732840      0.755313754    
        9521   6.94287729      0.755297899    
        9531   7.00836945      0.755283117    
        9541   7.07380867      0.755269349    
        9551   7.13919878      0.755256534    
        9561   7.20454311      0.755244613    
        9571   7.26984501      0.755233526    
        9581   7.33510685      0.755223155    
        9591   7.40033245      0.755213499    
        9601   7.46552277      0.755204558    
        9611   7.53068161      0.755196154    
        9621   7.59580994      0.755188406    
        9631   7.66091061      0.755181074    
        9641   7.72598553      0.755174398    
        9651   7.79103565      0.755168021    
        9661   7.85606289      0.755162179    
        9671   7.92106962      0.755156755    
        9681   7.98605680      0.755151570    
        9691   8.05102539      0.755146801    
        9701   8.11597729      0.755142450    
        9711   8.18091393      0.755138278    
        9721   8.24583435      0.755134463    
        9731   8.31074238      0.755130947    
        9741   8.37563705      0.755127549    
        9751   8.44051933      0.755124450    
        9761   8.50539112      0.755121529    
        9771   8.57025242      0.755118847    
        9781   8.63510323      0.755116343    
        9791   8.69994640      0.755113959    
        9801   8.76478004      0.755111754    
        9811   8.82960701      0.755109787    
        9821   8.89442539      0.755107880    
        9831   8.95923710      0.755106091    
        9841   9.02404308      0.755104423    
        9851   9.08884335      0.755102932    
        9861   9.15363693      0.755101442    
        9871   9.21842670      0.755100131    
        9881   9.28321075      0.755098939    
        9891   9.34799099      0.755097747    
        9901   9.41276741      0.755096674    
        9911   9.47753906      0.755095720    
        9921   9.54230690      0.755094707    
        9931   9.60707188      0.755093873    
        9941   9.67183304      0.755093098    
        9951   9.73659229      0.755092263    
        9961   9.80134869      0.755091548    
        9971   9.86610222      0.755090952    
        9981   9.93085480      0.755090356    
        9991   9.99560356      0.755089760    
