           1   2.49139237       2.43814383E-02
          21   2.47812486       2.43734047E-02
          41   2.45938706       2.43636444E-02
          61   2.43553281       2.43510902E-02
          81   2.40705109       2.43346151E-02
         101   2.37458301       2.43128911E-02
         121   2.33894253       2.42847502E-02
         141   2.30113053       2.42492687E-02
         161   2.26234293       2.42062174E-02
         181   2.22395897       2.41561867E-02
         201   2.18750763       2.41005775E-02
         221   2.15459991       2.40412317E-02
         241   2.12682891       2.39798445E-02
         261   2.10564280       2.39172243E-02
         281   2.09220624       2.38535907E-02
         301   2.08727527       2.37895418E-02
         321   2.09111333       2.37267241E-02
         341   2.10346222       2.36684680E-02
         361   2.12357855       2.36186180E-02
         381   2.15032148       2.35801563E-02
         401   2.18227673       2.35536564E-02
         421   2.21788692       2.35375389E-02
         441   2.25557351       2.35287882E-02
         461   2.29383063       2.35241782E-02
         481   2.33129048       2.35210694E-02
         501   2.36676002       2.35178359E-02
         521   2.39923143       2.35136449E-02
         541   2.42788076       2.35084612E-02
         561   2.45205188       2.35024244E-02
         581   2.47124195       2.34959647E-02
         601   2.48508120       2.34892908E-02
         621   2.49331999       2.34826952E-02
         641   2.49581575       2.34761573E-02
         661   2.49252629       2.34694481E-02
         681   2.48350859       2.34622136E-02
         701   2.46892118       2.34539006E-02
         721   2.44903183       2.34436505E-02
         741   2.42423058       2.34304219E-02
         761   2.39504576       2.34130695E-02
         781   2.36216211       2.33903565E-02
         801   2.32643867       2.33612657E-02
         821   2.28891969       2.33250856E-02
         841   2.25083828       2.32818723E-02
         861   2.21359706       2.32324358E-02
         881   2.17872524       2.31782757E-02
         901   2.14780307       2.31212247E-02
         921   2.12235665       2.30625961E-02
         941   2.10372877       2.30029300E-02
         961   2.09294701       2.29425058E-02
         981   2.09061337       2.28818879E-02
        1001   2.09683657       2.28231605E-02
        1021   2.11122274       2.27698274E-02
        1041   2.13292742       2.27252338E-02
        1061   2.16075039       2.26916578E-02
        1081   2.19325972       2.26691384E-02
        1101   2.22891760       2.26556771E-02
        1121   2.26619124       2.26483233E-02
        1141   2.30363774       2.26441454E-02
        1161   2.33995891       2.26409081E-02
        1181   2.37403035       2.26372890E-02
        1201   2.40490961       2.26327702E-02
        1221   2.43182898       2.26272903E-02
        1241   2.45418310       2.26210989E-02
        1261   2.47151184       2.26145834E-02
        1281   2.48348331       2.26080026E-02
        1301   2.48988080       2.26014629E-02
        1321   2.49059248       2.25949138E-02
        1341   2.48560691       2.25881338E-02
        1361   2.47501206       2.25807484E-02
        1381   2.45899940       2.25720648E-02
        1401   2.43787336       2.25612074E-02
        1421   2.41206479       2.25471593E-02
        1441   2.38214707       2.25287899E-02
        1461   2.34885311       2.25049611E-02
        1481   2.31309128       2.24748049E-02
        1501   2.27595282       2.24379040E-02
        1521   2.23870754       2.23945640E-02
        1541   2.20277882       2.23458167E-02
        1561   2.16968894       2.22932510E-02
        1581   2.14097667       2.22384930E-02
        1601   2.11808586       2.21825354E-02
        1621   2.10223794       2.21256949E-02
        1641   2.09430838       2.20682360E-02
        1661   2.09473252       2.20110305E-02
        1681   2.10345697       2.19565928E-02
        1701   2.11995101       2.19081938E-02
        1721   2.14327049       2.18688641E-02
        1741   2.17216086       2.18400881E-02
        1761   2.20517945       2.18212865E-02
        1781   2.24081469       2.18102112E-02
        1801   2.27758574       2.18040124E-02
        1821   2.31411648       2.18001176E-02
        1841   2.34918237       2.17966922E-02
        1861   2.38173056       2.17926875E-02
        1881   2.41088533       2.17877664E-02
        1901   2.43593931       2.17820518E-02
        1921   2.45633888       2.17757877E-02
        1941   2.47166872       2.17692908E-02
        1961   2.48163652       2.17627268E-02
        1981   2.48606181       2.17562579E-02
        2001   2.48486638       2.17497125E-02
        2021   2.47807240       2.17428748E-02
        2041   2.46580219       2.17351969E-02
        2061   2.44828510       2.17260458E-02
        2081   2.42586637       2.17144527E-02
        2101   2.39902306       2.16994509E-02
        2121   2.36837816       2.16799341E-02
        2141   2.33471751       2.16548778E-02
        2161   2.29900217       2.16236208E-02
        2181   2.26237202       2.15860382E-02
        2201   2.22613215       2.15426795E-02
        2221   2.19171953       2.14948058E-02
        2241   2.16064048       2.14439407E-02
        2261   2.13437724       2.13914774E-02
        2281   2.11427426       2.13381015E-02
        2301   2.10141420       2.12839600E-02
        2321   2.09650588       2.12294366E-02
        2341   2.09980798       2.11758073E-02
        2361   2.11110187       2.11257376E-02
        2381   2.12972140       2.10823640E-02
        2401   2.15462875       2.10482292E-02
        2421   2.18452430       2.10239738E-02
        2441   2.21796346       2.10085101E-02
        2461   2.25346804       2.09994782E-02
        2481   2.28961563       2.09941976E-02
        2501   2.32510233       2.09904481E-02
        2521   2.35877943       2.09867395E-02
        2541   2.38966894       2.09823400E-02
        2561   2.41696358       2.09770948E-02
        2581   2.44001675       2.09711734E-02
        2601   2.45832825       2.09648274E-02
        2621   2.47152972       2.09583845E-02
        2641   2.47937036       2.09519602E-02
        2661   2.48170733       2.09455397E-02
        2681   2.47849965       2.09390130E-02
        2701   2.46980572       2.09320188E-02
        2721   2.45578647       2.09239870E-02
        2741   2.43671298       2.09142175E-02
        2761   2.41297722       2.09018085E-02
        2781   2.38510585       2.08856873E-02
        2801   2.35377717       2.08648778E-02
        2821   2.31983376       2.08385158E-02
        2841   2.28429222       2.08061896E-02
        2861   2.24833918       2.07680203E-02
        2881   2.21331120       2.07248423E-02
        2901   2.18065071       2.06780042E-02
        2921   2.15183306       2.06289329E-02
        2941   2.12826681       2.05787048E-02
        2961   2.11117792       2.05277763E-02
        2981   2.10149240       2.04762686E-02
        3001   2.09974003       2.04245728E-02
        3021   2.10599542       2.03746110E-02
        3041   2.11987519       2.03290731E-02
        3061   2.14058352       2.02908311E-02
        3081   2.16700029       2.02616341E-02
        3101   2.19779038       2.02415884E-02
        3121   2.23151898       2.02290714E-02
        3141   2.26675057       2.02217065E-02
        3161   2.30212712       2.02170685E-02
        3181   2.33642173       2.02133283E-02
        3201   2.36856389       2.02093050E-02
        3221   2.39765215       2.02045627E-02
        3241   2.42294812       2.01990549E-02
        3261   2.44386697       2.01929752E-02
        3281   2.45996308       2.01866291E-02
        3301   2.47091556       2.01801881E-02
        3321   2.47651768       2.01738644E-02
        3341   2.47666669       2.01675519E-02
        3361   2.47136021       2.01609433E-02
        3381   2.46069741       2.01537386E-02
        3401   2.44488168       2.01452803E-02
        3421   2.42422986       2.01347582E-02
        3441   2.39918518       2.01213285E-02
        3461   2.37032986       2.01039594E-02
        3481   2.33840108       2.00817678E-02
        3501   2.30430174       2.00541113E-02
        3521   2.26910353       2.00207792E-02
        3541   2.23403764       1.99822076E-02
        3561   2.20046449       1.99394543E-02
        3581   2.16981936       1.98938623E-02
        3601   2.14352942       1.98466666E-02
        3621   2.12290883       1.97987128E-02
        3641   2.10904574       1.97501183E-02
        3661   2.10269284       1.97010003E-02
        3681   2.10418868       1.96523760E-02
        3701   2.11342263       1.96062326E-02
        3721   2.12985039       1.95654295E-02
        3741   2.15255761       1.95322502E-02
        3761   2.18035388       1.95078459E-02
        3781   2.21188426       1.94915514E-02
        3801   2.24573421       1.94815323E-02
        3821   2.28052044       1.94754619E-02
        3841   2.31495643       1.94712300E-02
        3861   2.34789443       1.94673426E-02
        3881   2.37834549       1.94629710E-02
        3901   2.40548468       1.94578953E-02
        3921   2.42864323       1.94521453E-02
        3941   2.44729829       1.94459595E-02
        3961   2.46105933       1.94396488E-02
        3981   2.46965432       1.94333214E-02
        4001   2.47292089       1.94270592E-02
        4021   2.47079897       1.94207206E-02
        4041   2.46332884       1.94140170E-02
        4061   2.45065260       1.94064453E-02
        4081   2.43302059       1.93973854E-02
        4101   2.41080093       1.93860196E-02
        4121   2.38449216       1.93714630E-02
        4141   2.35473633       1.93527266E-02
        4161   2.32233381       1.93291195E-02
        4181   2.28824806       1.93001702E-02
        4201   2.25360560       1.92659944E-02
        4221   2.21967626       1.92272738E-02
        4241   2.18783355       1.91851743E-02
        4261   2.15948820       1.91410407E-02
        4281   2.13599920       1.90958381E-02
        4301   2.11856508       1.90500282E-02
        4321   2.10811472       1.90036390E-02
        4341   2.10521293       1.89570542E-02
        4361   2.11000061       1.89116150E-02
        4381   2.12218332       1.88695826E-02
        4401   2.14106607       1.88335348E-02
        4421   2.16562915       1.88053139E-02
        4441   2.19462919       1.87852588E-02
        4461   2.22670531       1.87722258E-02
        4481   2.26047683       1.87642165E-02
        4501   2.29462123       1.87590681E-02
        4521   2.32792878       1.87550168E-02
        4541   2.35933471       1.87509134E-02
        4561   2.38793206       1.87461916E-02
        4581   2.41297269       1.87408216E-02
        4601   2.43385744       1.87349170E-02
        4621   2.45012546       1.87287200E-02
        4641   2.46144104       1.87224876E-02
        4661   2.46758199       1.87162794E-02
        4681   2.46843195       1.87100675E-02
        4701   2.46397614       1.87037140E-02
        4721   2.45429969       1.86968017E-02
        4741   2.43959212       1.86887868E-02
        4761   2.42015481       1.86789893E-02
        4781   2.39641142       1.86665915E-02
        4801   2.36892080       1.86507199E-02
        4821   2.33838964       1.86305568E-02
        4841   2.30568242       1.86054930E-02
        4861   2.27182484       1.85753796E-02
        4881   2.23799276       1.85405836E-02
        4901   2.20548582       1.85020100E-02
        4921   2.17567515       1.84608884E-02
        4941   2.14992833       1.84183121E-02
        4961   2.12951183       1.83750652E-02
        4981   2.11548567       1.83312986E-02
        5001   2.10860085       1.82870068E-02
        5021   2.10922194       1.82430297E-02
        5041   2.11729097       1.82009544E-02
        5061   2.13233542       1.81632973E-02
        5081   2.15352392       1.81321185E-02
        5101   2.17974997       1.81085989E-02
        5121   2.20973468       1.80924330E-02
        5141   2.24212766       1.80821177E-02
        5161   2.27559400       1.80756338E-02
        5181   2.30888033       1.80710666E-02
        5201   2.34085870       1.80669911E-02
        5221   2.37054944       1.80626102E-02
        5241   2.39712787       1.80575736E-02
        5261   2.41992211       1.80519745E-02
        5281   2.43840170       1.80459470E-02
        5301   2.45216751       1.80397909E-02
        5321   2.46093869       1.80336330E-02
        5341   2.46454358       1.80274751E-02
        5361   2.46291447       1.80213284E-02
        5381   2.45608306       1.80148594E-02
        5401   2.44418311       1.80076249E-02
        5421   2.42745566       1.79990381E-02
        5441   2.40625739       1.79883689E-02
        5461   2.38107228       1.79747958E-02
        5481   2.35252380       1.79575123E-02
        5501   2.32138610       1.79358460E-02
        5521   2.28858948       1.79094113E-02
        5541   2.25521827       1.78783163E-02
        5561   2.22249103       1.78431980E-02
        5581   2.19172359       1.78051088E-02
        5601   2.16426611       1.77651923E-02
        5621   2.14141893       1.77243743E-02
        5641   2.12433267       1.76830068E-02
        5661   2.11390495       1.76411308E-02
        5681   2.11069202       1.75991077E-02
        5701   2.11485243       1.75579339E-02
        5721   2.12613153       1.75196044E-02
        5741   2.14389253       1.74863730E-02
        5761   2.16718411       1.74599830E-02
        5781   2.19483399       1.74407940E-02
        5801   2.22554684       1.74279939E-02
        5821   2.25799942       1.74198356E-02
        5841   2.29091358       1.74144264E-02
        5861   2.32311273       1.74101628E-02
        5881   2.35355377       1.74059402E-02
        5901   2.38134336       1.74012519E-02
        5921   2.40573883       1.73959397E-02
        5941   2.42614341       1.73901711E-02
        5961   2.44209456       1.73841156E-02
        5981   2.45325398       1.73780397E-02
        6001   2.45939589       1.73719674E-02
        6021   2.46040058       1.73659194E-02
        6041   2.45624971       1.73597317E-02
        6061   2.44702482       1.73530187E-02
        6081   2.43291211       1.73453297E-02
        6101   2.41420794       1.73359942E-02
        6121   2.39132953       1.73243266E-02
        6141   2.36482477       1.73094384E-02
        6161   2.33538604       1.72906835E-02
        6181   2.30385590       1.72675215E-02
        6201   2.27122998       1.72398556E-02
        6221   2.23864555       1.72080453E-02
        6241   2.20735264       1.71729382E-02
        6261   2.17866588       1.71356387E-02
        6281   2.15389180       1.70971267E-02
        6301   2.13423777       1.70580037E-02
        6321   2.12071204       1.70184057E-02
        6341   2.11402941       1.69784892E-02
        6361   2.11454034       1.69387441E-02
        6381   2.12219477       1.69006549E-02
        6401   2.13655090       1.68663152E-02
        6421   2.15682387       1.68377031E-02
        6441   2.18196583       1.68158188E-02
        6461   2.21075940       1.68004930E-02
        6481   2.24191380       1.67904310E-02
        6501   2.27414608       1.67838931E-02
        6521   2.30624676       1.67791657E-02
        6541   2.33712125       1.67749617E-02
        6561   2.36581397       1.67705044E-02
        6581   2.39151788       1.67655312E-02
        6601   2.41357136       1.67600382E-02
        6621   2.43145084       1.67541653E-02
        6641   2.44476104       1.67481620E-02
        6661   2.45322323       1.67421494E-02
        6681   2.45666790       1.67362131E-02
        6701   2.45502758       1.67301968E-02
        6721   2.44833565       1.67238768E-02
        6741   2.43672705       1.67168416E-02
        6761   2.42044377       1.67085882E-02
        6781   2.39984155       1.66983567E-02
        6801   2.37540245       1.66854858E-02
        6821   2.34774351       1.66692045E-02
        6841   2.31762695       1.66489109E-02
        6861   2.28596544       1.66243631E-02
        6881   2.25381494       1.65956840E-02
        6901   2.22235584       1.65635105E-02
        6921   2.19285536       1.65287722E-02
        6941   2.16660500       1.64925177E-02
        6961   2.14484119       1.64555162E-02
        6981   2.12865067       1.64181106E-02
        7001   2.11887550       1.63802765E-02
        7021   2.11603069       1.63422897E-02
        7041   2.12025332       1.63050890E-02
        7061   2.13129020       1.62704494E-02
        7081   2.14852715       1.62403584E-02
        7101   2.17105341       1.62162557E-02
        7121   2.19774771       1.61985476E-02
        7141   2.22737145       1.61864776E-02
        7161   2.25865602       1.61785744E-02
        7181   2.29037428       1.61731467E-02
        7201   2.32139254       1.61687601E-02
        7221   2.35070276       1.61644537E-02
        7241   2.37743831       1.61597375E-02
        7261   2.40087724       1.61544904E-02
        7281   2.42043734       1.61488205E-02
        7301   2.43566775       1.61429532E-02
        7321   2.44623756       1.61369927E-02
        7341   2.45192862       1.61311049E-02
        7361   2.45262694       1.61252432E-02
        7381   2.44831920       1.61191747E-02
        7401   2.43909359       1.61126815E-02
        7421   2.42514086       1.61051899E-02
        7441   2.40676284       1.60961654E-02
        7461   2.38438010       1.60849001E-02
        7481   2.35854268       1.60706844E-02
        7501   2.32993984       1.60529017E-02
        7521   2.29940581       1.60311386E-02
        7541   2.26791930       1.60053633E-02
        7561   2.23658991       1.59759745E-02
        7581   2.20662856       1.59437638E-02
        7601   2.17929769       1.59097537E-02
        7621   2.15584087       1.58748142E-02
        7641   2.13739681       1.58393513E-02
        7661   2.12490416       1.58035178E-02
        7681   2.11901641       1.57673452E-02
        7701   2.12003660       1.57314967E-02
        7721   2.12788892       1.56972259E-02
        7741   2.14212871       1.56663302E-02
        7761   2.16198969       1.56405456E-02
        7781   2.18646002       1.56207327E-02
        7801   2.21437073       1.56066809E-02
        7821   2.24448419       1.55972680E-02
        7841   2.27557182       1.55909341E-02
        7861   2.30647373       1.55861909E-02
        7881   2.33613873       1.55818956E-02
        7901   2.36364818       1.55773917E-02
        7921   2.38822412       1.55724194E-02
        7941   2.40922832       1.55669739E-02
        7961   2.42615604       1.55612286E-02
        7981   2.43862677       1.55553939E-02
        8001   2.44637394       1.55495685E-02
        8021   2.44923854       1.55437682E-02
        8041   2.44716358       1.55379297E-02
        8061   2.44019198       1.55317662E-02
        8081   2.42846847       1.55248782E-02
        8101   2.41224456       1.55167719E-02
        8121   2.39188600       1.55068478E-02
        8141   2.36788154       1.54943690E-02
        8161   2.34085345       1.54787246E-02
        8181   2.31156468       1.54594351E-02
        8201   2.28092003       1.54363085E-02
        8221   2.24995899       1.54095627E-02
        8241   2.21983266       1.53798414E-02
        8261   2.19176435       1.53480321E-02
        8281   2.16698837       1.53150018E-02
        8301   2.14667130       1.52814342E-02
        8321   2.13182402       1.52474660E-02
        8341   2.12321186       1.52131375E-02
        8361   2.12128258       1.51787819E-02
        8381   2.12612271       1.51452972E-02
        8401   2.13745046       1.51142254E-02
        8421   2.15464711       1.50873065E-02
        8441   2.17681956       1.50657408E-02
        8461   2.20288181       1.50498338E-02
        8481   2.23164296       1.50388610E-02
        8501   2.26188779       1.50314663E-02
        8521   2.29244280       1.50261885E-02
        8541   2.32222438       1.50217833E-02
        8561   2.35026908       1.50173977E-02
        8581   2.37574887       1.50126712E-02
        8601   2.39797306       1.50074828E-02
        8621   2.41638541       1.50019256E-02
        8641   2.43055630       1.49961747E-02
        8661   2.44017386       1.49904359E-02
        8681   2.44503474       1.49847101E-02
        8701   2.44503975       1.49789983E-02
        8721   2.44018984       1.49731096E-02
        8741   2.43058610       1.49666853E-02
        8761   2.41643405       1.49593223E-02
        8781   2.39804912       1.49504570E-02
        8801   2.37586474       1.49394237E-02
        8821   2.35044217       1.49255916E-02
        8841   2.32247853       1.49084646E-02
        8861   2.29280972       1.48877352E-02
        8881   2.26240706       1.48634631E-02
        8901   2.23236132       1.48360999E-02
        8921   2.20384908       1.48064354E-02
        8941   2.17808294       1.47753144E-02
        8961   2.15624022       1.47435209E-02
        8981   2.13938093       1.47113018E-02
        9001   2.12835884       1.46787940E-02
        9021   2.12374473       1.46460319E-02
        9041   2.12577033       1.46136880E-02
        9061   2.13430762       1.45829236E-02
        9081   2.14888334       1.45553891E-02
        9101   2.16872811       1.45325568E-02
        9121   2.19285035       1.45149995E-02
        9141   2.22011781       1.45024937E-02
        9161   2.24934292       1.44939367E-02
        9181   2.27935076       1.44879855E-02
        9201   2.30903554       1.44833177E-02
        9221   2.33739829       1.44789945E-02
        9241   2.36356544       1.44744460E-02
        9261   2.38679862       1.44694708E-02
        9281   2.40649343       1.44641288E-02
        9301   2.42217302       1.44585278E-02
        9321   2.43348074       1.44528467E-02
        9341   2.44017148       1.44472150E-02
        9361   2.44210505       1.44415936E-02
        9381   2.43924236       1.44358883E-02
        9401   2.43164420       1.44298412E-02
        9421   2.41947293       1.44230630E-02
        9441   2.40299773       1.44150415E-02
        9461   2.38260198       1.44051975E-02
        9481   2.35879159       1.43929441E-02
        9501   2.33220243       1.43776918E-02
        9521   2.30360699       1.43591091E-02
        9541   2.27391148       1.43371001E-02
        9561   2.24414587       1.43119758E-02
        9581   2.21543741       1.42843844E-02
        9601   2.18896770       1.42551372E-02
        9621   2.16591072       1.42250396E-02
        9641   2.14735699       1.41944867E-02
        9661   2.13422775       1.41636608E-02
        9681   2.12719560       1.41325360E-02
        9701   2.12662029       1.41014662E-02
        9721   2.13251519       1.40713705E-02
        9741   2.14454746       1.40437214E-02
        9761   2.16207385       1.40199792E-02
        9781   2.18420291       1.40010715E-02
        9801   2.20987296       1.39871240E-02
        9821   2.23793483       1.39773833E-02
        9841   2.26722455       1.39706433E-02
        9861   2.29662514       1.39656067E-02
        9881   2.32510900       1.39612276E-02
        9901   2.35176492       1.39568187E-02
        9921   2.37581086       1.39520615E-02
        9941   2.39659715       1.39469020E-02
        9961   2.41360283       1.39414733E-02
        9981   2.42642784       1.39358826E-02
