           1   2.77444243      0.119472973    
          41   2.66810203      0.119221061    
          81   2.53044152      0.118552893    
         121   2.36723113      0.117194116    
         161   2.19158006      0.115526445    
         201   2.02919292      0.116103493    
         241   1.92018557      0.120910674    
         281   1.90415764      0.122207493    
         321   1.98800802      0.117255993    
         361   2.13879895      0.115279846    
         401   2.31383204      0.116653129    
         441   2.48272324      0.118217021    
         481   2.62907410      0.119074807    
         521   2.74535799      0.119423330    
         561   2.82857037      0.119533032    
         601   2.87771726      0.119556129    
         641   2.89256454      0.119558126    
         681   2.87308526      0.119555071    
         721   2.81931877      0.119525544    
         761   2.73155808      0.119395018    
         801   2.61097431      0.118995845    
         841   2.46099997      0.118046053    
         881   2.29006195      0.116410106    
         921   2.11617637      0.115267023    
         961   1.97180235      0.117901511    
        1001   1.90015173      0.122563213    
        1041   1.93015099      0.120199814    
        1081   2.04899120      0.115753680    
        1121   2.21523690      0.115705147    
        1161   2.39037704      0.117419273    
        1201   2.55069160      0.118678704    
        1241   2.68435359      0.119272768    
        1281   2.78625059      0.119489431    
        1321   2.85448527      0.119548433    
        1361   2.88850212      0.119557694    
        1401   2.88819766      0.119557641    
        1441   2.85357261      0.119547993    
        1481   2.78473401      0.119487442    
        1521   2.68225098      0.119266331    
        1561   2.54805827      0.118662849    
        1601   2.38735104      0.117390275    
        1641   2.21211863      0.115679838    
        1681   2.04633808      0.115794063    
        1721   1.92874455      0.120295882    
        1761   1.90056884      0.122525588    
        1801   1.97385788      0.117812686    
        1841   2.11912203      0.115264647    
        1881   2.29319143      0.116441868    
        1921   2.46387792      0.118069269    
        1961   2.61338401      0.119006693    
        2001   2.73340583      0.119398929    
        2041   2.82056952      0.119526446    
        2081   2.87372923      0.119555101    
        2121   2.89259958      0.119557962    
        2161   2.87714362      0.119555898    
        2201   2.82738924      0.119531959    
        2241   2.74357820      0.119419694    
        2281   2.62672591      0.119064763    
        2321   2.47989106      0.118195131    
        2361   2.31071377      0.116620906    
        2401   2.13579941      0.115274072    
        2441   1.98580551      0.117336340    
        2481   1.90352273      0.122262664    
        2521   1.92139757      0.120820254    
        2561   2.03174281      0.116051495    
        2601   2.19467878      0.115547650    
        2641   2.37028790      0.117223933    
        2681   2.53312993      0.118569799    
        2721   2.67027020      0.119227931    
        2761   2.77602863      0.119475015    
        2801   2.84825253      0.119545124    
        2841   2.88628912      0.119557135    
        2881   2.89000821      0.119557537    
        2921   2.85940385      0.119550176    
        2961   2.79456043      0.119499579    
        3001   2.69595933      0.119306274    
        3041   2.56530190      0.118763059    
        3081   2.40725565      0.117577717    
        3121   2.23276639      0.115855202    
        3161   2.06413674      0.115558565    
        3201   1.93856740      0.119651467    
        3241   1.89843059      0.122719981    
        3281   1.96071100      0.118417300    
        3321   2.09982634      0.115304358    
        3361   2.27248907      0.116232969    
        3401   2.44473267      0.117910631    
        3441   2.59728479      0.118930943    
        3481   2.72100067      0.119370863    
        3521   2.81210160      0.119518623    
        3561   2.86927032      0.119553767    
        3601   2.89216328      0.119557820    
        3641   2.88073015      0.119556405    
        3681   2.83499026      0.119537264    
        3721   2.75514126      0.119441256    
        3761   2.64205956      0.119126752    
        3801   2.49846387      0.118333578    
        3841   2.33126855      0.116831414    
        3881   2.15574574      0.115330145    
        3921   2.00074625      0.116829760    
        3961   1.90832281      0.121850900    
        4001   1.91395569      0.121390924    
        4041   2.01521373      0.116424024    
        4081   2.17427778      0.115418121    
        4121   2.35001111      0.117021531    
        4161   2.51520944      0.118451163    
        4201   2.65575385      0.119177721    
        4241   2.76534581      0.119458407    
        4281   2.84155059      0.119541205    
        4321   2.88360548      0.119556621    
        4361   2.89134765      0.119557478    
        4401   2.86476469      0.119552039    
        4441   2.80392170      0.119510062    
        4481   2.70922327      0.119341664    
        4521   2.58216119      0.118854314    
        4561   2.42691994      0.117755741    
        4601   2.25347400      0.116046891    
        4641   2.08251476      0.115394831    
        4681   1.94959307      0.119000785    
        4721   1.89775693      0.122781821    
        4761   1.94863939      0.119054154    
        4801   2.08097839      0.115405649    
        4841   2.25176454      0.116030522    
        4881   2.42530727      0.117741361    
        4921   2.58078504      0.118847042    
        4961   2.70814586      0.119338848    
        5001   2.80316687      0.119509205    
        5041   2.86434007      0.119551830    
        5081   2.89125466      0.119557396    
        5121   2.88384438      0.119556621    
        5161   2.84212089      0.119541474    
        5201   2.76624393      0.119459748    
        5241   2.65696692      0.119181901    
        5281   2.51670027      0.118461117    
        5321   2.35168958      0.117038243    
        5361   2.17595291      0.115427382    
        5401   2.01654768      0.116390377    
        5441   1.91451883      0.121346042    
        5481   1.90787411      0.121888280    
        5521   1.99948096      0.116868645    
        5561   2.15409040      0.115323357    
        5601   2.32957768      0.116813637    
        5641   2.49694419      0.118322060    
        5681   2.64081025      0.119121373    
        5721   2.75420403      0.119439088    
        5761   2.83437991      0.119536370    
        5801   2.88045073      0.119555898    
        5841   2.89221501      0.119557269    
        5881   2.86965346      0.119553342    
        5921   2.81281519      0.119518861    
        5961   2.72203803      0.119372845    
        6001   2.59862494      0.118937030    
        6041   2.44631934      0.117923617    
        6081   2.27419472      0.116249487    
        6121   2.10139942      0.115298331    
        6161   1.96175420      0.118365631    
        6201   1.89855194      0.122708462    
        6241   1.93771267      0.119704701    
        6281   2.06264830      0.115574926    
        6321   2.23106313      0.115839779    
        6361   2.40562487      0.117562316    
        6401   2.56389594      0.118754908    
        6441   2.69484663      0.119302906    
        6481   2.79376817      0.119498394    
        6521   2.85894084      0.119549796    
        6561   2.88987613      0.119557314    
        6601   2.88648820      0.119556941    
        6641   2.84878254      0.119545206    
        6681   2.77688670      0.119476050    
        6721   2.67144489      0.119231537    
        6761   2.53458834      0.118578866    
        6801   2.37194824      0.117240049    
        6841   2.19636536      0.115559399    
        6881   2.03313613      0.116023943    
        6921   1.92206931      0.120770529    
        6961   1.90319133      0.122291565    
        7001   1.98461711      0.117380440    
        7041   2.13417149      0.115271255    
        7081   2.30901742      0.116603233    
        7121   2.47834778      0.118182950    
        7161   2.62544465      0.119059026    
        7201   2.74260545      0.119417474    
        7241   2.82674170      0.119531117    
        7281   2.87682629      0.119555451    
        7321   2.89261317      0.119557619    
        7361   2.87407374      0.119554833    
        7401   2.82124400      0.119526692    
        7441   2.73440456      0.119400635    
        7481   2.61468863      0.119012125    
        7521   2.46543813      0.118081346    
        7561   2.29489088      0.116458736    
        7601   2.12072635      0.115263462    
        7641   1.97498465      0.117764503    
        7681   1.90081012      0.122503348    
        7721   1.92799306      0.120347366    
        7761   2.04490328      0.115816161    
        7801   2.21042538      0.115665779    
        7841   2.38570428      0.117373921    
        7881   2.54662323      0.118653677    
        7921   2.68110323      0.119262271    
        7961   2.78390431      0.119485840    
        8001   2.85307074      0.119547278    
        8041   2.88802600      0.119557127    
        8081   2.88866091      0.119557180    
        8121   2.85497475      0.119548239    
        8161   2.78706813      0.119490087    
        8201   2.68548942      0.119275771    
        8241   2.55211616      0.118686721    
        8281   2.39201641      0.117434427    
        8321   2.21692967      0.115718611    
        8361   2.05043674      0.115732089    
        8401   1.93092680      0.120146789    
        8441   1.89993989      0.122582003    
        8481   1.97069740      0.117949605    
        8521   2.11458230      0.115268230    
        8561   2.28836346      0.116392255    
        8601   2.45943522      0.118032724    
        8641   2.60966206      0.118989244    
        8681   2.73055005      0.119392253    
        8721   2.81863403      0.119524382    
        8761   2.87272954      0.119554445    
        8801   2.89253855      0.119557537    
        8841   2.87802124      0.119555622    
        8881   2.82920337      0.119532898    
        8921   2.74631596      0.119424649    
        8961   2.63034034      0.119079530    
        9001   2.48425269      0.118228048    
        9041   2.31551909      0.116669863    
        9081   2.14042664      0.115282729    
        9121   1.98921049      0.117212266    
        9161   1.90451610      0.122175746    
        9201   1.91954231      0.120958537    
        9241   2.02781940      0.116131626    
        9281   2.18990302      0.115514517    
        9321   2.36557293      0.117177129    
        9361   2.52898026      0.118542813    
        9401   2.66692162      0.119216517    
        9441   2.77357697      0.119471163    
        9481   2.84673047      0.119544148    
        9521   2.88570452      0.119556844    
        9561   2.89036226      0.119557358    
        9601   2.86069608      0.119550504    
        9641   2.79678535      0.119502023    
        9681   2.69909286      0.119314753    
        9721   2.56926918      0.118784979    
        9761   2.41186476      0.117619924    
        9801   2.23759317      0.115898505    
        9841   2.06837463      0.115513958    
        9881   1.94103444      0.119499169    
        9921   1.89814258      0.122746043    
        9961   1.95779657      0.118563280    
