           1   411.243774      0.722963631    
          41   411.486237      0.722963631    
          81   411.728699      0.722963631    
         121   411.971161      0.722963631    
         161   412.213654      0.722963631    
         201   412.456116      0.722963631    
         241   412.698578      0.722963631    
         281   412.941040      0.722963631    
         321   413.183533      0.722963631    
         361   413.425995      0.722963631    
         401   413.668457      0.722963631    
         441   413.910919      0.722963631    
         481   414.153412      0.722963631    
         521   414.395874      0.722963631    
         561   414.638336      0.722963631    
         601   414.880829      0.722963631    
         641   415.123291      0.722963631    
         681   415.365753      0.722963631    
         721   415.608215      0.722963631    
         761   415.850708      0.722963631    
         801   416.093170      0.722963631    
         841   416.335632      0.722963631    
         881   416.578094      0.722963631    
         921   416.820587      0.722963631    
         961   417.063049      0.722963631    
        1001   417.305511      0.722963631    
        1041   417.547974      0.722963631    
        1081   417.790466      0.722963631    
        1121   418.032928      0.722963631    
        1161   418.275391      0.722963631    
        1201   418.517853      0.722963631    
        1241   418.760345      0.722963631    
        1281   419.002808      0.722963631    
        1321   419.245270      0.722963631    
        1361   419.487732      0.722963631    
        1401   419.730225      0.722963631    
        1441   419.972687      0.722963631    
        1481   420.215149      0.722963631    
        1521   420.457611      0.722963631    
        1561   420.700104      0.722963631    
        1601   420.942566      0.722963631    
        1641   421.185028      0.722963631    
        1681   421.427490      0.722963631    
        1721   421.669983      0.722963631    
        1761   421.912445      0.722963631    
        1801   422.154907      0.722963631    
        1841   422.397369      0.722963631    
        1881   422.639862      0.722963631    
        1921   422.882324      0.722963631    
        1961   423.124786      0.722963631    
        2001   423.367249      0.722963631    
        2041   423.609741      0.722963631    
        2081   423.852203      0.722963631    
        2121   424.094666      0.722963631    
        2161   424.337128      0.722963631    
        2201   424.579620      0.722963631    
        2241   424.822083      0.722963631    
        2281   425.064545      0.722963631    
        2321   425.307007      0.722963631    
        2361   425.549500      0.722963631    
        2401   425.791962      0.722963631    
        2441   426.034424      0.722963631    
        2481   426.276886      0.722963631    
        2521   426.519379      0.722963631    
        2561   426.761841      0.722963631    
        2601   427.004303      0.722963631    
        2641   427.246765      0.722963631    
        2681   427.489258      0.722963631    
        2721   427.731720      0.722963631    
        2761   427.974182      0.722963631    
        2801   428.216644      0.722963631    
        2841   428.459137      0.722963631    
        2881   428.701599      0.722963631    
        2921   428.944061      0.722963631    
        2961   429.186523      0.722963631    
        3001   429.429016      0.722963631    
        3041   429.671478      0.722963631    
        3081   429.913940      0.722963631    
        3121   430.156403      0.722963631    
        3161   430.398895      0.722963631    
        3201   430.641357      0.722963631    
        3241   430.883820      0.722963631    
        3281   431.126282      0.722963631    
        3321   431.368774      0.722963631    
        3361   431.611237      0.722963631    
        3401   431.853699      0.722963631    
        3441   432.096161      0.722963631    
        3481   432.338654      0.722963631    
        3521   432.581116      0.722963631    
        3561   432.823578      0.722963631    
        3601   433.066040      0.722963631    
        3641   433.308533      0.722963631    
        3681   433.550995      0.722963631    
        3721   433.793457      0.722963631    
        3761   434.035919      0.722963631    
        3801   434.278412      0.722963631    
        3841   434.520874      0.722963631    
        3881   434.763336      0.722963631    
        3921   435.005798      0.722963631    
        3961   435.248291      0.722963631    
        4001   435.490753      0.722963631    
        4041   435.733215      0.722963631    
        4081   435.975677      0.722963631    
        4121   436.218170      0.722963631    
        4161   436.460632      0.722963631    
        4201   436.703094      0.722963631    
        4241   436.945557      0.722963631    
        4281   437.188049      0.722963631    
        4321   437.430511      0.722963631    
        4361   437.672974      0.722963631    
        4401   437.915436      0.722963631    
        4441   438.157928      0.722963631    
        4481   438.400391      0.722963631    
        4521   438.642853      0.722963631    
        4561   438.885315      0.722963631    
        4601   439.127808      0.722963631    
        4641   439.370270      0.722963631    
        4681   439.612732      0.722963631    
        4721   439.855194      0.722963631    
        4761   440.097687      0.722963631    
        4801   440.340149      0.722963631    
        4841   440.582611      0.722963631    
        4881   440.825073      0.722963631    
        4921   441.067566      0.722963631    
        4961   441.310028      0.722963631    
        5001   441.552490      0.722963631    
        5041   441.794952      0.722963631    
        5081   442.037445      0.722963631    
        5121   442.279907      0.722963631    
        5161   442.522369      0.722963631    
        5201   442.764832      0.722963631    
        5241   443.007324      0.722963631    
        5281   443.249786      0.722963631    
        5321   443.492249      0.722963631    
        5361   443.734711      0.722963631    
        5401   443.977203      0.722963631    
        5441   444.219666      0.722963631    
        5481   444.462128      0.722963631    
        5521   444.704590      0.722963631    
        5561   444.947083      0.722963631    
        5601   445.189545      0.722963631    
        5641   445.432007      0.722963631    
        5681   445.674469      0.722963631    
        5721   445.916962      0.722963631    
        5761   446.159424      0.722963631    
        5801   446.401886      0.722963631    
        5841   446.644348      0.722963631    
        5881   446.886841      0.722963631    
        5921   447.129303      0.722963631    
        5961   447.371765      0.722963631    
        6001   447.614227      0.722963631    
        6041   447.856720      0.722963631    
        6081   448.099182      0.722963631    
        6121   448.341644      0.722963631    
        6161   448.584106      0.722963631    
        6201   448.826599      0.722963631    
        6241   449.069061      0.722963631    
        6281   449.311523      0.722963631    
        6321   449.553986      0.722963631    
        6361   449.796478      0.722963631    
        6401   450.038940      0.722963631    
        6441   450.281403      0.722963631    
        6481   450.523865      0.722963631    
        6521   450.766357      0.722963631    
        6561   451.008820      0.722963631    
        6601   451.251282      0.722963631    
        6641   451.493744      0.722963631    
        6681   451.736237      0.722963631    
        6721   451.978699      0.722963631    
        6761   452.221161      0.722963631    
        6801   452.463623      0.722963631    
        6841   452.706116      0.722963631    
        6881   452.948578      0.722963631    
        6921   453.191040      0.722963631    
        6961   453.433502      0.722963631    
        7001   453.675995      0.722963631    
        7041   453.918457      0.722963631    
        7081   454.160919      0.722963631    
        7121   454.403381      0.722963631    
        7161   454.645874      0.722963631    
        7201   454.888336      0.722963631    
        7241   455.130798      0.722963631    
        7281   455.373260      0.722963631    
        7321   455.615753      0.722963631    
        7361   455.858215      0.722963631    
        7401   456.100677      0.722963631    
        7441   456.343140      0.722963631    
        7481   456.585632      0.722963631    
        7521   456.828094      0.722963631    
        7561   457.070557      0.722963631    
        7601   457.313019      0.722963631    
        7641   457.555511      0.722963631    
        7681   457.797974      0.722963631    
        7721   458.040436      0.722963631    
        7761   458.282898      0.722963631    
        7801   458.525391      0.722963631    
        7841   458.767853      0.722963631    
        7881   459.010315      0.722963631    
        7921   459.252777      0.722963631    
        7961   459.495270      0.722963631    
        8001   459.737732      0.722963631    
        8041   459.980194      0.722963631    
        8081   460.222656      0.722963631    
        8121   460.465149      0.722963631    
        8161   460.707611      0.722963631    
        8201   460.950073      0.722963631    
        8241   461.192535      0.722963631    
        8281   461.435028      0.722963631    
        8321   461.677490      0.722963631    
        8361   461.919952      0.722963631    
        8401   462.162415      0.722963631    
        8441   462.404907      0.722963631    
        8481   462.647369      0.722963631    
        8521   462.889832      0.722963631    
        8561   463.132294      0.722963631    
        8601   463.374786      0.722963631    
        8641   463.617249      0.722963631    
        8681   463.859711      0.722963631    
        8721   464.102173      0.722963631    
        8761   464.344666      0.722963631    
        8801   464.587128      0.722963631    
        8841   464.829590      0.722963631    
        8881   465.072052      0.722963631    
        8921   465.314545      0.722963631    
        8961   465.557007      0.722963631    
        9001   465.799469      0.722963631    
        9041   466.041931      0.722963631    
        9081   466.284424      0.722963631    
        9121   466.526886      0.722963631    
        9161   466.769348      0.722963631    
        9201   467.011810      0.722963631    
        9241   467.254303      0.722963631    
        9281   467.496765      0.722963631    
        9321   467.739227      0.722963631    
        9361   467.981689      0.722963631    
        9401   468.224182      0.722963631    
        9441   468.466644      0.722963631    
        9481   468.709106      0.722963631    
        9521   468.951569      0.722963631    
        9561   469.194061      0.722963631    
        9601   469.436523      0.722963631    
        9641   469.678986      0.722963631    
        9681   469.921448      0.722963631    
        9721   470.163940      0.722963631    
        9761   470.406403      0.722963631    
        9801   470.648865      0.722963631    
        9841   470.891327      0.722963631    
        9881   471.133820      0.722963631    
        9921   471.376282      0.722963631    
        9961   471.618744      0.722963631    
