   0.00000000       0.00000000    
   20.0000000       1.38020128E-04
   40.0000000       5.46758354E-04
   60.0000000       1.20674795E-03
   80.0000000       2.08995258E-03
   100.000000       3.16993124E-03
   120.000000       4.42808587E-03
   140.000000       5.85300894E-03
   160.000000       7.43454462E-03
   180.000000       9.15869605E-03
   200.000000       1.10077141E-02
   220.000000       1.29610486E-02
   240.000000       1.49968229E-02
   260.000000       1.70947909E-02
   280.000000       1.92359053E-02
   300.000000       2.14009751E-02
   320.000000       2.35721916E-02
   340.000000       2.57358048E-02
   360.000000       2.78852638E-02
   380.000000       3.00219581E-02
   400.000000       3.21514383E-02
   420.000000       3.42794545E-02
   440.000000       3.64089049E-02
   460.000000       3.85398716E-02
   480.000000       4.06744070E-02
   500.000000       4.28209938E-02
   520.000000       4.49946932E-02
   540.000000       4.72116917E-02
   560.000000       4.94800210E-02
   580.000000       5.17945476E-02
   600.000000       5.41348048E-02
   620.000000       5.64687587E-02
   640.000000       5.87610491E-02
   660.000000       6.09794594E-02
   680.000000       6.30990043E-02
   700.000000       6.51034042E-02
   720.000000       6.69852272E-02
   740.000000       6.87468499E-02
   760.000000       7.04026073E-02
   780.000000       7.19770491E-02
   800.000000       7.35009685E-02
   820.000000       7.50051066E-02
   840.000000       7.65131935E-02
   860.000000       7.80429319E-02
   880.000000       7.96113685E-02
   900.000000       8.12370032E-02
   920.000000       8.29403028E-02
   940.000000       8.47350359E-02
   960.000000       8.66203010E-02
   980.000000       8.85792375E-02
   1000.00000       9.05807242E-02
   1020.00000       9.25845429E-02
   1040.00000       9.45483074E-02
   1060.00000       9.64314714E-02
   1080.00000       9.81957018E-02
   1100.00000       9.98088941E-02
   1120.00000      0.101246886    
   1140.00000      0.102495611    
   1160.00000      0.103552677    
   1180.00000      0.104427718    
   1200.00000      0.105140656    
   1220.00000      0.105720572    
   1240.00000      0.106201924    
   1260.00000      0.106623232    
   1280.00000      0.107026547    
   1300.00000      0.107454516    
   1320.00000      0.107947886    
   1340.00000      0.108538419    
   1360.00000      0.109243155    
   1380.00000      0.110062756    
   1400.00000      0.110983044    
   1420.00000      0.111977808    
   1440.00000      0.113009758    
   1460.00000      0.114035882    
   1480.00000      0.115013190    
   1500.00000      0.115905769    
   1520.00000      0.116690516    
   1540.00000      0.117357217    
   1560.00000      0.117908321    
   1580.00000      0.118356265    
   1600.00000      0.118720286    
   1620.00000      0.119021229    
   1640.00000      0.119283013    
   1660.00000      0.119533777    
   1680.00000      0.119807184    
   1700.00000      0.120139569    
   1720.00000      0.120567374    
   1740.00000      0.121122621    
   1760.00000      0.121825963    
   1780.00000      0.122687012    
   1800.00000      0.123705946    
   1820.00000      0.124875344    
   1840.00000      0.126182333    
   1860.00000      0.127608761    
   1880.00000      0.129129738    
   1900.00000      0.130711734    
   1920.00000      0.132315680    
   1940.00000      0.133898124    
   1960.00000      0.135412797    
   1980.00000      0.136818394    
   2000.00000      0.138081178    
   2020.00000      0.139176354    
   2040.00000      0.140091360    
   2060.00000      0.140828490    
   2080.00000      0.141405568    
   2100.00000      0.141854227    
   2120.00000      0.142213851    
   2140.00000      0.142525420    
   2160.00000      0.142822608    
   2180.00000      0.143127769    
   2200.00000      0.143453360    
   2220.00000      0.143802717    
   2240.00000      0.144173458    
   2260.00000      0.144567147    
   2280.00000      0.144990295    
   2300.00000      0.145450145    
   2320.00000      0.145950735    
   2340.00000      0.146487951    
   2360.00000      0.147051737    
   2380.00000      0.147628665    
   2400.00000      0.148203731    
   2420.00000      0.148761615    
   2440.00000      0.149287537    
   2460.00000      0.149767652    
   2480.00000      0.150193527    
   2500.00000      0.150565758    
   2520.00000      0.150893763    
   2540.00000      0.151191190    
   2560.00000      0.151474550    
   2580.00000      0.151761413    
   2600.00000      0.152069762    
   2620.00000      0.152418435    
   2640.00000      0.152827099    
   2660.00000      0.153309375    
   2680.00000      0.153870299    
   2700.00000      0.154506221    
   2720.00000      0.155202881    
   2740.00000      0.155939177    
   2760.00000      0.156694725    
   2780.00000      0.157453462    
   2800.00000      0.158204243    
   2820.00000      0.158942267    
   2840.00000      0.159667611    
   2860.00000      0.160383612    
   2880.00000      0.161093220    
   2900.00000      0.161798552    
   2920.00000      0.162499204    
   2940.00000      0.163194612    
   2960.00000      0.163884982    
   2980.00000      0.164571494    
   3000.00000      0.165256277    
   3020.00000      0.165943578    
   3040.00000      0.166640267    
   3060.00000      0.167356953    
   3080.00000      0.168108448    
   3100.00000      0.168908536    
   3120.00000      0.169770673    
   3140.00000      0.170700237    
   3160.00000      0.171690747    
   3180.00000      0.172726944    
   3200.00000      0.173788607    
   3220.00000      0.174856439    
   3240.00000      0.175920084    
   3260.00000      0.176979482    
   3280.00000      0.178040996    
   3300.00000      0.179110065    
   3320.00000      0.180188850    
   3340.00000      0.181277618    
   3360.00000      0.182370976    
   3380.00000      0.183460131    
   3400.00000      0.184540749    
   3420.00000      0.185612723    
   3440.00000      0.186678112    
   3460.00000      0.187744215    
   3480.00000      0.188821077    
   3500.00000      0.189923346    
   3520.00000      0.191070840    
   3540.00000      0.192286834    
   3560.00000      0.193591639    
   3580.00000      0.194996357    
   3600.00000      0.196500763    
   3620.00000      0.198095128    
   3640.00000      0.199767306    
   3660.00000      0.201506302    
   3680.00000      0.203307167    
   3700.00000      0.205171406    
   3720.00000      0.207100257    
   3740.00000      0.209091127    
   3760.00000      0.211134925    
   3780.00000      0.213216126    
   3800.00000      0.215318277    
   3820.00000      0.217423454    
   3840.00000      0.219514966    
   3860.00000      0.221580729    
   3880.00000      0.223610654    
   3900.00000      0.225600824    
   3920.00000      0.227557585    
   3940.00000      0.229499564    
   3960.00000      0.231454745    
   3980.00000      0.233453333    
   4000.00000      0.235520720    
   4020.00000      0.237674117    
   4040.00000      0.239919856    
   4060.00000      0.242252573    
   4080.00000      0.244654655    
   4100.00000      0.247098923    
   4120.00000      0.249556020    
   4140.00000      0.251995116    
   4160.00000      0.254384547    
   4180.00000      0.256697834    
   4200.00000      0.258918256    
   4220.00000      0.261042893    
   4240.00000      0.263080537    
   4260.00000      0.265047997    
   4280.00000      0.266964942    
   4300.00000      0.268852323    
   4320.00000      0.270733953    
   4340.00000      0.272633255    
   4360.00000      0.274573952    
   4380.00000      0.276579291    
   4400.00000      0.278671533    
   4420.00000      0.280864388    
   4440.00000      0.283160210    
   4460.00000      0.285545230    
   4480.00000      0.287989944    
   4500.00000      0.290452689    
   4520.00000      0.292881340    
   4540.00000      0.295219541    
   4560.00000      0.297410816    
   4580.00000      0.299407542    
   4600.00000      0.301182687    
   4620.00000      0.302734166    
   4640.00000      0.304086834    
   4660.00000      0.305285126    
   4680.00000      0.306381285    
   4700.00000      0.307427257    
   4720.00000      0.308468342    
   4740.00000      0.309539258    
   4760.00000      0.310666889    
   4780.00000      0.311874241    
   4800.00000      0.313177437    
   4820.00000      0.314581066    
   4840.00000      0.316081554    
   4860.00000      0.317664713    
   4880.00000      0.319305837    
   4900.00000      0.320971519    
   4920.00000      0.322620243    
   4940.00000      0.324207664    
   4960.00000      0.325688928    
   4980.00000      0.327025265    
   5000.00000      0.328192323    
   5020.00000      0.329217911    
   5040.00000      0.330151230    
   5060.00000      0.330975831    
   5080.00000      0.331732124    
   5100.00000      0.332457125    
   5120.00000      0.333183676    
   5140.00000      0.333943039    
   5160.00000      0.334762454    
   5180.00000      0.335659713    
   5200.00000      0.336645335    
   5220.00000      0.337725073    
   5240.00000      0.338901550    
   5260.00000      0.340174168    
   5280.00000      0.341533214    
   5300.00000      0.342963457    
   5320.00000      0.344442934    
   5340.00000      0.345948070    
   5360.00000      0.347460032    
   5380.00000      0.348962694    
   5400.00000      0.350449592    
   5420.00000      0.351920843    
   5440.00000      0.353384376    
   5460.00000      0.354859352    
   5480.00000      0.356370360    
   5500.00000      0.357943267    
   5520.00000      0.359599084    
   5540.00000      0.361349553    
   5560.00000      0.363198429    
   5580.00000      0.365141839    
   5600.00000      0.367168158    
   5620.00000      0.369261354    
   5640.00000      0.371401459    
   5660.00000      0.373566777    
   5680.00000      0.375732392    
   5700.00000      0.377864122    
   5720.00000      0.379923016    
   5740.00000      0.381876916    
   5760.00000      0.383706301    
   5780.00000      0.385405630    
   5800.00000      0.386987686    
   5820.00000      0.388484687    
   5840.00000      0.389940262    
   5860.00000      0.391401201    
   5880.00000      0.392917246    
   5900.00000      0.394540220    
   5920.00000      0.396315306    
   5940.00000      0.398279458    
   5960.00000      0.400463223    
   5980.00000      0.402890921    
   6000.00000      0.405576319    
   6020.00000      0.408523530    
   6040.00000      0.411723942    
   6060.00000      0.415146679    
   6080.00000      0.418738812    
   6100.00000      0.422427505    
   6120.00000      0.426124781    
   6140.00000      0.429732203    
   6160.00000      0.433153123    
   6180.00000      0.436308146    
   6200.00000      0.439140469    
   6220.00000      0.441617519    
   6240.00000      0.443727046    
   6260.00000      0.445479512    
   6280.00000      0.446907431    
   6300.00000      0.448056698    
   6320.00000      0.448996156    
   6340.00000      0.449811310    
   6360.00000      0.450597167    
   6380.00000      0.451455981    
   6400.00000      0.452492863    
   6420.00000      0.453799278    
   6440.00000      0.455441117    
   6460.00000      0.457450509    
   6480.00000      0.459817439    
   6500.00000      0.462494165    
   6520.00000      0.465401918    
   6540.00000      0.468436569    
   6560.00000      0.471484095    
   6580.00000      0.474431157    
   6600.00000      0.477174550    
   6620.00000      0.479627967    
   6640.00000      0.481730133    
   6660.00000      0.483445972    
   6680.00000      0.484763712    
   6700.00000      0.485696405    
   6720.00000      0.486281902    
   6740.00000      0.486576587    
   6760.00000      0.486660033    
   6780.00000      0.486630172    
   6800.00000      0.486594528    
   6820.00000      0.486661524    
   6840.00000      0.486926168    
   6860.00000      0.487459272    
   6880.00000      0.488298535    
   6900.00000      0.489448458    
   6920.00000      0.490881473    
   6940.00000      0.492544919    
   6960.00000      0.494368404    
   6980.00000      0.496271342    
   7000.00000      0.498173475    
   7020.00000      0.500005484    
   7040.00000      0.501712859    
   7060.00000      0.503256857    
   7080.00000      0.504614115    
   7100.00000      0.505778015    
   7120.00000      0.506760776    
   7140.00000      0.507591605    
   7160.00000      0.508312285    
   7180.00000      0.508976042    
   7200.00000      0.509642899    
   7220.00000      0.510376453    
   7240.00000      0.511231601    
   7260.00000      0.512251675    
   7280.00000      0.513461053    
   7300.00000      0.514868319    
   7320.00000      0.516466677    
   7340.00000      0.518235266    
   7360.00000      0.520138919    
   7380.00000      0.522134244    
   7400.00000      0.524175346    
   7420.00000      0.526221931    
   7440.00000      0.528243363    
   7460.00000      0.530219257    
   7480.00000      0.532140315    
   7500.00000      0.534007728    
   7520.00000      0.535827339    
   7540.00000      0.537604511    
   7560.00000      0.539340377    
   7580.00000      0.541036189    
   7600.00000      0.542693913    
   7620.00000      0.544312954    
   7640.00000      0.545892179    
   7660.00000      0.547429681    
   7680.00000      0.548918366    
   7700.00000      0.550347269    
   7720.00000      0.551701546    
   7740.00000      0.552967966    
   7760.00000      0.554143369    
   7780.00000      0.555233181    
   7800.00000      0.556254506    
   7820.00000      0.557232678    
   7840.00000      0.558199823    
   7860.00000      0.559194982    
   7880.00000      0.560260832    
   7900.00000      0.561437428    
   7920.00000      0.562754750    
   7940.00000      0.564233184    
   7960.00000      0.565872133    
   7980.00000      0.567654848    
   8000.00000      0.569556177    
   8020.00000      0.571541727    
   8040.00000      0.573572218    
   8060.00000      0.575602412    
   8080.00000      0.577584207    
   8100.00000      0.579471707    
   8120.00000      0.581222713    
   8140.00000      0.582800627    
   8160.00000      0.584178329    
   8180.00000      0.585341215    
   8200.00000      0.586290300    
   8220.00000      0.587043762    
   8240.00000      0.587634981    
   8260.00000      0.588112593    
   8280.00000      0.588531494    
   8300.00000      0.588945031    
   8320.00000      0.589396060    
   8340.00000      0.589915872    
   8360.00000      0.590520680    
   8380.00000      0.591215551    
   8400.00000      0.591995656    
   8420.00000      0.592845738    
   8440.00000      0.593742251    
   8460.00000      0.594654381    
   8480.00000      0.595548451    
   8500.00000      0.596388936    
   8520.00000      0.597147644    
   8540.00000      0.597806036    
   8560.00000      0.598353326    
   8580.00000      0.598784387    
   8600.00000      0.599102437    
   8620.00000      0.599321425    
   8640.00000      0.599467576    
   8660.00000      0.599575162    
   8680.00000      0.599669635    
   8700.00000      0.599763632    
   8720.00000      0.599885643    
   8740.00000      0.600053608    
   8760.00000      0.600280464    
   8780.00000      0.600575030    
   8800.00000      0.600951374    
   8820.00000      0.601419747    
   8840.00000      0.601983070    
   8860.00000      0.602634311    
   8880.00000      0.603365004    
   8900.00000      0.604170203    
   8920.00000      0.605046690    
   8940.00000      0.605989993    
   8960.00000      0.606990159    
   8980.00000      0.608032405    
   9000.00000      0.609097540    
   9020.00000      0.610161364    
   9040.00000      0.611205757    
   9060.00000      0.612232566    
   9080.00000      0.613255799    
   9100.00000      0.614297032    
   9120.00000      0.615378082    
   9140.00000      0.616512358    
   9160.00000      0.617701113    
   9180.00000      0.618930280    
   9200.00000      0.620171130    
   9220.00000      0.621383607    
   9240.00000      0.622522771    
   9260.00000      0.623542190    
   9280.00000      0.624399543    
   9300.00000      0.625075161    
   9320.00000      0.625574529    
   9340.00000      0.625925481    
   9360.00000      0.626171350    
   9380.00000      0.626365781    
   9400.00000      0.626568913    
   9420.00000      0.626840711    
   9440.00000      0.627236307    
   9460.00000      0.627808928    
   9480.00000      0.628614664    
   9500.00000      0.629707277    
   9520.00000      0.631133974    
   9540.00000      0.632928193    
   9560.00000      0.635099471    
   9580.00000      0.637632489    
   9600.00000      0.640485585    
   9620.00000      0.643584847    
   9640.00000      0.646830499    
   9660.00000      0.650101364    
   9680.00000      0.653277636    
   9700.00000      0.656251013    
   9720.00000      0.658937395    
   9740.00000      0.661292732    
   9760.00000      0.663310587    
   9780.00000      0.665024936    
   9800.00000      0.666494906    
   9820.00000      0.667794466    
   9840.00000      0.669004500    
   9860.00000      0.670209229    
   9880.00000      0.671496153    
   9900.00000      0.672950685    
   9920.00000      0.674652398    
   9940.00000      0.676671267    
   9960.00000      0.679058850    
   9980.00000      0.681833923    
   10000.0000      0.684976518    
   10020.0000      0.688423216    
   10040.0000      0.692071497    
   10060.0000      0.695795238    
   10080.0000      0.699459553    
   10100.0000      0.702930689    
   10120.0000      0.706088543    
   10140.0000      0.708835661    
   10160.0000      0.711112559    
   10180.0000      0.712903917    
   10200.0000      0.714230001    
   10220.0000      0.715144873    
   10240.0000      0.715733230    
   10260.0000      0.716102421    
   10280.0000      0.716366231    
   10300.0000      0.716642380    
   10320.0000      0.717044055    
   10340.0000      0.717671454    
   10360.0000      0.718601286    
   10380.0000      0.719876468    
   10400.0000      0.721500695    
   10420.0000      0.723445475    
   10440.0000      0.725649834    
   10460.0000      0.728025973    
   10480.0000      0.730471373    
   10500.0000      0.732884347    
   10520.0000      0.735168159    
   10540.0000      0.737233579    
   10560.0000      0.739010334    
   10580.0000      0.740454972    
   10600.0000      0.741557658    
   10620.0000      0.742344439    
   10640.0000      0.742871761    
   10660.0000      0.743218482    
   10680.0000      0.743477345    
   10700.0000      0.743744075    
   10720.0000      0.744105816    
   10740.0000      0.744637728    
   10760.0000      0.745401144    
   10780.0000      0.746437013    
   10800.0000      0.747754991    
   10820.0000      0.749333084    
   10840.0000      0.751123488    
   10860.0000      0.753059387    
   10880.0000      0.755066872    
   10900.0000      0.757066429    
   10920.0000      0.758981526    
   10940.0000      0.760740340    
   10960.0000      0.762272537    
   10980.0000      0.763523519    
   11000.0000      0.764461935    
   11020.0000      0.765080929    
   11040.0000      0.765403986    
   11060.0000      0.765485466    
   11080.0000      0.765396774    
   11100.0000      0.765224218    
   11120.0000      0.765056372    
   11140.0000      0.764972746    
   11160.0000      0.765047073    
   11180.0000      0.765338123    
   11200.0000      0.765894413    
   11220.0000      0.766746104    
   11240.0000      0.767896473    
   11260.0000      0.769325256    
   11280.0000      0.770991504    
   11300.0000      0.772841752    
   11320.0000      0.774807513    
   11340.0000      0.776819289    
   11360.0000      0.778814316    
   11380.0000      0.780749619    
   11400.0000      0.782602072    
   11420.0000      0.784367144    
   11440.0000      0.786063850    
   11460.0000      0.787722290    
   11480.0000      0.789372265    
   11500.0000      0.791039169    
   11520.0000      0.792751729    
   11540.0000      0.794540465    
   11560.0000      0.796445191    
   11580.0000      0.798517287    
   11600.0000      0.800806582    
   11620.0000      0.803360879    
   11640.0000      0.806212187    
   11660.0000      0.809364796    
   11680.0000      0.812792242    
   11700.0000      0.816433012    
   11720.0000      0.820190907    
   11740.0000      0.823951662    
   11760.0000      0.827603340    
   11780.0000      0.831056356    
   11800.0000      0.834254265    
   11820.0000      0.837175786    
   11840.0000      0.839830399    
   11860.0000      0.842245519    
   11880.0000      0.844448566    
   11900.0000      0.846460879    
   11920.0000      0.848294914    
   11940.0000      0.849956512    
   11960.0000      0.851456463    
   11980.0000      0.852817297    
   12000.0000      0.854079425    
   12020.0000      0.855302870    
   12040.0000      0.856548965    
   12060.0000      0.857856750    
   12080.0000      0.859233618    
   12100.0000      0.860641003    
   12120.0000      0.861991644    
   12140.0000      0.863178015    
   12160.0000      0.864095628    
   12180.0000      0.864662707    
   12200.0000      0.864838541    
   12220.0000      0.864634752    
   12240.0000      0.864097059    
   12260.0000      0.863297403    
   12280.0000      0.862317502    
   12300.0000      0.861234009    
   12320.0000      0.860117018    
   12340.0000      0.859022081    
   12360.0000      0.857989073    
   12380.0000      0.857050002    
   12400.0000      0.856225729    
   12420.0000      0.855526984    
   12440.0000      0.854960978    
   12460.0000      0.854540348    
   12480.0000      0.854271233    
   12500.0000      0.854145586    
   12520.0000      0.854134738    
   12540.0000      0.854195595    
   12560.0000      0.854276896    
   12580.0000      0.854326189    
   12600.0000      0.854298055    
   12620.0000      0.854168594    
   12640.0000      0.853935242    
   12660.0000      0.853614867    
   12680.0000      0.853246450    
   12700.0000      0.852872908    
   12720.0000      0.852540016    
   12740.0000      0.852283657    
   12760.0000      0.852134168    
   12780.0000      0.852117598    
   12800.0000      0.852246761    
   12820.0000      0.852520704    
   12840.0000      0.852925479    
   12860.0000      0.853437662    
   12880.0000      0.854027450    
   12900.0000      0.854665756    
   12920.0000      0.855328023    
   12940.0000      0.855994046    
   12960.0000      0.856643617    
   12980.0000      0.857255399    
   13000.0000      0.857812881    
   13020.0000      0.858309031    
   13040.0000      0.858752549    
   13060.0000      0.859163582    
   13080.0000      0.859572709    
   13100.0000      0.860028446    
   13120.0000      0.860583007    
   13140.0000      0.861289024    
   13160.0000      0.862192452    
   13180.0000      0.863324940    
   13200.0000      0.864702761    
   13220.0000      0.866322517    
   13240.0000      0.868159711    
   13260.0000      0.870182276    
   13280.0000      0.872353256    
   13300.0000      0.874623120    
   13320.0000      0.876929283    
   13340.0000      0.879207790    
   13360.0000      0.881400764    
   13380.0000      0.883466959    
   13400.0000      0.885393143    
   13420.0000      0.887190878    
   13440.0000      0.888894618    
   13460.0000      0.890561640    
   13480.0000      0.892259121    
   13500.0000      0.894053638    
   13520.0000      0.895999670    
   13540.0000      0.898138225    
   13560.0000      0.900496662    
   13580.0000      0.903091013    
   13600.0000      0.905919731    
   13620.0000      0.908973694    
   13640.0000      0.912235975    
   13660.0000      0.915679634    
   13680.0000      0.919271767    
   13700.0000      0.922973394    
   13720.0000      0.926735342    
   13740.0000      0.930489838    
   13760.0000      0.934159577    
   13780.0000      0.937660456    
   13800.0000      0.940916359    
   13820.0000      0.943877876    
   13840.0000      0.946528196    
   13860.0000      0.948884487    
   13880.0000      0.950998306    
   13900.0000      0.952938378    
   13920.0000      0.954773426    
   13940.0000      0.956558406    
   13960.0000      0.958326340    
   13980.0000      0.960089862    
   14000.0000      0.961849213    
   14020.0000      0.963597775    
   14040.0000      0.965330541    
   14060.0000      0.967047453    
   14080.0000      0.968747795    
   14100.0000      0.970433235    
   14120.0000      0.972097218    
   14140.0000      0.973724067    
   14160.0000      0.975278199    
   14180.0000      0.976714909    
   14200.0000      0.977990925    
   14220.0000      0.979069054    
   14240.0000      0.979924917    
   14260.0000      0.980547905    
   14280.0000      0.980949402    
   14300.0000      0.981164634    
   14320.0000      0.981242895    
   14340.0000      0.981239557    
   14360.0000      0.981204093    
   14380.0000      0.981175840    
   14400.0000      0.981183767    
   14420.0000      0.981241226    
   14440.0000      0.981344402    
   14460.0000      0.981473982    
   14480.0000      0.981603205    
   14500.0000      0.981702149    
   14520.0000      0.981741607    
   14540.0000      0.981700838    
   14560.0000      0.981566906    
   14580.0000      0.981346667    
   14600.0000      0.981064856    
   14620.0000      0.980751097    
   14640.0000      0.980435848    
   14660.0000      0.980140865    
   14680.0000      0.979875028    
   14700.0000      0.979637444    
   14720.0000      0.979418993    
   14740.0000      0.979209602    
   14760.0000      0.979009151    
   14780.0000      0.978827477    
   14800.0000      0.978679717    
   14820.0000      0.978577673    
   14840.0000      0.978523314    
   14860.0000      0.978507996    
   14880.0000      0.978514254    
   14900.0000      0.978513896    
   14920.0000      0.978471577    
   14940.0000      0.978359938    
   14960.0000      0.978169262    
   14980.0000      0.977905929    
   15000.0000      0.977595747    
   15020.0000      0.977277577    
   15040.0000      0.976987422    
   15060.0000      0.976749837    
   15080.0000      0.976573765    
   15100.0000      0.976451337    
   15120.0000      0.976353228    
   15140.0000      0.976241887    
   15160.0000      0.976082385    
   15180.0000      0.975853920    
   15200.0000      0.975545228    
   15220.0000      0.975161076    
   15240.0000      0.974720001    
   15260.0000      0.974241018    
   15280.0000      0.973738194    
   15300.0000      0.973224342    
   15320.0000      0.972710788    
   15340.0000      0.972206414    
   15360.0000      0.971718967    
   15380.0000      0.971259773    
   15400.0000      0.970843256    
   15420.0000      0.970481336    
   15440.0000      0.970180809    
   15460.0000      0.969942331    
   15480.0000      0.969770610    
   15500.0000      0.969666004    
   15520.0000      0.969617903    
   15540.0000      0.969614446    
   15560.0000      0.969635725    
   15580.0000      0.969652116    
   15600.0000      0.969628096    
   15620.0000      0.969540179    
   15640.0000      0.969378233    
   15660.0000      0.969140708    
   15680.0000      0.968836308    
   15700.0000      0.968487978    
   15720.0000      0.968126595    
   15740.0000      0.967784584    
   15760.0000      0.967494905    
   15780.0000      0.967282951    
   15800.0000      0.967153311    
   15820.0000      0.967090786    
   15840.0000      0.967063010    
   15860.0000      0.967028439    
   15880.0000      0.966942370    
   15900.0000      0.966769278    
   15920.0000      0.966483414    
   15940.0000      0.966079712    
   15960.0000      0.965559959    
   15980.0000      0.964930117    
   16000.0000      0.964204848    
   16020.0000      0.963400900    
   16040.0000      0.962533891    
   16060.0000      0.961626530    
   16080.0000      0.960710466    
   16100.0000      0.959819019    
   16120.0000      0.958987772    
   16140.0000      0.958251238    
   16160.0000      0.957642734    
   16180.0000      0.957185984    
   16200.0000      0.956889331    
   16220.0000      0.956742346    
   16240.0000      0.956710994    
   16260.0000      0.956747770    
   16280.0000      0.956790149    
   16300.0000      0.956780672    
   16320.0000      0.956673622    
   16340.0000      0.956439078    
   16360.0000      0.956073761    
   16380.0000      0.955590427    
   16400.0000      0.955006063    
   16420.0000      0.954351187    
   16440.0000      0.953662813    
   16460.0000      0.952976942    
   16480.0000      0.952334702    
   16500.0000      0.951777160    
   16520.0000      0.951341629    
   16540.0000      0.951066971    
   16560.0000      0.950994790    
   16580.0000      0.951163590    
   16600.0000      0.951603651    
   16620.0000      0.952326775    
   16640.0000      0.953325093    
   16660.0000      0.954578817    
   16680.0000      0.956047118    
   16700.0000      0.957662582    
   16720.0000      0.959339857    
   16740.0000      0.960997045    
   16760.0000      0.962566137    
   16780.0000      0.963999689    
   16800.0000      0.965279639    
   16820.0000      0.966418684    
   16840.0000      0.967454493    
   16860.0000      0.968440711    
   16880.0000      0.969431818    
   16900.0000      0.970476627    
   16920.0000      0.971620381    
   16940.0000      0.972910464    
   16960.0000      0.974392593    
   16980.0000      0.976102591    
   17000.0000      0.978064775    
   17020.0000      0.980296373    
   17040.0000      0.982801735    
   17060.0000      0.985575259    
   17080.0000      0.988596499    
   17100.0000      0.991823852    
   17120.0000      0.995196819    
   17140.0000      0.998643458    
   17160.0000       1.00208902    
   17180.0000       1.00546896    
   17200.0000       1.00873494    
   17220.0000       1.01186860    
   17240.0000       1.01487958    
   17260.0000       1.01779652    
   17280.0000       1.02065301    
   17300.0000       1.02347267    
   17320.0000       1.02627075    
   17340.0000       1.02905190    
   17360.0000       1.03181398    
   17380.0000       1.03454792    
   17400.0000       1.03723609    
   17420.0000       1.03986573    
   17440.0000       1.04242611    
   17460.0000       1.04491031    
   17480.0000       1.04733193    
   17500.0000       1.04972160    
   17520.0000       1.05211771    
   17540.0000       1.05455101    
   17560.0000       1.05705047    
   17580.0000       1.05962884    
   17600.0000       1.06227946    
   17620.0000       1.06498325    
   17640.0000       1.06771088    
   17660.0000       1.07043314    
   17680.0000       1.07312429    
   17700.0000       1.07576644    
   17720.0000       1.07834959    
   17740.0000       1.08087265    
   17760.0000       1.08333683    
   17780.0000       1.08574307    
   17800.0000       1.08809674    
   17820.0000       1.09040439    
   17840.0000       1.09267032    
   17860.0000       1.09489310    
   17880.0000       1.09707308    
   17900.0000       1.09921992    
   17920.0000       1.10135126    
   17940.0000       1.10348523    
   17960.0000       1.10563552    
   17980.0000       1.10780728    
   18000.0000       1.10999644    
   18020.0000       1.11219251    
   18040.0000       1.11438000    
   18060.0000       1.11653233    
   18080.0000       1.11861670    
   18100.0000       1.12059855    
   18120.0000       1.12244427    
   18140.0000       1.12412024    
   18160.0000       1.12560081    
   18180.0000       1.12687242    
   18200.0000       1.12793744    
   18220.0000       1.12881148    
   18240.0000       1.12952161    
   18260.0000       1.13009727    
   18280.0000       1.13057196    
   18300.0000       1.13097632    
   18320.0000       1.13134134    
   18340.0000       1.13169348    
   18360.0000       1.13205183    
   18380.0000       1.13243365    
   18400.0000       1.13284981    
   18420.0000       1.13330257    
   18440.0000       1.13378692    
   18460.0000       1.13429284    
   18480.0000       1.13480604    
   18500.0000       1.13530838    
   18520.0000       1.13577735    
   18540.0000       1.13618529    
   18560.0000       1.13650560    
   18580.0000       1.13672030    
   18600.0000       1.13683188    
   18620.0000       1.13686645    
   18640.0000       1.13686430    
   18660.0000       1.13687813    
   18680.0000       1.13696444    
   18700.0000       1.13717377    
   18720.0000       1.13754952    
   18740.0000       1.13812196    
   18760.0000       1.13890517    
   18780.0000       1.13989651    
   18800.0000       1.14108062    
   18820.0000       1.14244056    
   18840.0000       1.14395380    
   18860.0000       1.14558446    
   18880.0000       1.14729440    
   18900.0000       1.14904737    
   18920.0000       1.15079868    
   18940.0000       1.15249944    
   18960.0000       1.15410995    
   18980.0000       1.15559280    
   19000.0000       1.15691662    
   19020.0000       1.15805638    
   19040.0000       1.15898418    
   19060.0000       1.15967000    
   19080.0000       1.16008639    
   19100.0000       1.16021550    
   19120.0000       1.16005766    
   19140.0000       1.15963888    
   19160.0000       1.15902591    
   19180.0000       1.15831029    
   19200.0000       1.15759444    
   19220.0000       1.15697730    
   19240.0000       1.15654242    
   19260.0000       1.15634644    
   19280.0000       1.15641582    
   19300.0000       1.15675557    
   19320.0000       1.15735304    
   19340.0000       1.15818822    
   19360.0000       1.15923655    
   19380.0000       1.16046751    
   19400.0000       1.16185033    
   19420.0000       1.16334903    
   19440.0000       1.16492057    
   19460.0000       1.16651118    
   19480.0000       1.16805124    
   19500.0000       1.16945696    
   19520.0000       1.17065179    
   19540.0000       1.17159045    
   19560.0000       1.17228937    
   19580.0000       1.17282951    
   19600.0000       1.17334688    
   19620.0000       1.17400527    
   19640.0000       1.17495954    
   19660.0000       1.17633045    
   19680.0000       1.17819035    
   19700.0000       1.18055975    
   19720.0000       1.18342292    
   19740.0000       1.18673050    
   19760.0000       1.19041741    
   19780.0000       1.19440043    
   19800.0000       1.19858563    
   19820.0000       1.20286572    
   19840.0000       1.20712149    
   19860.0000       1.21122360    
   19880.0000       1.21503961    
   19900.0000       1.21843660    
   19920.0000       1.22129643    
   19940.0000       1.22352839    
   19960.0000       1.22509372    
   19980.0000       1.22602081    
   20000.0000       1.22640979    
   20020.0000       1.22641027    
   20040.0000       1.22619843    
   20060.0000       1.22594690    
   20080.0000       1.22580898    
   20100.0000       1.22590148    
   20120.0000       1.22630441    
   20140.0000       1.22706938    
   20160.0000       1.22821581    
   20180.0000       1.22974110    
   20200.0000       1.23162055    
   20220.0000       1.23381281    
   20240.0000       1.23626018    
   20260.0000       1.23888791    
   20280.0000       1.24162078    
   20300.0000       1.24439001    
   20320.0000       1.24713743    
   20340.0000       1.24981868    
   20360.0000       1.25240982    
   20380.0000       1.25491107    
   20400.0000       1.25733840    
   20420.0000       1.25972831    
   20440.0000       1.26212823    
   20460.0000       1.26458704    
   20480.0000       1.26713526    
   20500.0000       1.26978433    
   20520.0000       1.27252650    
   20540.0000       1.27534032    
   20560.0000       1.27819777    
   20580.0000       1.28106642    
   20600.0000       1.28391016    
   20620.0000       1.28669345    
   20640.0000       1.28938675    
   20660.0000       1.29196656    
   20680.0000       1.29441512    
   20700.0000       1.29672313    
   20720.0000       1.29889262    
   20740.0000       1.30093563    
   20760.0000       1.30287302    
   20780.0000       1.30472994    
   20800.0000       1.30653417    
   20820.0000       1.30831349    
   20840.0000       1.31008971    
   20860.0000       1.31189382    
   20880.0000       1.31375110    
   20900.0000       1.31567025    
   20920.0000       1.31764746    
   20940.0000       1.31965458    
   20960.0000       1.32164586    
   20980.0000       1.32356775    
   21000.0000       1.32536280    
   21020.0000       1.32698512    
   21040.0000       1.32841980    
   21060.0000       1.32968199    
   21080.0000       1.33081710    
   21100.0000       1.33189034    
   21120.0000       1.33298111    
   21140.0000       1.33415747    
   21160.0000       1.33546865    
   21180.0000       1.33694398    
   21200.0000       1.33859789    
   21220.0000       1.34043550    
   21240.0000       1.34246242    
   21260.0000       1.34467077    
   21280.0000       1.34704101    
   21300.0000       1.34954703    
   21320.0000       1.35215509    
   21340.0000       1.35481322    
   21360.0000       1.35745919    
   21380.0000       1.36001730    
   21400.0000       1.36239851    
   21420.0000       1.36451542    
   21440.0000       1.36630964    
   21460.0000       1.36775982    
   21480.0000       1.36888552    
   21500.0000       1.36974633    
   21520.0000       1.37043679    
   21540.0000       1.37107098    
   21560.0000       1.37176621    
   21580.0000       1.37262976    
   21600.0000       1.37375319    
   21620.0000       1.37520409    
   21640.0000       1.37701428    
   21660.0000       1.37918377    
   21680.0000       1.38168812    
   21700.0000       1.38448095    
   21720.0000       1.38750827    
   21740.0000       1.39070547    
   21760.0000       1.39400828    
   21780.0000       1.39736688    
   21800.0000       1.40073574    
   21820.0000       1.40406907    
   21840.0000       1.40731323    
   21860.0000       1.41041672    
   21880.0000       1.41334343    
   21900.0000       1.41607952    
   21920.0000       1.41863406    
   21940.0000       1.42103922    
   21960.0000       1.42333829    
   21980.0000       1.42557240    
   22000.0000       1.42777681    
   22020.0000       1.42996895    
   22040.0000       1.43215716    
   22060.0000       1.43434513    
   22080.0000       1.43653297    
   22100.0000       1.43872654    
   22120.0000       1.44093323    
   22140.0000       1.44316113    
   22160.0000       1.44542074    
   22180.0000       1.44771767    
   22200.0000       1.45005739    
   22220.0000       1.45244348    
   22240.0000       1.45486557    
   22260.0000       1.45729673    
   22280.0000       1.45969093    
   22300.0000       1.46198022    
   22320.0000       1.46409142    
   22340.0000       1.46595156    
   22360.0000       1.46748984    
   22380.0000       1.46865416    
   22400.0000       1.46942174    
   22420.0000       1.46979439    
   22440.0000       1.46979904    
   22460.0000       1.46947706    
   22480.0000       1.46889579    
   22500.0000       1.46813691    
   22520.0000       1.46728086    
   22540.0000       1.46640790    
   22560.0000       1.46558702    
   22580.0000       1.46487653    
   22600.0000       1.46432161    
   22620.0000       1.46396530    
   22640.0000       1.46384656    
   22660.0000       1.46398163    
   22680.0000       1.46436703    
   22700.0000       1.46495819    
   22720.0000       1.46568203    
   22740.0000       1.46643960    
   22760.0000       1.46712673    
   22780.0000       1.46764219    
   22800.0000       1.46790826    
   22820.0000       1.46787798    
   22840.0000       1.46753657    
   22860.0000       1.46689785    
   22880.0000       1.46600211    
   22900.0000       1.46489954    
   22920.0000       1.46365118    
   22940.0000       1.46232271    
   22960.0000       1.46097338    
   22980.0000       1.45965242    
   23000.0000       1.45840394    
   23020.0000       1.45727193    
   23040.0000       1.45630872    
   23060.0000       1.45557058    
   23080.0000       1.45510375    
   23100.0000       1.45492971    
   23120.0000       1.45502949    
   23140.0000       1.45535338    
   23160.0000       1.45581710    
   23180.0000       1.45633423    
   23200.0000       1.45684326    
   23220.0000       1.45731318    
   23240.0000       1.45773983    
   23260.0000       1.45814657    
   23280.0000       1.45858419    
   23300.0000       1.45911348    
   23320.0000       1.45978534    
   23340.0000       1.46063483    
   23360.0000       1.46168244    
   23380.0000       1.46293890    
   23400.0000       1.46441841    
   23420.0000       1.46615076    
   23440.0000       1.46817935    
   23460.0000       1.47055590    
   23480.0000       1.47331953    
   23500.0000       1.47648180    
   23520.0000       1.48001301    
   23540.0000       1.48383272    
   23560.0000       1.48782921    
   23580.0000       1.49187791    
   23600.0000       1.49586391    
   23620.0000       1.49969423    
   23640.0000       1.50330794    
   23660.0000       1.50667322    
   23680.0000       1.50979245    
   23700.0000       1.51268578    
   23720.0000       1.51539099    
   23740.0000       1.51795101    
   23760.0000       1.52040386    
   23780.0000       1.52278101    
   23800.0000       1.52511799    
   23820.0000       1.52745903    
   23840.0000       1.52984536    
   23860.0000       1.53230846    
   23880.0000       1.53486586    
   23900.0000       1.53751338    
   23920.0000       1.54021215    
   23940.0000       1.54290092    
   23960.0000       1.54549801    
   23980.0000       1.54791558    
   24000.0000       1.55007839    
   24020.0000       1.55191982    
   24040.0000       1.55339384    
   24060.0000       1.55448306    
   24080.0000       1.55520201    
   24100.0000       1.55564106    
   24120.0000       1.55588043    
   24140.0000       1.55603349    
   24160.0000       1.55624020    
   24180.0000       1.55664682    
   24200.0000       1.55738401    
   24220.0000       1.55855083    
   24240.0000       1.56020880    
   24260.0000       1.56236994    
   24280.0000       1.56500781    
   24300.0000       1.56804991    
   24320.0000       1.57139552    
   24340.0000       1.57492626    
   24360.0000       1.57852697    
   24380.0000       1.58208656    
   24400.0000       1.58548784    
   24420.0000       1.58861983    
   24440.0000       1.59137928    
   24460.0000       1.59367704    
   24480.0000       1.59545660    
   24500.0000       1.59671032    
   24520.0000       1.59748781    
   24540.0000       1.59793472    
   24560.0000       1.59819567    
   24580.0000       1.59844840    
   24600.0000       1.59886408    
   24620.0000       1.59956741    
   24640.0000       1.60063362    
   24660.0000       1.60207641    
   24680.0000       1.60383976    
   24700.0000       1.60581815    
   24720.0000       1.60788298    
   24740.0000       1.60990632    
   24760.0000       1.61177146    
   24780.0000       1.61337769    
   24800.0000       1.61462641    
   24820.0000       1.61543357    
   24840.0000       1.61573231    
   24860.0000       1.61547554    
   24880.0000       1.61464691    
   24900.0000       1.61327469    
   24920.0000       1.61142790    
   24940.0000       1.60921156    
   24960.0000       1.60676348    
   24980.0000       1.60422432    
   25000.0000       1.60172760    
   25020.0000       1.59940112    
   25040.0000       1.59735632    
   25060.0000       1.59567916    
   25080.0000       1.59443057    
   25100.0000       1.59365571    
   25120.0000       1.59337509    
   25140.0000       1.59359550    
   25160.0000       1.59430850    
   25180.0000       1.59541702    
   25200.0000       1.59687674    
   25220.0000       1.59860659    
   25240.0000       1.60049820    
   25260.0000       1.60244429    
   25280.0000       1.60434484    
   25300.0000       1.60611641    
   25320.0000       1.60770333    
   25340.0000       1.60908163    
   25360.0000       1.61024761    
   25380.0000       1.61119986    
   25400.0000       1.61193848    
   25420.0000       1.61245739    
   25440.0000       1.61275542    
   25460.0000       1.61285150    
   25480.0000       1.61279118    
   25500.0000       1.61264288    
   25520.0000       1.61248636    
   25540.0000       1.61240923    
   25560.0000       1.61248267    
   25580.0000       1.61275136    
   25600.0000       1.61322451    
   25620.0000       1.61388505    
   25640.0000       1.61469758    
   25660.0000       1.61560977    
   25680.0000       1.61656511    
   25700.0000       1.61751258    
   25720.0000       1.61841667    
   25740.0000       1.61925650    
   25760.0000       1.62002194    
   25780.0000       1.62070704    
   25800.0000       1.62130225    
   25820.0000       1.62177849    
   25840.0000       1.62211370    
   25860.0000       1.62230480    
   25880.0000       1.62239039    
   25900.0000       1.62245667    
   25920.0000       1.62262690    
   25940.0000       1.62304592    
   25960.0000       1.62384474    
   25980.0000       1.62511969    
   26000.0000       1.62691391    
   26020.0000       1.62922704    
   26040.0000       1.63201916    
   26060.0000       1.63522530    
   26080.0000       1.63877022    
   26100.0000       1.64256763    
   26120.0000       1.64652932    
   26140.0000       1.65057528    
   26160.0000       1.65462649    
   26180.0000       1.65860164    
   26200.0000       1.66242349    
   26220.0000       1.66600609    
   26240.0000       1.66926706    
   26260.0000       1.67214310    
   26280.0000       1.67461300    
   26300.0000       1.67670500    
   26320.0000       1.67848396    
   26340.0000       1.68003941    
   26360.0000       1.68147624    
   26380.0000       1.68289995    
   26400.0000       1.68439054    
   26420.0000       1.68599653    
   26440.0000       1.68774974    
   26460.0000       1.68966627    
   26480.0000       1.69174480    
   26500.0000       1.69396651    
   26520.0000       1.69629049    
   26540.0000       1.69866526    
   26560.0000       1.70102465    
   26580.0000       1.70328295    
   26600.0000       1.70534384    
   26620.0000       1.70709980    
   26640.0000       1.70846307    
   26660.0000       1.70939577    
   26680.0000       1.70991218    
   26700.0000       1.71008062    
   26720.0000       1.71001589    
   26740.0000       1.70984924    
   26760.0000       1.70971572    
   26780.0000       1.70975733    
   26800.0000       1.71010935    
   26820.0000       1.71088398    
   26840.0000       1.71216762    
   26860.0000       1.71401882    
   26880.0000       1.71645641    
   26900.0000       1.71946299    
   26920.0000       1.72298276    
   26940.0000       1.72690821    
   26960.0000       1.73109710    
   26980.0000       1.73537576    
   27000.0000       1.73954535    
   27020.0000       1.74341488    
   27040.0000       1.74681246    
   27060.0000       1.74960339    
   27080.0000       1.75169992    
   27100.0000       1.75306451    
   27120.0000       1.75370276    
   27140.0000       1.75365210    
   27160.0000       1.75298464    
   27180.0000       1.75180149    
   27200.0000       1.75022984    
   27220.0000       1.74841440    
   27240.0000       1.74650037    
   27260.0000       1.74461639    
   27280.0000       1.74287021    
   27300.0000       1.74134064    
   27320.0000       1.74007130    
   27340.0000       1.73906660    
   27360.0000       1.73829079    
   27380.0000       1.73768520    
   27400.0000       1.73717320    
   27420.0000       1.73668253    
   27440.0000       1.73614883    
   27460.0000       1.73552370    
   27480.0000       1.73476505    
   27500.0000       1.73382759    
   27520.0000       1.73266935    
   27540.0000       1.73126411    
   27560.0000       1.72961712    
   27580.0000       1.72777998    
   27600.0000       1.72586203    
   27620.0000       1.72402322    
   27640.0000       1.72245121    
   27660.0000       1.72133434    
   27680.0000       1.72083700    
   27700.0000       1.72107852    
   27720.0000       1.72212517    
   27740.0000       1.72399056    
   27760.0000       1.72663450    
   27780.0000       1.72996986    
   27800.0000       1.73387194    
   27820.0000       1.73819697    
   27840.0000       1.74278533    
   27860.0000       1.74746764    
   27880.0000       1.75206137    
   27900.0000       1.75637567    
   27920.0000       1.76022577    
   27940.0000       1.76345193    
   27960.0000       1.76594865    
   27980.0000       1.76769102    
   28000.0000       1.76874554    
   28020.0000       1.76926410    
   28040.0000       1.76945639    
   28060.0000       1.76955760    
   28080.0000       1.76979792    
   28100.0000       1.77038395    
   28120.0000       1.77148211    
   28140.0000       1.77321494    
   28160.0000       1.77565420    
   28180.0000       1.77881253    
   28200.0000       1.78265011    
   28220.0000       1.78707778    
   28240.0000       1.79196751    
   28260.0000       1.79715812    
   28280.0000       1.80246007    
   28300.0000       1.80767500    
   28320.0000       1.81261146    
   28340.0000       1.81709683    
   28360.0000       1.82099450    
   28380.0000       1.82421112    
   28400.0000       1.82670105    
   28420.0000       1.82848060    
   28440.0000       1.82963669    
   28460.0000       1.83031642    
   28480.0000       1.83070695    
   28500.0000       1.83101809    
   28520.0000       1.83146107    
   28540.0000       1.83222687    
   28560.0000       1.83346558    
   28580.0000       1.83527458    
   28600.0000       1.83769882    
   28620.0000       1.84072506    
   28640.0000       1.84429181    
   28660.0000       1.84829462    
   28680.0000       1.85258949    
   28700.0000       1.85699666    
   28720.0000       1.86132967    
   28740.0000       1.86540699    
   28760.0000       1.86907852    
   28780.0000       1.87224436    
   28800.0000       1.87484980    
   28820.0000       1.87689006    
   28840.0000       1.87841356    
   28860.0000       1.87950528    
   28880.0000       1.88026571    
   28900.0000       1.88079369    
   28920.0000       1.88117850    
   28940.0000       1.88150346    
   28960.0000       1.88184512    
   28980.0000       1.88226128    
   29000.0000       1.88277614    
   29020.0000       1.88338280    
   29040.0000       1.88405144    
   29060.0000       1.88471234    
   29080.0000       1.88526154    
   29100.0000       1.88557518    
   29120.0000       1.88552189    
   29140.0000       1.88498104    
   29160.0000       1.88386595    
   29180.0000       1.88213766    
   29200.0000       1.87980855    
   29220.0000       1.87695706    
   29240.0000       1.87370682    
   29260.0000       1.87021923    
   29280.0000       1.86667871    
   29300.0000       1.86325848    
   29320.0000       1.86010361    
   29340.0000       1.85732782    
   29360.0000       1.85501444    
   29380.0000       1.85321486    
   29400.0000       1.85195911    
   29420.0000       1.85126102    
   29440.0000       1.85111380    
   29460.0000       1.85146677    
   29480.0000       1.85223472    
   29500.0000       1.85328436    
   29520.0000       1.85445309    
   29540.0000       1.85557711    
   29560.0000       1.85650957    
   29580.0000       1.85714018    
   29600.0000       1.85741329    
   29620.0000       1.85731900    
   29640.0000       1.85687339    
   29660.0000       1.85612833    
   29680.0000       1.85515690    
   29700.0000       1.85403383    
   29720.0000       1.85283995    
   29740.0000       1.85165131    
   29760.0000       1.85054076    
   29780.0000       1.84957087    
   29800.0000       1.84878933    
   29820.0000       1.84823215    
   29840.0000       1.84789765    
   29860.0000       1.84776247    
   29880.0000       1.84776115    
   29900.0000       1.84779418    
   29920.0000       1.84774697    
   29940.0000       1.84751666    
   29960.0000       1.84702861    
   29980.0000       1.84624767    
   30000.0000       1.84517872    
   30020.0000       1.84386778    
   30040.0000       1.84239113    
   30060.0000       1.84083998    
   30080.0000       1.83931684    
   30100.0000       1.83792114    
   30120.0000       1.83673513    
   30140.0000       1.83582973    
   30160.0000       1.83525515    
   30180.0000       1.83503544    
   30200.0000       1.83518136    
   30220.0000       1.83570015    
   30240.0000       1.83659542    
   30260.0000       1.83786809    
   30280.0000       1.83951414    
   30300.0000       1.84151328    
   30320.0000       1.84383774    
   30340.0000       1.84645116    
   30360.0000       1.84928167    
   30380.0000       1.85216820    
   30400.0000       1.85525429    
   30420.0000       1.85853910    
   30440.0000       1.86202943    
   30460.0000       1.86573350    
   30480.0000       1.86965036    
   30500.0000       1.87376440    
   30520.0000       1.87803888    
   30540.0000       1.88243043    
   30560.0000       1.88688362    
   30580.0000       1.89132702    
   30600.0000       1.89568758    
   30620.0000       1.89989328    
   30640.0000       1.90386689    
   30660.0000       1.90752411    
   30680.0000       1.91078424    
   30700.0000       1.91357338    
   30720.0000       1.91584110    
   30740.0000       1.91774702    
   30760.0000       1.91914511    
   30780.0000       1.92007542    
   30800.0000       1.92060626    
   30820.0000       1.92081654    
   30840.0000       1.92079890    
   30860.0000       1.92065287    
   30880.0000       1.92046607    
   30900.0000       1.92030942    
   30920.0000       1.92023313    
   30940.0000       1.92027676    
   30960.0000       1.92046678    
   30980.0000       1.92081344    
   31000.0000       1.92131376    
   31020.0000       1.92194498    
   31040.0000       1.92267859    
   31060.0000       1.92347288    
   31080.0000       1.92429459    
   31100.0000       1.92511952    
   31120.0000       1.92593992    
   31140.0000       1.92676973    
   31160.0000       1.92765188    
   31180.0000       1.92865002    
   31200.0000       1.92982769    
   31220.0000       1.93125045    
   31240.0000       1.93296754    
   31260.0000       1.93500674    
   31280.0000       1.93735075    
   31300.0000       1.93994939    
   31320.0000       1.94271839    
   31340.0000       1.94555998    
   31360.0000       1.94836509    
   31380.0000       1.95101869    
   31400.0000       1.95341873    
   31420.0000       1.95546579    
   31440.0000       1.95707619    
   31460.0000       1.95818949    
   31480.0000       1.95877755    
   31500.0000       1.95885122    
   31520.0000       1.95844424    
   31540.0000       1.95761740    
   31560.0000       1.95646417    
   31580.0000       1.95508230    
   31600.0000       1.95356524    
   31620.0000       1.95199025    
   31640.0000       1.95040596    
   31660.0000       1.94882810    
   31680.0000       1.94724321    
   31700.0000       1.94560468    
   31720.0000       1.94384563    
   31740.0000       1.94189060    
   31760.0000       1.93966758    
   31780.0000       1.93712151    
   31800.0000       1.93421924    
   31820.0000       1.93095481    
   31840.0000       1.92734826    
   31860.0000       1.92346060    
   31880.0000       1.91937876    
   31900.0000       1.91521406    
   31920.0000       1.91109788    
   31940.0000       1.90716708    
   31960.0000       1.90354621    
   31980.0000       1.90034294    
   32000.0000       1.89764071    
   32020.0000       1.89549816    
   32040.0000       1.89394617    
   32060.0000       1.89297915    
   32080.0000       1.89255536    
   32100.0000       1.89260769    
   32120.0000       1.89304888    
   32140.0000       1.89377582    
   32160.0000       1.89467335    
   32180.0000       1.89563847    
   32200.0000       1.89659226    
   32220.0000       1.89747906    
   32240.0000       1.89827669    
   32260.0000       1.89898074    
   32280.0000       1.89960468    
   32300.0000       1.90017748    
   32320.0000       1.90073979    
   32340.0000       1.90131962    
   32360.0000       1.90193498    
   32380.0000       1.90259922    
   32400.0000       1.90331161    
   32420.0000       1.90406764    
   32440.0000       1.90484655    
   32460.0000       1.90561163    
   32480.0000       1.90632391    
   32500.0000       1.90692675    
   32520.0000       1.90734327    
   32540.0000       1.90747821    
   32560.0000       1.90723574    
   32580.0000       1.90653515    
   32600.0000       1.90531826    
   32620.0000       1.90357745    
   32640.0000       1.90136099    
   32660.0000       1.89876509    
   32680.0000       1.89592409    
   32700.0000       1.89298999    
   32720.0000       1.89011943    
   32740.0000       1.88745821    
   32760.0000       1.88512814    
   32780.0000       1.88321960    
   32800.0000       1.88178599    
   32820.0000       1.88085854    
   32840.0000       1.88043630    
   32860.0000       1.88048518    
   32880.0000       1.88094175    
   32900.0000       1.88171947    
   32920.0000       1.88271284    
   32940.0000       1.88379955    
   32960.0000       1.88486993    
   32980.0000       1.88583517    
   33000.0000       1.88662946    
   33020.0000       1.88722718    
   33040.0000       1.88764703    
   33060.0000       1.88794708    
   33080.0000       1.88821697    
   33100.0000       1.88854873    
   33120.0000       1.88902581    
   33140.0000       1.88971722    
   33160.0000       1.89067304    
   33180.0000       1.89192963    
   33200.0000       1.89350510    
   33220.0000       1.89539778    
   33240.0000       1.89758539    
   33260.0000       1.90002155    
   33280.0000       1.90264702    
   33300.0000       1.90538657    
   33320.0000       1.90815270    
   33340.0000       1.91085291    
   33360.0000       1.91339409    
   33380.0000       1.91570103    
   33400.0000       1.91772950    
   33420.0000       1.91946208    
   33440.0000       1.92092323    
   33460.0000       1.92217982    
   33480.0000       1.92333329    
   33500.0000       1.92449653    
   33520.0000       1.92576706    
   33540.0000       1.92721641    
   33560.0000       1.92889249    
   33580.0000       1.93082762    
   33600.0000       1.93303263    
   33620.0000       1.93549049    
   33640.0000       1.93816912    
   33660.0000       1.94102728    
   33680.0000       1.94401062    
   33700.0000       1.94705570    
   33720.0000       1.95009458    
   33740.0000       1.95306683    
   33760.0000       1.95593822    
   33780.0000       1.95871103    
   33800.0000       1.96141434    
   33820.0000       1.96410215    
   33840.0000       1.96685171    
   33860.0000       1.96976030    
   33880.0000       1.97292042    
   33900.0000       1.97639978    
   33920.0000       1.98023045    
   33940.0000       1.98439276    
   33960.0000       1.98882854    
   33980.0000       1.99343765    
   34000.0000       1.99811113    
   34020.0000       2.00273705    
   34040.0000       2.00720716    
   34060.0000       2.01142073    
   34080.0000       2.01530528    
   34100.0000       2.01879883    
   34120.0000       2.02184868    
   34140.0000       2.02442336    
   34160.0000       2.02653003    
   34180.0000       2.02820277    
   34200.0000       2.02949047    
   34220.0000       2.03045774    
   34240.0000       2.03117156    
   34260.0000       2.03168535    
   34280.0000       2.03206420    
   34300.0000       2.03238249    
   34320.0000       2.03269792    
   34340.0000       2.03305340    
   34360.0000       2.03346610    
   34380.0000       2.03393006    
   34400.0000       2.03443050    
   34420.0000       2.03495097    
   34440.0000       2.03548908    
   34460.0000       2.03605628    
   34480.0000       2.03668404    
   34500.0000       2.03741479    
   34520.0000       2.03829432    
   34540.0000       2.03935957    
   34560.0000       2.04065561    
   34580.0000       2.04223418    
   34600.0000       2.04414773    
   34620.0000       2.04644990    
   34640.0000       2.04917431    
   34660.0000       2.05232453    
   34680.0000       2.05586863    
   34700.0000       2.05975389    
   34720.0000       2.06390691    
   34740.0000       2.06824040    
   34760.0000       2.07265544    
   34780.0000       2.07704616    
   34800.0000       2.08131075    
   34820.0000       2.08536363    
   34840.0000       2.08913064    
   34860.0000       2.09256601    
   34880.0000       2.09565949    
   34900.0000       2.09842634    
   34920.0000       2.10089588    
   34940.0000       2.10311151    
   34960.0000       2.10511923    
   34980.0000       2.10696769    
   35000.0000       2.10871124    
   35020.0000       2.11039996    
   35040.0000       2.11205840    
   35060.0000       2.11366940    
   35080.0000       2.11520314    
   35100.0000       2.11662126    
   35120.0000       2.11788797    
   35140.0000       2.11898017    
   35160.0000       2.11987877    
   35180.0000       2.12057042    
   35200.0000       2.12103963    
   35220.0000       2.12127566    
   35240.0000       2.12127614    
   35260.0000       2.12105346    
   35280.0000       2.12065887    
   35300.0000       2.12017989    
   35320.0000       2.11972189    
   35340.0000       2.11940432    
   35360.0000       2.11935115    
   35380.0000       2.11968303    
   35400.0000       2.12049365    
   35420.0000       2.12182164    
   35440.0000       2.12364507    
   35460.0000       2.12588906    
   35480.0000       2.12841654    
   35500.0000       2.13107204    
   35520.0000       2.13372302    
   35540.0000       2.13629365    
   35560.0000       2.13876367    
   35580.0000       2.14114928    
   35600.0000       2.14348531    
   35620.0000       2.14580894    
   35640.0000       2.14814615    
   35660.0000       2.15051579    
   35680.0000       2.15293670    
   35700.0000       2.15543532    
   35720.0000       2.15805173    
   35740.0000       2.16082382    
   35760.0000       2.16378522    
   35780.0000       2.16694808    
   35800.0000       2.17030072    
   35820.0000       2.17379165    
   35840.0000       2.17731428    
   35860.0000       2.18071055    
   35880.0000       2.18378401    
   35900.0000       2.18631387    
   35920.0000       2.18811345    
   35940.0000       2.18906116    
   35960.0000       2.18912315    
   35980.0000       2.18835473    
   36000.0000       2.18687415    
   36020.0000       2.18482828    
   36040.0000       2.18236279    
   36060.0000       2.17962527    
   36080.0000       2.17676640    
   36100.0000       2.17392707    
   36120.0000       2.17125559    
   36140.0000       2.16890931    
   36160.0000       2.16703248    
   36180.0000       2.16574836    
   36200.0000       2.16514277    
   36220.0000       2.16526699    
   36240.0000       2.16612601    
   36260.0000       2.16766047    
   36280.0000       2.16974664    
   36300.0000       2.17221761    
   36320.0000       2.17488503    
   36340.0000       2.17755198    
   36360.0000       2.18005681    
   36380.0000       2.18231106    
   36400.0000       2.18429852    
   36420.0000       2.18606663    
   36440.0000       2.18771005    
   36460.0000       2.18933725    
   36480.0000       2.19097829    
   36500.0000       2.19270968    
   36520.0000       2.19462705    
   36540.0000       2.19677377    
   36560.0000       2.19921136    
   36580.0000       2.20200539    
   36600.0000       2.20521021    
   36620.0000       2.20886016    
   36640.0000       2.21295142    
   36660.0000       2.21742988    
   36680.0000       2.22219300    
   36700.0000       2.22709823    
   36720.0000       2.23197055    
   36740.0000       2.23663211    
   36760.0000       2.24091530    
   36780.0000       2.24467397    
   36800.0000       2.24781513    
   36820.0000       2.25030112    
   36840.0000       2.25214529    
   36860.0000       2.25340772    
   36880.0000       2.25416899    
   36900.0000       2.25451827    
   36920.0000       2.25454950    
   36940.0000       2.25436568    
   36960.0000       2.25407815    
   36980.0000       2.25381374    
   37000.0000       2.25371361    
   37020.0000       2.25391507    
   37040.0000       2.25453591    
   37060.0000       2.25564599    
   37080.0000       2.25726056    
   37100.0000       2.25934052    
   37120.0000       2.26180029    
   37140.0000       2.26451802    
   37160.0000       2.26735997    
   37180.0000       2.27019930    
   37200.0000       2.27291894    
   37220.0000       2.27541876    
   37240.0000       2.27763677    
   37260.0000       2.27953935    
   37280.0000       2.28112555    
   37300.0000       2.28242135    
   37320.0000       2.28347564    
   37340.0000       2.28435349    
   37360.0000       2.28513956    
   37380.0000       2.28593397    
   37400.0000       2.28684974    
   37420.0000       2.28797889    
   37440.0000       2.28938413    
   37460.0000       2.29109526    
   37480.0000       2.29309726    
   37500.0000       2.29533195    
   37520.0000       2.29771924    
   37540.0000       2.30016017    
   37560.0000       2.30254316    
   37580.0000       2.30475640    
   37600.0000       2.30669928    
   37620.0000       2.30826664    
   37640.0000       2.30936313    
   37660.0000       2.30990577    
   37680.0000       2.30982828    
   37700.0000       2.30910802    
   37720.0000       2.30777574    
   37740.0000       2.30590701    
   37760.0000       2.30361772    
   37780.0000       2.30105686    
   37800.0000       2.29838824    
   37820.0000       2.29578757    
   37840.0000       2.29340553    
   37860.0000       2.29134631    
   37880.0000       2.28967357    
   37900.0000       2.28842521    
   37920.0000       2.28761792    
   37940.0000       2.28723979    
   37960.0000       2.28727961    
   37980.0000       2.28772593    
   38000.0000       2.28855491    
   38020.0000       2.28970957    
   38040.0000       2.29109716    
   38060.0000       2.29259324    
   38080.0000       2.29405475    
   38100.0000       2.29535365    
   38120.0000       2.29640031    
   38140.0000       2.29717946    
   38160.0000       2.29774332    
   38180.0000       2.29819942    
   38200.0000       2.29868221    
   38220.0000       2.29933095    
   38240.0000       2.30025840    
   38260.0000       2.30152917    
   38280.0000       2.30317521    
   38300.0000       2.30519867    
   38320.0000       2.30757737    
   38340.0000       2.31028271    
   38360.0000       2.31328273    
   38380.0000       2.31654406    
   38400.0000       2.32002044    
   38420.0000       2.32366109    
   38440.0000       2.32737613    
   38460.0000       2.33103108    
   38480.0000       2.33445144    
   38500.0000       2.33745742    
   38520.0000       2.33990908    
   38540.0000       2.34173226    
   38560.0000       2.34293413    
   38580.0000       2.34360623    
   38600.0000       2.34387732    
   38620.0000       2.34387136    
   38640.0000       2.34368992    
   38660.0000       2.34341574    
   38680.0000       2.34310937    
   38700.0000       2.34280896    
   38720.0000       2.34255242    
   38740.0000       2.34238315    
   38760.0000       2.34236479    
   38780.0000       2.34256005    
   38800.0000       2.34298515    
   38820.0000       2.34362841    
   38840.0000       2.34444594    
   38860.0000       2.34534574    
   38880.0000       2.34619570    
   38900.0000       2.34685016    
   38920.0000       2.34717584    
   38940.0000       2.34708190    
   38960.0000       2.34655499    
   38980.0000       2.34564996    
   39000.0000       2.34446645    
   39020.0000       2.34310842    
   39040.0000       2.34165120    
   39060.0000       2.34012461    
   39080.0000       2.33853507    
   39100.0000       2.33689713    
   39120.0000       2.33523893    
   39140.0000       2.33360362    
   39160.0000       2.33204842    
   39180.0000       2.33063102    
   39200.0000       2.32940269    
   39220.0000       2.32839966    
   39240.0000       2.32763672    
   39260.0000       2.32709241    
   39280.0000       2.32669735    
   39300.0000       2.32635403    
   39320.0000       2.32593989    
   39340.0000       2.32532883    
   39360.0000       2.32441521    
   39380.0000       2.32314992    
   39400.0000       2.32155991    
   39420.0000       2.31973720    
   39440.0000       2.31780839    
   39460.0000       2.31589007    
   39480.0000       2.31408381    
   39500.0000       2.31247473    
   39520.0000       2.31111622    
   39540.0000       2.31002140    
   39560.0000       2.30917192    
   39580.0000       2.30853152    
   39600.0000       2.30806088    
   39620.0000       2.30773354    
   39640.0000       2.30752397    
   39660.0000       2.30741143    
   39680.0000       2.30738235    
   39700.0000       2.30742860    
   39720.0000       2.30752754    
   39740.0000       2.30765343    
   39760.0000       2.30777502    
   39780.0000       2.30787325    
   39800.0000       2.30797386    
   39820.0000       2.30814099    
   39840.0000       2.30846548    
   39860.0000       2.30903602    
   39880.0000       2.30992866    
   39900.0000       2.31118774    
   39920.0000       2.31281304    
   39940.0000       2.31475353    
   39960.0000       2.31692362    
   39980.0000       2.31921792    
