   0.00000000      -5.69581111E-08 
   20.0000000      -5.76396353E-08 
   40.0000000      -5.49334693E-08 
   60.0000000      -4.94113834E-08 
   80.0000000      -4.15086809E-08 
   100.000000      -3.17206599E-08 
   120.000000      -2.07497006E-08 
   140.000000      -9.22094312E-09 
   160.000000       2.08200279E-09 
   180.000000       1.24535875E-08 
   200.000000       2.13197300E-08 
   220.000000       2.80707741E-08 
   240.000000       3.22140394E-08 
   260.000000       3.34499077E-08 
   280.000000       3.20808908E-08 
   300.000000       2.90685094E-08 
   320.000000       2.49564192E-08 
   340.000000       2.03265902E-08 
   360.000000       1.63124536E-08 
   380.000000       1.29036755E-08 
   400.000000       1.27051187E-08 
   420.000000       1.67731731E-08 
   440.000000       2.20966374E-08 
   460.000000       2.89332736E-08 
   480.000000       3.66073358E-08 
   500.000000       4.44758719E-08 
   520.000000       5.24567270E-08 
   540.000000       5.97408913E-08 
   560.000000       6.52130367E-08 
   580.000000       6.76276812E-08 
   600.000000       6.58047767E-08 
   620.000000       5.90120948E-08 
   640.000000       4.71350567E-08 
   660.000000       3.05760857E-08 
   680.000000       1.01655528E-08 
   700.000000      -1.26458728E-08 
   720.000000      -3.58512864E-08 
   740.000000      -5.74488404E-08 
   760.000000      -7.53183755E-08 
   780.000000      -8.76873045E-08 
   800.000000      -9.40550891E-08 
   820.000000      -9.50551922E-08 
   840.000000      -9.15355542E-08 
   860.000000      -8.40996464E-08 
   880.000000      -7.32937053E-08 
   900.000000      -6.01889028E-08 
   920.000000      -4.61140921E-08 
   940.000000      -3.20963984E-08 
   960.000000      -1.90362019E-08 
   980.000000      -7.89628540E-09 
   1000.00000       1.64237221E-10 
   1020.00000       4.05682599E-09 
   1040.00000       3.52611806E-09 
   1060.00000      -7.48288542E-10 
   1080.00000      -7.49704743E-09 
   1100.00000      -1.49031880E-08 
   1120.00000      -2.09322994E-08 
   1140.00000      -2.37469759E-08 
   1160.00000      -2.24159535E-08 
   1180.00000      -1.67840923E-08 
   1200.00000      -7.26703542E-09 
   1220.00000       5.40643219E-09 
   1240.00000       1.99619024E-08 
   1260.00000       3.50767060E-08 
   1280.00000       5.00425870E-08 
   1300.00000       6.40694537E-08 
   1320.00000       7.61779333E-08 
   1340.00000       8.55078710E-08 
   1360.00000       9.11597908E-08 
   1380.00000       9.21204091E-08 
   1400.00000       8.77489370E-08 
   1420.00000       7.82449021E-08 
   1440.00000       6.44725944E-08 
   1460.00000       4.74880579E-08 
   1480.00000       2.90364142E-08 
   1500.00000       1.07420206E-08 
   1520.00000      -6.00128081E-09 
   1540.00000      -1.98867500E-08 
   1560.00000      -3.02977483E-08 
   1580.00000      -3.69579958E-08 
   1600.00000      -4.02244211E-08 
   1620.00000      -4.06960403E-08 
   1640.00000      -3.92880573E-08 
   1660.00000      -3.64131658E-08 
   1680.00000      -3.23812408E-08 
   1700.00000      -2.80002954E-08 
   1720.00000      -2.38089850E-08 
   1740.00000      -2.05469401E-08 
   1760.00000      -1.90393425E-08 
   1780.00000      -1.95500398E-08 
   1800.00000      -2.23807834E-08 
   1820.00000      -2.73672267E-08 
   1840.00000      -3.34770363E-08 
   1860.00000      -3.98240410E-08 
   1880.00000      -4.55848017E-08 
   1900.00000      -4.95333232E-08 
   1920.00000      -5.09329432E-08 
   1940.00000      -4.90593557E-08 
   1960.00000      -4.37905960E-08 
   1980.00000      -3.56189389E-08 
   2000.00000      -2.50557957E-08 
   2020.00000      -1.25601618E-08 
   2040.00000       1.21627608E-09 
   2060.00000       1.53788431E-08 
   2080.00000       2.93959719E-08 
   2100.00000       4.22104200E-08 
   2120.00000       5.29214361E-08 
   2140.00000       6.10462294E-08 
   2160.00000       6.59554615E-08 
   2180.00000       6.70313725E-08 
   2200.00000       6.42400622E-08 
   2220.00000       5.81536170E-08 
   2240.00000       4.98555437E-08 
   2260.00000       4.04949141E-08 
   2280.00000       3.08991623E-08 
   2300.00000       2.17424603E-08 
   2320.00000       1.39235850E-08 
   2340.00000       8.13094037E-09 
   2360.00000       4.22437552E-09 
   2380.00000       2.13369167E-09 
   2400.00000       1.85663218E-09 
   2420.00000       2.57543853E-09 
   2440.00000       3.43967632E-09 
   2460.00000       4.23091828E-09 
   2480.00000       4.50840121E-09 
   2500.00000       3.77888076E-09 
   2520.00000       1.81879045E-09 
   2540.00000      -2.16319695E-09 
   2560.00000      -8.52030091E-09 
   2580.00000      -1.67828063E-08 
   2600.00000      -2.64913069E-08 
   2620.00000      -3.66429553E-08 
   2640.00000      -4.62296761E-08 
   2660.00000      -5.47060388E-08 
   2680.00000      -6.12741289E-08 
   2700.00000      -6.51925731E-08 
   2720.00000      -6.58443824E-08 
   2740.00000      -6.28752304E-08 
   2760.00000      -5.64945140E-08 
   2780.00000      -4.75123549E-08 
   2800.00000      -3.66380775E-08 
   2820.00000      -2.43099052E-08 
   2840.00000      -1.11672493E-08 
   2860.00000       1.85390070E-09 
   2880.00000       1.40099488E-08 
   2900.00000       2.45415226E-08 
   2920.00000       3.29039445E-08 
   2940.00000       3.87714145E-08 
   2960.00000       4.17801402E-08 
   2980.00000       4.18559516E-08 
   3000.00000       3.95714714E-08 
   3020.00000       3.58165906E-08 
   3040.00000       3.15017807E-08 
   3060.00000       2.74326997E-08 
   3080.00000       2.41395899E-08 
   3100.00000       2.22602115E-08 
   3120.00000       2.23505481E-08 
   3140.00000       2.44654697E-08 
   3160.00000       2.82390946E-08 
   3180.00000       3.30444259E-08 
   3200.00000       3.81790670E-08 
   3220.00000       4.30326743E-08 
   3240.00000       4.71817714E-08 
   3260.00000       4.97844361E-08 
   3280.00000       4.99893247E-08 
   3300.00000       4.76099054E-08 
   3320.00000       4.19295425E-08 
   3340.00000       3.25371197E-08 
   3360.00000       1.94250678E-08 
   3380.00000       2.97264102E-09 
   3400.00000      -1.55813318E-08 
   3420.00000      -3.46925724E-08 
   3440.00000      -5.28613349E-08 
   3460.00000      -6.89519126E-08 
   3480.00000      -8.19266361E-08 
   3500.00000      -9.07603308E-08 
   3520.00000      -9.48376524E-08 
   3540.00000      -9.40581870E-08 
   3560.00000      -8.85177940E-08 
   3580.00000      -7.90613797E-08 
   3600.00000      -6.68540210E-08 
   3620.00000      -5.28356630E-08 
   3640.00000      -3.81009180E-08 
   3660.00000      -2.35372397E-08 
   3680.00000      -1.00420152E-08 
   3700.00000       1.16926202E-09 
   3720.00000       9.04784958E-09 
   3740.00000       1.30172211E-08 
   3760.00000       1.31950513E-08 
   3780.00000       1.03292015E-08 
   3800.00000       5.90444804E-09 
   3820.00000       1.25715971E-09 
   3840.00000      -2.23126295E-09 
   3860.00000      -3.30146821E-09 
   3880.00000      -1.13169440E-09 
   3900.00000       4.87964469E-09 
   3920.00000       1.41564476E-08 
   3940.00000       2.55842565E-08 
   3960.00000       3.83628951E-08 
   3980.00000       5.12186951E-08 
   4000.00000       6.36590514E-08 
   4020.00000       7.67927943E-08 
   4040.00000       8.66745040E-08 
   4060.00000       9.31439317E-08 
   4080.00000       9.52484527E-08 
   4100.00000       9.24795813E-08 
   4120.00000       8.47023003E-08 
   4140.00000       7.20974995E-08 
   4160.00000       5.56529862E-08 
   4180.00000       3.68965622E-08 
   4200.00000       1.73982500E-08 
   4220.00000      -1.28454047E-09 
   4240.00000      -1.78859807E-08 
   4260.00000      -3.15878310E-08 
   4280.00000      -4.19792201E-08 
   4300.00000      -4.88473297E-08 
   4320.00000      -5.22632213E-08 
   4340.00000      -5.26775921E-08 
   4360.00000      -5.06744158E-08 
   4380.00000      -4.71060275E-08 
   4400.00000      -4.27731699E-08 
   4420.00000      -3.83449610E-08 
   4440.00000      -3.43125741E-08 
   4460.00000      -3.09483390E-08 
   4480.00000      -2.86332735E-08 
   4500.00000      -2.77132770E-08 
   4520.00000      -2.82110335E-08 
   4540.00000      -2.99283727E-08 
   4560.00000      -3.23201945E-08 
   4580.00000      -3.45330555E-08 
   4600.00000      -3.58571128E-08 
   4620.00000      -3.58738355E-08 
   4640.00000      -3.42895632E-08 
   4660.00000      -3.09388746E-08 
   4680.00000      -2.56196699E-08 
   4700.00000      -1.83836999E-08 
   4720.00000      -9.55518864E-09 
   4740.00000       3.17704085E-10 
   4760.00000       1.05431868E-08 
   4780.00000       2.05773656E-08 
   4800.00000       2.97262392E-08 
   4820.00000       3.73413833E-08 
   4840.00000       4.29983373E-08 
   4860.00000       4.68092800E-08 
   4880.00000       4.86912519E-08 
   4900.00000       4.85518576E-08 
   4920.00000       4.63603875E-08 
   4940.00000       4.21505497E-08 
   4960.00000       3.65067265E-08 
   4980.00000       2.99699643E-08 
   5000.00000       2.29810109E-08 
   5020.00000       1.63982090E-08 
   5040.00000       1.07176357E-08 
   5060.00000       6.17680262E-09 
   5080.00000       2.96846014E-09 
   5100.00000       7.18420268E-10 
   5120.00000      -8.33155045E-10 
   5140.00000      -1.81500504E-09 
   5160.00000      -2.36138731E-09 
   5180.00000      -2.74077117E-09 
   5200.00000      -3.42509554E-09 
   5220.00000      -4.77193973E-09 
   5240.00000      -6.86837032E-09 
   5260.00000      -9.74112080E-09 
   5280.00000      -1.32373446E-08 
   5300.00000      -1.74301125E-08 
   5320.00000      -2.25531007E-08 
   5340.00000      -2.82433010E-08 
   5360.00000      -3.39714177E-08 
   5380.00000      -3.90374097E-08 
   5400.00000      -4.27290949E-08 
   5420.00000      -4.46947723E-08 
   5440.00000      -4.45831070E-08 
   5460.00000      -4.24803552E-08 
   5480.00000      -3.86770971E-08 
   5500.00000      -3.29220136E-08 
   5520.00000      -2.53951722E-08 
   5540.00000      -1.66106933E-08 
   5560.00000      -7.23021865E-09 
   5580.00000       1.94516336E-09 
   5600.00000       1.05903881E-08 
   5620.00000       1.87376106E-08 
   5640.00000       2.57846864E-08 
   5660.00000       3.13410204E-08 
   5680.00000       3.51690375E-08 
   5700.00000       3.69195057E-08 
   5720.00000       3.68133293E-08 
   5740.00000       3.50304852E-08 
   5760.00000       3.23208802E-08 
   5780.00000       2.95254292E-08 
   5800.00000       2.70799649E-08 
   5820.00000       2.54739660E-08 
   5840.00000       2.47377177E-08 
   5860.00000       2.49174690E-08 
   5880.00000       2.59290687E-08 
   5900.00000       2.73156644E-08 
   5920.00000       2.87726518E-08 
   5940.00000       3.01827860E-08 
   5960.00000       3.13366044E-08 
   5980.00000       3.16800310E-08 
   6000.00000       3.07475112E-08 
   6020.00000       2.79957817E-08 
   6040.00000       2.31401529E-08 
   6060.00000       1.59893077E-08 
   6080.00000       6.63161392E-09 
   6100.00000      -4.72791628E-09 
   6120.00000      -1.77914945E-08 
   6140.00000      -3.18284776E-08 
   6160.00000      -4.58145557E-08 
   6180.00000      -5.82910538E-08 
   6200.00000      -6.83812758E-08 
   6220.00000      -7.55030598E-08 
   6240.00000      -7.90131267E-08 
   6260.00000      -7.88353347E-08 
   6280.00000      -7.53359117E-08 
   6300.00000      -6.86891113E-08 
   6320.00000      -5.90845737E-08 
   6340.00000      -4.71949129E-08 
   6360.00000      -3.41878312E-08 
   6380.00000      -2.13980389E-08 
   6400.00000      -9.41836387E-09 
   6420.00000       1.40793033E-09 
   6440.00000       1.04163931E-08 
   6460.00000       1.68711427E-08 
   6480.00000       2.01105035E-08 
   6500.00000       2.02649542E-08 
   6520.00000       1.82841031E-08 
   6540.00000       1.54380206E-08 
   6560.00000       1.29932927E-08 
   6580.00000       1.20674608E-08 
   6600.00000       1.32276847E-08 
   6620.00000       1.65487020E-08 
   6640.00000       2.18054765E-08 
   6660.00000       2.86322646E-08 
   6680.00000       3.66144768E-08 
   6700.00000       4.50307880E-08 
   6720.00000       5.31068132E-08 
   6740.00000       6.01583565E-08 
   6760.00000       6.55587158E-08 
   6780.00000       6.87313459E-08 
   6800.00000       6.91569326E-08 
   6820.00000       6.64634356E-08 
   6840.00000       6.04463537E-08 
   6860.00000       5.12075751E-08 
   6880.00000       3.92268049E-08 
   6900.00000       2.51793892E-08 
   6920.00000       9.76983383E-09 
   6940.00000      -6.07926376E-09 
   6960.00000      -2.12056719E-08 
   6980.00000      -3.45484601E-08 
   7000.00000      -4.53706157E-08 
   7020.00000      -5.31848521E-08 
   7040.00000      -5.77345993E-08 
   7060.00000      -5.92821046E-08 
   7080.00000      -5.83534252E-08 
   7100.00000      -5.51914248E-08 
   7120.00000      -5.00972988E-08 
   7140.00000      -4.38811973E-08 
   7160.00000      -3.73250693E-08 
   7180.00000      -3.10896091E-08 
   7200.00000      -2.56696655E-08 
   7220.00000      -2.13507789E-08 
   7240.00000      -1.83830480E-08 
   7260.00000      -1.72571362E-08 
   7280.00000      -1.83080022E-08 
   7300.00000      -2.10020570E-08 
   7320.00000      -2.40977229E-08 
   7340.00000      -2.64577267E-08 
   7360.00000      -2.70109766E-08 
   7380.00000      -2.52221852E-08 
   7400.00000      -2.09037605E-08 
   7420.00000      -1.43039740E-08 
   7440.00000      -5.85790572E-09 
   7460.00000       4.02512912E-09 
   7480.00000       1.51155888E-08 
   7500.00000       2.72397269E-08 
   7520.00000       3.92933863E-08 
   7540.00000       4.99987607E-08 
   7560.00000       5.88052842E-08 
   7580.00000       6.49020180E-08 
   7600.00000       6.81781671E-08 
   7620.00000       6.94436793E-08 
   7640.00000       6.70076261E-08 
   7660.00000       6.07352888E-08 
   7680.00000       5.18491561E-08 
   7700.00000       4.12025152E-08 
   7720.00000       2.96645570E-08 
   7740.00000       1.82373583E-08 
   7760.00000       7.47821804E-09 
   7780.00000      -1.77732895E-09 
   7800.00000      -9.16005849E-09 
   7820.00000      -1.48199186E-08 
   7840.00000      -1.86452098E-08 
   7860.00000      -2.08358895E-08 
   7880.00000      -2.17374065E-08 
   7900.00000      -2.16281801E-08 
   7920.00000      -2.09619131E-08 
   7940.00000      -2.01070662E-08 
   7960.00000      -1.93925445E-08 
   7980.00000      -1.93199394E-08 
   8000.00000      -2.03961790E-08 
   8020.00000      -2.36428761E-08 
   8040.00000      -2.82650348E-08 
   8060.00000      -3.39382602E-08 
   8080.00000      -4.01051530E-08 
   8100.00000      -4.61454590E-08 
   8120.00000      -5.12692964E-08 
   8140.00000      -5.45919541E-08 
   8160.00000      -5.55051258E-08 
   8180.00000      -5.36211822E-08 
   8200.00000      -4.88909500E-08 
   8220.00000      -4.14483772E-08 
   8240.00000      -3.14087067E-08 
   8260.00000      -1.93424299E-08 
   8280.00000      -5.74484949E-09 
   8300.00000       8.82699869E-09 
   8320.00000       2.33802577E-08 
   8340.00000       3.71835327E-08 
   8360.00000       4.93547567E-08 
   8380.00000       5.85013318E-08 
   8400.00000       6.51605276E-08 
   8420.00000       6.94794196E-08 
   8440.00000       6.99829954E-08 
   8460.00000       6.72894558E-08 
   8480.00000       6.18999536E-08 
   8500.00000       5.46433334E-08 
   8520.00000       4.69893031E-08 
   8540.00000       3.98860500E-08 
   8560.00000       3.37319186E-08 
   8580.00000       2.87619688E-08 
   8600.00000       2.51599683E-08 
   8620.00000       2.30486652E-08 
   8640.00000       2.23632615E-08 
   8660.00000       2.28010979E-08 
   8680.00000       2.37340192E-08 
   8700.00000       2.44074361E-08 
   8720.00000       2.40454625E-08 
   8740.00000       2.17249561E-08 
   8760.00000       1.68475029E-08 
   8780.00000       9.08683706E-09 
   8800.00000      -1.97495953E-09 
   8820.00000      -1.66826304E-08 
   8840.00000      -3.46652307E-08 
   8860.00000      -5.47624097E-08 
   8880.00000      -7.51743272E-08 
   8900.00000      -9.38136608E-08 
   8920.00000      -1.08536142E-07 
   8940.00000      -1.17580647E-07 
   8960.00000      -1.19830602E-07 
   8980.00000      -1.14959391E-07 
   9000.00000      -1.03797539E-07 
   9020.00000      -8.77378170E-08 
   9040.00000      -6.80919001E-08 
   9060.00000      -4.64070702E-08 
   9080.00000      -2.43279228E-08 
   9100.00000      -3.08191095E-09 
   9120.00000       1.61903966E-08 
   9140.00000       3.23336842E-08 
   9160.00000       4.43358665E-08 
   9180.00000       5.14758511E-08 
   9200.00000       5.37100568E-08 
   9220.00000       5.16221093E-08 
   9240.00000       4.61940637E-08 
   9260.00000       3.87338943E-08 
   9280.00000       3.07211820E-08 
   9300.00000       2.37758613E-08 
   9320.00000       1.91039664E-08 
   9340.00000       1.73566317E-08 
   9360.00000       1.84794100E-08 
   9380.00000       2.17206377E-08 
   9400.00000       2.64258961E-08 
   9420.00000       3.19754356E-08 
   9440.00000       3.77745657E-08 
   9460.00000       4.30757012E-08 
   9480.00000       4.71223522E-08 
   9500.00000       4.93898433E-08 
   9520.00000       4.93407093E-08 
   9540.00000       4.66285250E-08 
   9560.00000       4.12072829E-08 
   9580.00000       3.32626975E-08 
   9600.00000       2.30012613E-08 
   9620.00000       1.08092211E-08 
   9640.00000      -2.91134228E-09 
   9660.00000      -1.70798042E-08 
   9680.00000      -3.01767038E-08 
   9700.00000      -4.10960759E-08 
   9720.00000      -4.90695236E-08 
   9740.00000      -5.37802549E-08 
   9760.00000      -5.53026389E-08 
   9780.00000      -5.36817595E-08 
   9800.00000      -4.94794214E-08 
   9820.00000      -4.33887237E-08 
   9840.00000      -3.57494017E-08 
   9860.00000      -2.73762790E-08 
   9880.00000      -1.91188310E-08 
   9900.00000      -1.15160459E-08 
   9920.00000      -5.30144462E-09 
   9940.00000      -8.41929193E-10 
   9960.00000       1.40234369E-09 
   9980.00000       1.19134091E-09 
   10000.0000      -1.08485665E-09 
   10020.0000      -4.79596762E-09 
   10040.0000      -9.16504117E-09 
   10060.0000      -1.31625351E-08 
   10080.0000      -1.58114446E-08 
   10100.0000      -1.64202856E-08 
   10120.0000      -1.45693164E-08 
   10140.0000      -1.01202451E-08 
   10160.0000      -3.20546678E-09 
   10180.0000       5.45997025E-09 
   10200.0000       1.54374895E-08 
   10220.0000       2.60991939E-08 
   10240.0000       3.65897854E-08 
   10260.0000       4.62296441E-08 
   10280.0000       5.41550129E-08 
   10300.0000       5.96843606E-08 
   10320.0000       6.23070875E-08 
   10340.0000       6.15730258E-08 
   10360.0000       5.73166012E-08 
   10380.0000       4.96763342E-08 
   10400.0000       3.93857995E-08 
   10420.0000       2.71704650E-08 
   10440.0000       1.37732554E-08 
   10460.0000       5.50179458E-10 
   10480.0000      -1.11760796E-08 
   10500.0000      -2.05015169E-08 
   10520.0000      -2.68455747E-08 
   10540.0000      -3.05320853E-08 
   10560.0000      -3.20114886E-08 
   10580.0000      -3.13291295E-08 
   10600.0000      -2.89098896E-08 
   10620.0000      -2.52645780E-08 
   10640.0000      -2.10057607E-08 
   10660.0000      -1.69991150E-08 
   10680.0000      -1.39563694E-08 
   10700.0000      -1.25424782E-08 
   10720.0000      -1.32143283E-08 
   10740.0000      -1.61317981E-08 
   10760.0000      -2.13935483E-08 
   10780.0000      -2.87479249E-08 
   10800.0000      -3.73528941E-08 
   10820.0000      -4.60436276E-08 
   10840.0000      -5.34213633E-08 
   10860.0000      -5.80304373E-08 
   10880.0000      -5.88998255E-08 
   10900.0000      -5.56419799E-08 
   10920.0000      -4.83939750E-08 
   10940.0000      -3.74559299E-08 
   10960.0000      -2.33834268E-08 
   10980.0000      -7.10701320E-09 
   11000.0000       1.05799982E-08 
   11020.0000       2.86495325E-08 
   11040.0000       4.59799132E-08 
   11060.0000       6.17650144E-08 
   11080.0000       7.49717728E-08 
   11100.0000       8.45155341E-08 
   11120.0000       8.95733265E-08 
   11140.0000       8.94394603E-08 
   11160.0000       8.40064089E-08 
   11180.0000       7.37828358E-08 
   11200.0000       6.00416001E-08 
   11220.0000       4.48585773E-08 
   11240.0000       3.03168122E-08 
   11260.0000       1.80305566E-08 
   11280.0000       8.99850772E-09 
   11300.0000       3.58869312E-09 
   11320.0000       1.40122580E-09 
   11340.0000       1.67267211E-09 
   11360.0000       3.49049967E-09 
   11380.0000       6.12537354E-09 
   11400.0000       8.98629704E-09 
   11420.0000       1.13694378E-08 
   11440.0000       1.25428699E-08 
   11460.0000       1.15192336E-08 
   11480.0000       7.28624405E-09 
   11500.0000      -9.41118627E-10 
   11520.0000      -1.35896236E-08 
   11540.0000      -3.04334868E-08 
   11560.0000      -5.02959665E-08 
   11580.0000      -7.12154247E-08 
   11600.0000      -9.05701825E-08 
   11620.0000      -1.05519149E-07 
   11640.0000      -1.13884404E-07 
   11660.0000      -1.14580835E-07 
   11680.0000      -1.07658856E-07 
   11700.0000      -9.43216136E-08 
   11720.0000      -7.62986971E-08 
   11740.0000      -5.53968498E-08 
   11760.0000      -3.31715917E-08 
   11780.0000      -1.09260654E-08 
   11800.0000       1.02523741E-08 
   11820.0000       2.91340552E-08 
   11840.0000       4.46652031E-08 
   11860.0000       5.60339508E-08 
   11880.0000       6.25636929E-08 
   11900.0000       6.40774545E-08 
   11920.0000       6.07530879E-08 
   11940.0000       5.34196651E-08 
   11960.0000       4.36792398E-08 
   11980.0000       3.31398375E-08 
   12000.0000       2.33417268E-08 
   12020.0000       1.70772392E-08 
   12040.0000       1.42098324E-08 
   12060.0000       1.45335184E-08 
   12080.0000       1.76871229E-08 
   12100.0000       2.27649295E-08 
   12120.0000       2.91448075E-08 
   12140.0000       3.62070018E-08 
   12160.0000       4.32249010E-08 
   12180.0000       4.94358829E-08 
   12200.0000       5.39656071E-08 
   12220.0000       5.61678668E-08 
   12240.0000       5.53944126E-08 
   12260.0000       5.08741671E-08 
   12280.0000       4.20603783E-08 
   12300.0000       2.89378921E-08 
   12320.0000       1.21844179E-08 
   12340.0000      -6.85503698E-09 
   12360.0000      -2.66314544E-08 
   12380.0000      -4.53711699E-08 
   12400.0000      -6.12342674E-08 
   12420.0000      -7.28582634E-08 
   12440.0000      -7.94397437E-08 
   12460.0000      -8.08517413E-08 
   12480.0000      -7.74839393E-08 
   12500.0000      -7.02999046E-08 
   12520.0000      -6.04404207E-08 
   12540.0000      -4.88327991E-08 
   12560.0000      -3.63648915E-08 
   12580.0000      -2.38122606E-08 
   12600.0000      -1.19812169E-08 
   12620.0000      -1.74445702E-09 
   12640.0000       6.00659567E-09 
   12660.0000       1.04593072E-08 
   12680.0000       1.12646710E-08 
   12700.0000       8.86681040E-09 
   12720.0000       4.07742684E-09 
   12740.0000      -1.85750848E-09 
   12760.0000      -7.52013829E-09 
   12780.0000      -1.15196910E-08 
   12800.0000      -1.29074094E-08 
   12820.0000      -1.13480949E-08 
   12840.0000      -6.94812385E-09 
   12860.0000      -4.74974123E-11 
   12880.0000       8.60285621E-09 
   12900.0000       1.81889170E-08 
   12920.0000       2.79422263E-08 
   12940.0000       3.72636784E-08 
   12960.0000       4.56076954E-08 
   12980.0000       5.21758317E-08 
   13000.0000       5.62122686E-08 
   13020.0000       5.72910075E-08 
   13040.0000       5.50523112E-08 
   13060.0000       4.96087864E-08 
   13080.0000       4.14358219E-08 
   13100.0000       3.10215960E-08 
   13120.0000       1.93067500E-08 
   13140.0000       7.33038519E-09 
   13160.0000      -3.98339006E-09 
   13180.0000      -1.38067771E-08 
   13200.0000      -2.14286384E-08 
   13220.0000      -2.64924491E-08 
   13240.0000      -2.90368689E-08 
   13260.0000      -2.93966078E-08 
   13280.0000      -2.78443082E-08 
   13300.0000      -2.48103991E-08 
   13320.0000      -2.09853734E-08 
   13340.0000      -1.69193406E-08 
   13360.0000      -1.31503377E-08 
   13380.0000      -9.99544270E-09 
   13400.0000      -7.73143771E-09 
   13420.0000      -6.89139767E-09 
   13440.0000      -7.85108512E-09 
   13460.0000      -1.05716254E-08 
   13480.0000      -1.47713770E-08 
   13500.0000      -1.95503986E-08 
   13520.0000      -2.40767069E-08 
   13540.0000      -2.77469230E-08 
   13560.0000      -2.99788248E-08 
   13580.0000      -3.05890495E-08 
   13600.0000      -2.92370075E-08 
   13620.0000      -2.54454751E-08 
   13640.0000      -1.94574046E-08 
   13660.0000      -1.17369297E-08 
   13680.0000      -2.72092926E-09 
   13700.0000       7.06882508E-09 
   13720.0000       1.69594419E-08 
   13740.0000       2.61064699E-08 
   13760.0000       3.40618591E-08 
   13780.0000       4.04011082E-08 
   13800.0000       4.45458248E-08 
   13820.0000       4.62526195E-08 
   13840.0000       4.53903475E-08 
   13860.0000       4.20517487E-08 
   13880.0000       3.66659059E-08 
   13900.0000       2.97790610E-08 
   13920.0000       2.20583374E-08 
   13940.0000       1.45057655E-08 
   13960.0000       7.96512989E-09 
   13980.0000       2.87029889E-09 
   14000.0000      -4.36308767E-10 
   14020.0000      -1.89134508E-09 
   14040.0000      -1.78941661E-09 
   14060.0000      -6.26557195E-10 
   14080.0000       1.45390366E-09 
   14100.0000       3.93124155E-09 
   14120.0000       6.22366514E-09 
   14140.0000       7.88001220E-09 
   14160.0000       8.11075473E-09 
   14180.0000       6.47937126E-09 
   14200.0000       2.36634645E-09 
   14220.0000      -4.73647432E-09 
   14240.0000      -1.45938506E-08 
   14260.0000      -2.68271521E-08 
   14280.0000      -4.06961327E-08 
   14300.0000      -5.45244632E-08 
   14320.0000      -6.65968045E-08 
   14340.0000      -7.55109966E-08 
   14360.0000      -8.03462399E-08 
   14380.0000      -8.06728977E-08 
   14400.0000      -7.61794183E-08 
   14420.0000      -6.70610945E-08 
   14440.0000      -5.39711955E-08 
   14460.0000      -3.79825913E-08 
   14480.0000      -2.03438528E-08 
   14500.0000      -2.00734007E-09 
   14520.0000       1.61220299E-08 
   14540.0000       3.29789565E-08 
   14560.0000       4.74700705E-08 
   14580.0000       5.84800937E-08 
   14600.0000       6.48583054E-08 
   14620.0000       6.58808901E-08 
   14640.0000       6.16736955E-08 
   14660.0000       5.36647633E-08 
   14680.0000       4.37918430E-08 
   14700.0000       3.38482913E-08 
   14720.0000       2.53976538E-08 
   14740.0000       1.95656806E-08 
   14760.0000       1.69513594E-08 
   14780.0000       1.73780919E-08 
   14800.0000       2.03344896E-08 
   14820.0000       2.51391210E-08 
   14840.0000       3.08347730E-08 
   14860.0000       3.66298423E-08 
   14880.0000       4.18135251E-08 
   14900.0000       4.57479956E-08 
   14920.0000       4.76014463E-08 
   14940.0000       4.64757761E-08 
   14960.0000       4.17212789E-08 
   14980.0000       3.29968231E-08 
   15000.0000       2.01906207E-08 
   15020.0000       3.81119980E-09 
   15040.0000      -1.46666705E-08 
   15060.0000      -3.35245893E-08 
   15080.0000      -5.12074827E-08 
   15100.0000      -6.59922890E-08 
   15120.0000      -7.64673871E-08 
   15140.0000      -8.20829200E-08 
   15160.0000      -8.28571842E-08 
   15180.0000      -7.92151553E-08 
   15200.0000      -7.18091755E-08 
   15220.0000      -6.13083557E-08 
   15240.0000      -4.84402563E-08 
   15260.0000      -3.43977611E-08 
   15280.0000      -2.04541255E-08 
   15300.0000      -7.57083196E-09 
   15320.0000       3.48263884E-09 
   15340.0000       1.20657395E-08 
   15360.0000       1.76798718E-08 
   15380.0000       1.98416341E-08 
   15400.0000       1.85838349E-08 
   15420.0000       1.45904986E-08 
   15440.0000       8.90519125E-09 
   15460.0000       2.87723378E-09 
   15480.0000      -2.00933781E-09 
   15500.0000      -4.63259076E-09 
   15520.0000      -4.78672391E-09 
   15540.0000      -2.62771493E-09 
   15560.0000       2.03706985E-09 
   15580.0000       8.74219186E-09 
   15600.0000       1.69671193E-08 
   15620.0000       2.66243116E-08 
   15640.0000       3.58034278E-08 
   15660.0000       4.37739267E-08 
   15680.0000       5.01544264E-08 
   15700.0000       5.42114371E-08 
   15720.0000       5.54468791E-08 
   15740.0000       5.36115579E-08 
   15760.0000       4.84985385E-08 
   15780.0000       4.03515337E-08 
   15800.0000       2.97413489E-08 
   15820.0000       1.74417831E-08 
   15840.0000       4.60506655E-09 
   15860.0000      -7.62628627E-09 
   15880.0000      -1.84328925E-08 
   15900.0000      -2.72286176E-08 
   15920.0000      -3.35187202E-08 
   15940.0000      -3.71230904E-08 
   15960.0000      -3.79450924E-08 
   15980.0000      -3.62627297E-08 
   16000.0000      -3.28672662E-08 
   16020.0000      -2.91124547E-08 
   16040.0000      -2.47969254E-08 
   16060.0000      -2.01810817E-08 
   16080.0000      -1.59533666E-08 
   16100.0000      -1.26159714E-08 
   16120.0000      -1.06189555E-08 
   16140.0000      -1.03563478E-08 
   16160.0000      -1.18990853E-08 
   16180.0000      -1.51222856E-08 
   16200.0000      -1.97676258E-08 
   16220.0000      -2.51628460E-08 
   16240.0000      -3.03422460E-08 
   16260.0000      -3.44560789E-08 
   16280.0000      -3.65920165E-08 
   16300.0000      -3.59789389E-08 
   16320.0000      -3.23240847E-08 
   16340.0000      -2.55751846E-08 
   16360.0000      -1.59842308E-08 
   16380.0000      -4.48629178E-09 
   16400.0000       9.02170516E-09 
   16420.0000       2.43033611E-08 
   16440.0000       3.95262703E-08 
   16460.0000       5.40079519E-08 
   16480.0000       6.66724844E-08 
   16500.0000       7.64440742E-08 
   16520.0000       8.27755642E-08 
   16540.0000       8.48788204E-08 
   16560.0000       8.21189587E-08 
   16580.0000       7.46580540E-08 
   16600.0000       6.33462562E-08 
   16620.0000       4.95444574E-08 
   16640.0000       3.50005145E-08 
   16660.0000       2.13763958E-08 
   16680.0000       9.89629978E-09 
   16700.0000       1.14278487E-09 
   16720.0000      -4.85921392E-09 
   16740.0000      -8.49002380E-09 
   16760.0000      -1.01877298E-08 
   16780.0000      -1.03424611E-08 
   16800.0000      -9.64961711E-09 
   16820.0000      -9.07375863E-09 
   16840.0000      -9.24723320E-09 
   16860.0000      -1.06250040E-08 
   16880.0000      -1.37420839E-08 
   16900.0000      -1.90380636E-08 
   16920.0000      -2.68054947E-08 
   16940.0000      -3.71603903E-08 
   16960.0000      -4.95736110E-08 
   16980.0000      -6.28253574E-08 
   17000.0000      -7.55375211E-08 
   17020.0000      -8.60607727E-08 
   17040.0000      -9.26026118E-08 
   17060.0000      -9.41584162E-08 
   17080.0000      -9.04534758E-08 
   17100.0000      -8.16648367E-08 
   17120.0000      -6.85210466E-08 
   17140.0000      -5.21159933E-08 
   17160.0000      -3.36101884E-08 
   17180.0000      -1.41634571E-08 
   17200.0000       5.22364330E-09 
   17220.0000       2.36701023E-08 
   17240.0000       4.01257978E-08 
   17260.0000       5.37375051E-08 
   17280.0000       6.37587405E-08 
   17300.0000       6.96275038E-08 
   17320.0000       7.12075305E-08 
   17340.0000       6.87922679E-08 
   17360.0000       6.30817496E-08 
   17380.0000       5.48956116E-08 
   17400.0000       4.55217126E-08 
   17420.0000       3.64762940E-08 
   17440.0000       2.90205477E-08 
   17460.0000       2.37912072E-08 
   17480.0000       2.08613855E-08 
   17500.0000       1.99939958E-08 
   17520.0000       2.05786321E-08 
   17540.0000       2.19365734E-08 
   17560.0000       2.35405277E-08 
   17580.0000       2.51146073E-08 
   17600.0000       2.61604711E-08 
   17620.0000       2.61008690E-08 
   17640.0000       2.41414213E-08 
   17660.0000       1.98701571E-08 
   17680.0000       1.33176528E-08 
   17700.0000       4.55350557E-09 
   17720.0000      -6.07009376E-09 
   17740.0000      -1.81039059E-08 
   17760.0000      -3.08764463E-08 
   17780.0000      -4.31520739E-08 
   17800.0000      -5.39686660E-08 
   17820.0000      -6.25177918E-08 
   17840.0000      -6.78823042E-08 
   17860.0000      -6.97116960E-08 
   17880.0000      -6.79905625E-08 
   17900.0000      -6.29073824E-08 
   17920.0000      -5.51052146E-08 
   17940.0000      -4.50696547E-08 
   17960.0000      -3.36024222E-08 
   17980.0000      -2.17783640E-08 
   18000.0000      -1.02878586E-08 
   18020.0000       2.43955078E-10 
   18040.0000       9.20545329E-09 
   18060.0000       1.61745444E-08 
   18080.0000       2.08757047E-08 
   18100.0000       2.29966215E-08 
   18120.0000       2.26464305E-08 
   18140.0000       2.03545554E-08 
   18160.0000       1.68852097E-08 
   18180.0000       1.31291316E-08 
   18200.0000       1.00519015E-08 
   18220.0000       8.49432524E-09 
   18240.0000       8.87308982E-09 
   18260.0000       1.13083418E-08 
   18280.0000       1.54943081E-08 
   18300.0000       2.09699582E-08 
   18320.0000       2.72235408E-08 
   18340.0000       3.35948194E-08 
   18360.0000       3.94423409E-08 
   18380.0000       4.42397443E-08 
   18400.0000       4.76067790E-08 
   18420.0000       4.89315113E-08 
   18440.0000       4.75291024E-08 
   18460.0000       4.33462759E-08 
   18480.0000       3.65684656E-08 
   18500.0000       2.74898557E-08 
   18520.0000       1.67141003E-08 
   18540.0000       4.64005945E-09 
   18560.0000      -8.12568324E-09 
   18580.0000      -2.04630428E-08 
   18600.0000      -3.13768140E-08 
   18620.0000      -3.99755287E-08 
   18640.0000      -4.56845619E-08 
   18660.0000      -4.85293050E-08 
   18680.0000      -4.87638268E-08 
   18700.0000      -4.68444625E-08 
   18720.0000      -4.31499352E-08 
   18740.0000      -3.79736029E-08 
   18760.0000      -3.19320925E-08 
   18780.0000      -2.56342236E-08 
   18800.0000      -1.95802041E-08 
   18820.0000      -1.43705874E-08 
   18840.0000      -1.04824105E-08 
   18860.0000      -8.18524182E-09 
   18880.0000      -7.69442199E-09 
   18900.0000      -8.98284735E-09 
   18920.0000      -1.18725980E-08 
   18940.0000      -1.55917537E-08 
   18960.0000      -1.89823339E-08 
   18980.0000      -2.11124771E-08 
   19000.0000      -2.11092672E-08 
   19020.0000      -1.85989784E-08 
   19040.0000      -1.36294602E-08 
   19060.0000      -6.36898667E-09 
   19080.0000       2.77767653E-09 
   19100.0000       1.32997897E-08 
   19120.0000       2.46844483E-08 
   19140.0000       3.62473180E-08 
   19160.0000       4.72931809E-08 
   19180.0000       5.70864387E-08 
   19200.0000       6.48843468E-08 
   19220.0000       7.01392935E-08 
   19240.0000       7.22298310E-08 
   19260.0000       7.05896568E-08 
   19280.0000       6.51014957E-08 
   19300.0000       5.63284743E-08 
   19320.0000       4.51724809E-08 
   19340.0000       3.25064100E-08 
   19360.0000       1.93153085E-08 
   19380.0000       6.74852840E-09 
   19400.0000      -4.16238954E-09 
   19420.0000      -1.29703439E-08 
   19440.0000      -1.95461851E-08 
   19460.0000      -2.41026417E-08 
   19480.0000      -2.69423790E-08 
   19500.0000      -2.83490511E-08 
   19520.0000      -2.85910655E-08 
   19540.0000      -2.79359114E-08 
   19560.0000      -2.67761582E-08 
   19580.0000      -2.57601389E-08 
   19600.0000      -2.57008512E-08 
   19620.0000      -2.72352860E-08 
   19640.0000      -3.08972226E-08 
   19660.0000      -3.68965054E-08 
   19680.0000      -4.47970763E-08 
   19700.0000      -5.39512435E-08 
   19720.0000      -6.31770121E-08 
   19740.0000      -7.09136714E-08 
   19760.0000      -7.56333876E-08 
   19780.0000      -7.61560912E-08 
   19800.0000      -7.19639104E-08 
   19820.0000      -6.33141113E-08 
   19840.0000      -5.07896623E-08 
   19860.0000      -3.51924179E-08 
   19880.0000      -1.73958430E-08 
   19900.0000       1.79807336E-09 
   19920.0000       2.12323119E-08 
   19940.0000       3.99748536E-08 
   19960.0000       5.71720484E-08 
   19980.0000       7.16469302E-08 
   20000.0000       8.29052738E-08 
   20020.0000       9.08206630E-08 
   20040.0000       9.31742719E-08 
   20060.0000       9.04877311E-08 
   20080.0000       8.32742160E-08 
   20100.0000       7.27470066E-08 
   20120.0000       6.05633090E-08 
   20140.0000       4.82035709E-08 
   20160.0000       3.67556510E-08 
   20180.0000       2.69782650E-08 
   20200.0000       1.92127114E-08 
   20220.0000       1.35333842E-08 
   20240.0000       9.74717906E-09 
   20260.0000       7.36449657E-09 
   20280.0000       5.83739856E-09 
   20300.0000       4.79256768E-09 
   20320.0000       3.86784915E-09 
   20340.0000       2.59012523E-09 
   20360.0000       4.36852415E-10 
   20380.0000      -3.13505555E-09 
   20400.0000      -8.40250802E-09 
   20420.0000      -1.54785713E-08 
   20440.0000      -2.40838833E-08 
   20460.0000      -3.34425430E-08 
   20480.0000      -4.26795310E-08 
   20500.0000      -5.10567020E-08 
   20520.0000      -5.77886077E-08 
   20540.0000      -6.21708836E-08 
   20560.0000      -6.37854427E-08 
   20580.0000      -6.23758538E-08 
   20600.0000      -5.80606780E-08 
   20620.0000      -5.12279819E-08 
   20640.0000      -4.24342765E-08 
   20660.0000      -3.24766063E-08 
   20680.0000      -2.19610641E-08 
   20700.0000      -1.13323466E-08 
   20720.0000      -1.06494080E-09 
   20740.0000       8.15170687E-09 
   20760.0000       1.57199977E-08 
   20780.0000       2.13686580E-08 
   20800.0000       2.49720191E-08 
   20820.0000       2.65359699E-08 
   20840.0000       2.61403628E-08 
   20860.0000       2.42774405E-08 
   20880.0000       2.15011564E-08 
   20900.0000       1.84371274E-08 
   20920.0000       1.56398112E-08 
   20940.0000       1.35439455E-08 
   20960.0000       1.25530368E-08 
   20980.0000       1.27249136E-08 
   21000.0000       1.40139926E-08 
   21020.0000       1.64704996E-08 
   21040.0000       1.97586427E-08 
   21060.0000       2.33881874E-08 
   21080.0000       2.68920441E-08 
   21100.0000       2.95925506E-08 
   21120.0000       3.11715418E-08 
   21140.0000       3.14108100E-08 
   21160.0000       3.00183736E-08 
   21180.0000       2.67039635E-08 
   21200.0000       2.13094093E-08 
   21220.0000       1.40270684E-08 
   21240.0000       5.26045207E-09 
   21260.0000      -4.47956650E-09 
   21280.0000      -1.44561580E-08 
   21300.0000      -2.40542537E-08 
   21320.0000      -3.27467014E-08 
   21340.0000      -3.97657409E-08 
   21360.0000      -4.45280044E-08 
   21380.0000      -4.66636543E-08 
   21400.0000      -4.61467771E-08 
   21420.0000      -4.33795897E-08 
   21440.0000      -3.87639645E-08 
   21460.0000      -3.29958354E-08 
   21480.0000      -2.67407660E-08 
   21500.0000      -2.00602557E-08 
   21520.0000      -1.33866012E-08 
   21540.0000      -7.37317940E-09 
   21560.0000      -2.61436295E-09 
   21580.0000       2.00183578E-10 
   21600.0000       9.06852649E-10 
   21620.0000      -6.62373836E-11 
   21640.0000      -2.39318787E-09 
   21660.0000      -5.39463008E-09 
   21680.0000      -8.22206392E-09 
   21700.0000      -1.02054729E-08 
   21720.0000      -1.05251559E-08 
   21740.0000      -8.75730688E-09 
   21760.0000      -4.64765337E-09 
   21780.0000       1.73018988E-09 
   21800.0000       9.99368410E-09 
   21820.0000       1.97318801E-08 
   21840.0000       3.02687972E-08 
   21860.0000       4.09868193E-08 
   21880.0000       5.11850935E-08 
   21900.0000       5.99758323E-08 
   21920.0000       6.65495534E-08 
   21940.0000       7.02057790E-08 
   21960.0000       7.04280581E-08 
   21980.0000       6.67909674E-08 
   22000.0000       5.93482916E-08 
   22020.0000       4.84578599E-08 
   22040.0000       3.48674227E-08 
   22060.0000       1.97270218E-08 
   22080.0000       4.43835235E-09 
   22100.0000      -9.83303661E-09 
   22120.0000      -2.21834338E-08 
   22140.0000      -3.19429994E-08 
   22160.0000      -3.87957328E-08 
   22180.0000      -4.25963940E-08 
   22200.0000      -4.37399912E-08 
   22220.0000      -4.28029914E-08 
   22240.0000      -4.01866878E-08 
   22260.0000      -3.65381219E-08 
   22280.0000      -3.26135599E-08 
   22300.0000      -2.89782758E-08 
   22320.0000      -2.62913389E-08 
   22340.0000      -2.53263206E-08 
   22360.0000      -2.68669691E-08 
   22380.0000      -3.13597930E-08 
   22400.0000      -3.81236553E-08 
   22420.0000      -4.59067309E-08 
   22440.0000      -5.33968212E-08 
   22460.0000      -5.92122156E-08 
   22480.0000      -6.22291338E-08 
   22500.0000      -6.15440499E-08 
   22520.0000      -5.66086733E-08 
   22540.0000      -4.74719677E-08 
   22560.0000      -3.45891351E-08 
   22580.0000      -1.85918108E-08 
   22600.0000      -4.85298302E-10 
   22620.0000       1.85698568E-08 
   22640.0000       3.73390776E-08 
   22660.0000       5.47991625E-08 
   22680.0000       7.01268092E-08 
   22700.0000       8.22464941E-08 
   22720.0000       9.01421586E-08 
   22740.0000       9.31647151E-08 
   22760.0000       9.12027645E-08 
   22780.0000       8.46246166E-08 
   22800.0000       7.41464632E-08 
   22820.0000       6.09690503E-08 
   22840.0000       4.64833647E-08 
   22860.0000       3.21804841E-08 
   22880.0000       1.94109457E-08 
   22900.0000       9.03650843E-09 
   22920.0000       1.41669199E-09 
   22940.0000      -3.51975404E-09 
   22960.0000      -6.11581230E-09 
   22980.0000      -6.78341250E-09 
   23000.0000      -6.14877749E-09 
   23020.0000      -4.99425523E-09 
   23040.0000      -3.89698007E-09 
   23060.0000      -3.54814578E-09 
   23080.0000      -4.67073713E-09 
   23100.0000      -7.61032570E-09 
   23120.0000      -1.25988242E-08 
   23140.0000      -1.98524663E-08 
   23160.0000      -2.91697138E-08 
   23180.0000      -3.99832878E-08 
   23200.0000      -5.13621607E-08 
   23220.0000      -6.19979517E-08 
   23240.0000      -7.04336358E-08 
   23260.0000      -7.55985923E-08 
   23280.0000      -7.69794823E-08 
   23300.0000      -7.42705950E-08 
   23320.0000      -6.73889744E-08 
   23340.0000      -5.68040868E-08 
   23360.0000      -4.33672369E-08 
   23380.0000      -2.81349841E-08 
   23400.0000      -1.21704886E-08 
   23420.0000       3.52830476E-09 
   23440.0000       1.81407156E-08 
   23460.0000       3.08872501E-08 
   23480.0000       4.12578167E-08 
   23500.0000       4.90487544E-08 
   23520.0000       5.35109841E-08 
   23540.0000       5.41762581E-08 
   23560.0000       5.15055554E-08 
   23580.0000       4.59529197E-08 
   23600.0000       3.87169123E-08 
   23620.0000       3.17572706E-08 
   23640.0000       2.53649901E-08 
   23660.0000       2.03763744E-08 
   23680.0000       1.77240551E-08 
   23700.0000       1.73451298E-08 
   23720.0000       1.88881923E-08 
   23740.0000       2.19577689E-08 
   23760.0000       2.57073349E-08 
   23780.0000       2.95778992E-08 
   23800.0000       3.30011538E-08 
   23820.0000       3.51617757E-08 
   23840.0000       3.56355052E-08 
   23860.0000       3.39909825E-08 
   23880.0000       2.97385068E-08 
   23900.0000       2.26119763E-08 
   23920.0000       1.26651871E-08 
   23940.0000       1.82749219E-10 
   23960.0000      -1.40870009E-08 
   23980.0000      -2.90939877E-08 
   24000.0000      -4.38750014E-08 
   24020.0000      -5.73794985E-08 
   24040.0000      -6.71018299E-08 
   24060.0000      -7.29635303E-08 
   24080.0000      -7.46529309E-08 
   24100.0000      -7.25384552E-08 
   24120.0000      -6.70210341E-08 
   24140.0000      -5.85935815E-08 
   24160.0000      -4.79670241E-08 
   24180.0000      -3.59595802E-08 
   24200.0000      -2.35379485E-08 
   24220.0000      -1.15013252E-08 
   24240.0000      -5.60302027E-10 
   24260.0000       8.31794988E-09 
   24280.0000       1.45417589E-08 
   24300.0000       1.76640782E-08 
   24320.0000       1.73945747E-08 
   24340.0000       1.43877985E-08 
   24360.0000       9.47508116E-09 
   24380.0000       3.49794749E-09 
   24400.0000      -1.36615697E-09 
   24420.0000      -3.49405127E-09 
   24440.0000      -2.85865798E-09 
   24460.0000       1.07020404E-09 
   24480.0000       8.11639822E-09 
   24500.0000       1.77084640E-08 
   24520.0000       2.93950606E-08 
   24540.0000       4.23823572E-08 
   24560.0000       5.55488526E-08 
   24580.0000       6.78987320E-08 
   24600.0000       7.85400545E-08 
   24620.0000       8.64789627E-08 
   24640.0000       9.07548596E-08 
   24660.0000       9.05405173E-08 
   24680.0000       8.50957846E-08 
   24700.0000       7.41453903E-08 
   24720.0000       5.78858526E-08 
   24740.0000       3.71918141E-08 
   24760.0000       1.39482141E-08 
   24780.0000      -9.37246813E-09 
   24800.0000      -3.05928332E-08 
   24820.0000      -4.82466653E-08 
   24840.0000      -6.13833961E-08 
   24860.0000      -6.97221481E-08 
   24880.0000      -7.35539274E-08 
   24900.0000      -7.35476746E-08 
   24920.0000      -7.04015690E-08 
   24940.0000      -6.48523724E-08 
   24960.0000      -5.75867567E-08 
   24980.0000      -4.91936412E-08 
   25000.0000      -4.06442808E-08 
   25020.0000      -3.30728440E-08 
   25040.0000      -2.74201195E-08 
   25060.0000      -2.46364547E-08 
   25080.0000      -2.54002401E-08 
   25100.0000      -2.95612015E-08 
   25120.0000      -3.62844652E-08 
   25140.0000      -4.41064181E-08 
   25160.0000      -5.10342311E-08 
   25180.0000      -5.50884742E-08 
   25200.0000      -5.47256569E-08 
   25220.0000      -4.93050187E-08 
   25240.0000      -3.91714607E-08 
   25260.0000      -2.52671839E-08 
   25280.0000      -8.78952644E-09 
   25300.0000       9.25369381E-09 
   25320.0000       2.77849637E-08 
   25340.0000       4.56687097E-08 
   25360.0000       6.18191009E-08 
   25380.0000       7.51311759E-08 
   25400.0000       8.48653201E-08 
   25420.0000       9.04344688E-08 
   25440.0000       9.13710991E-08 
   25460.0000       8.76491058E-08 
   25480.0000       7.95936685E-08 
   25500.0000       6.79687631E-08 
   25520.0000       5.38257048E-08 
   25540.0000       3.84769656E-08 
   25560.0000       2.35262192E-08 
   25580.0000       1.03906501E-08 
   25600.0000      -9.95103236E-11 
   25620.0000      -7.62607399E-09 
   25640.0000      -1.25409514E-08 
   25660.0000      -1.52667390E-08 
   25680.0000      -1.60087996E-08 
   25700.0000      -1.52064548E-08 
   25720.0000      -1.35663525E-08 
   25740.0000      -1.17846151E-08 
   25760.0000      -1.04230464E-08 
   25780.0000      -9.70106750E-09 
   25800.0000      -1.01791189E-08 
   25820.0000      -1.23021167E-08 
   25840.0000      -1.59373617E-08 
   25860.0000      -2.11649098E-08 
   25880.0000      -2.77375829E-08 
   25900.0000      -3.49320608E-08 
   25920.0000      -4.21536761E-08 
   25940.0000      -4.82756555E-08 
   25960.0000      -5.24184998E-08 
   25980.0000      -5.40988871E-08 
   26000.0000      -5.28457669E-08 
   26020.0000      -4.84562861E-08 
   26040.0000      -4.13303560E-08 
   26060.0000      -3.20546434E-08 
   26080.0000      -2.11292299E-08 
   26100.0000      -9.37830613E-09 
   26120.0000       2.52078980E-09 
   26140.0000       1.41383225E-08 
   26160.0000       2.48894310E-08 
   26180.0000       3.40068418E-08 
   26200.0000       4.10171204E-08 
   26220.0000       4.54935503E-08 
   26240.0000       4.71950550E-08 
   26260.0000       4.61990091E-08 
   26280.0000       4.27052989E-08 
   26300.0000       3.74646305E-08 
   26320.0000       3.13779651E-08 
   26340.0000       2.53719890E-08 
   26360.0000       2.03354897E-08 
   26380.0000       1.68318479E-08 
   26400.0000       1.51666928E-08 
   26420.0000       1.50501904E-08 
   26440.0000       1.59509650E-08 
   26460.0000       1.75522086E-08 
   26480.0000       1.95496721E-08 
   26500.0000       2.16214264E-08 
   26520.0000       2.34594921E-08 
   26540.0000       2.42729410E-08 
   26560.0000       2.33587141E-08 
   26580.0000       2.04142072E-08 
   26600.0000       1.50431472E-08 
   26620.0000       7.09244929E-09 
   26640.0000      -3.15640314E-09 
   26660.0000      -1.51453872E-08 
   26680.0000      -2.81241110E-08 
   26700.0000      -4.11264409E-08 
   26720.0000      -5.29665165E-08 
   26740.0000      -6.24088372E-08 
   26760.0000      -6.86635602E-08 
   26780.0000      -7.14781905E-08 
   26800.0000      -7.07384373E-08 
   26820.0000      -6.66308821E-08 
   26840.0000      -5.96458918E-08 
   26860.0000      -5.02623436E-08 
   26880.0000      -3.91179249E-08 
   26900.0000      -2.68410130E-08 
   26920.0000      -1.42783820E-08 
   26940.0000      -2.16786344E-09 
   26960.0000       8.72907879E-09 
   26980.0000       1.74227974E-08 
   27000.0000       2.32291537E-08 
   27020.0000       2.56589541E-08 
   27040.0000       2.48692658E-08 
   27060.0000       2.17603002E-08 
   27080.0000       1.74329511E-08 
   27100.0000       1.32031204E-08 
   27120.0000       1.04412772E-08 
   27140.0000       1.00697513E-08 
   27160.0000       1.25402719E-08 
   27180.0000       1.78871282E-08 
   27200.0000       2.57772186E-08 
   27220.0000       3.57742174E-08 
   27240.0000       4.71761332E-08 
   27260.0000       5.90005129E-08 
   27280.0000       7.03189684E-08 
   27300.0000       8.02512474E-08 
   27320.0000       8.76515500E-08 
   27340.0000       9.13673475E-08 
   27360.0000       9.03374939E-08 
   27380.0000       8.37909013E-08 
   27400.0000       7.15231252E-08 
   27420.0000       5.40063532E-08 
   27440.0000       3.24725704E-08 
   27460.0000       8.64485816E-09 
   27480.0000      -1.54737503E-08 
   27500.0000      -3.80091940E-08 
   27520.0000      -5.73666874E-08 
   27540.0000      -7.23943288E-08 
   27560.0000      -8.24155464E-08 
   27580.0000      -8.74132127E-08 
   27600.0000      -8.79548452E-08 
   27620.0000      -8.46907255E-08 
   27640.0000      -7.82879894E-08 
   27660.0000      -6.94132112E-08 
   27680.0000      -5.89744893E-08 
   27700.0000      -4.79192188E-08 
   27720.0000      -3.72913966E-08 
   27740.0000      -2.82036243E-08 
   27760.0000      -2.15047677E-08 
   27780.0000      -1.78513968E-08 
   27800.0000      -1.72598504E-08 
   27820.0000      -1.91295992E-08 
   27840.0000      -2.24152004E-08 
   27860.0000      -2.57346997E-08 
   27880.0000      -2.78396470E-08 
   27900.0000      -2.78047079E-08 
   27920.0000      -2.51601211E-08 
   27940.0000      -1.97387013E-08 
   27960.0000      -1.15508207E-08 
   27980.0000      -1.17385390E-09 
   28000.0000       1.05219469E-08 
   28020.0000       2.40948257E-08 
   28040.0000       3.79038987E-08 
   28060.0000       5.16736698E-08 
   28080.0000       6.43088356E-08 
   28100.0000       7.49072413E-08 
   28120.0000       8.27456788E-08 
   28140.0000       8.70733743E-08 
   28160.0000       8.73889690E-08 
   28180.0000       8.35626111E-08 
   28200.0000       7.58741905E-08 
   28220.0000       6.51015739E-08 
   28240.0000       5.22367820E-08 
   28260.0000       3.83218968E-08 
   28280.0000       2.43408778E-08 
   28300.0000       1.13042340E-08 
   28320.0000       4.40495036E-11 
   28340.0000      -9.11088627E-09 
   28360.0000      -1.61130149E-08 
   28380.0000      -2.12195719E-08 
   28400.0000      -2.48596876E-08 
   28420.0000      -2.74250258E-08 
   28440.0000      -2.92619777E-08 
   28460.0000      -3.06463228E-08 
   28480.0000      -3.19881082E-08 
   28500.0000      -3.38051613E-08 
   28520.0000      -3.64239661E-08 
   28540.0000      -3.99913915E-08 
   28560.0000      -4.43838992E-08 
   28580.0000      -4.91202847E-08 
   28600.0000      -5.37749258E-08 
   28620.0000      -5.77944270E-08 
   28640.0000      -6.06091888E-08 
   28660.0000      -6.18148235E-08 
   28680.0000      -6.08768502E-08 
   28700.0000      -5.73630068E-08 
   28720.0000      -5.11138971E-08 
   28740.0000      -4.23398383E-08 
   28760.0000      -3.16034026E-08 
   28780.0000      -1.94179197E-08 
   28800.0000      -6.44226361E-09 
   28820.0000       6.50618359E-09 
   28840.0000       1.87168077E-08 
   28860.0000       2.97839851E-08 
   28880.0000       3.92338535E-08 
   28900.0000       4.67590091E-08 
   28920.0000       5.19876728E-08 
   28940.0000       5.46994734E-08 
   28960.0000       5.49864438E-08 
   28980.0000       5.29986046E-08 
   29000.0000       4.91738739E-08 
   29020.0000       4.42927437E-08 
   29040.0000       3.89680963E-08 
   29060.0000       3.36983170E-08 
   29080.0000       2.89092910E-08 
   29100.0000       2.46851695E-08 
   29120.0000       2.11897486E-08 
   29140.0000       1.84378894E-08 
   29160.0000       1.62695741E-08 
   29180.0000       1.44012295E-08 
   29200.0000       1.25242634E-08 
   29220.0000       1.04722515E-08 
   29240.0000       8.03749334E-09 
   29260.0000       5.05944797E-09 
   29280.0000       1.49627011E-09 
   29300.0000      -2.86854518E-09 
   29320.0000      -8.14114731E-09 
   29340.0000      -1.41268153E-08 
   29360.0000      -2.04845438E-08 
   29380.0000      -2.67570410E-08 
   29400.0000      -3.25837135E-08 
   29420.0000      -3.76319171E-08 
   29440.0000      -4.15155874E-08 
   29460.0000      -4.40494539E-08 
   29480.0000      -4.51420483E-08 
   29500.0000      -4.43930155E-08 
   29520.0000      -4.17847268E-08 
   29540.0000      -3.75987632E-08 
   29560.0000      -3.22147464E-08 
   29580.0000      -2.61039332E-08 
   29600.0000      -1.95424743E-08 
   29620.0000      -1.25990853E-08 
   29640.0000      -5.69234926E-09 
   29660.0000       7.99148914E-10 
   29680.0000       6.49773924E-09 
   29700.0000       1.10612071E-08 
   29720.0000       1.45225210E-08 
   29740.0000       1.68394099E-08 
   29760.0000       1.82433695E-08 
   29780.0000       1.90638278E-08 
   29800.0000       1.95539496E-08 
   29820.0000       1.99921004E-08 
   29840.0000       2.04808916E-08 
   29860.0000       2.12975593E-08 
   29880.0000       2.26317312E-08 
   29900.0000       2.43574192E-08 
   29920.0000       2.64037254E-08 
   29940.0000       2.87628890E-08 
   29960.0000       3.12673336E-08 
   29980.0000       3.34759456E-08 
   30000.0000       3.51193989E-08 
   30020.0000       3.58453605E-08 
   30040.0000       3.53444278E-08 
   30060.0000       3.34391430E-08 
   30080.0000       3.01408249E-08 
   30100.0000       2.52419685E-08 
   30120.0000       1.88501517E-08 
   30140.0000       1.11862093E-08 
   30160.0000       2.38694731E-09 
   30180.0000      -6.96320157E-09 
   30200.0000      -1.66236962E-08 
   30220.0000      -2.63055071E-08 
   30240.0000      -3.53920662E-08 
   30260.0000      -4.34870522E-08 
   30280.0000      -5.02452089E-08 
   30300.0000      -5.51466286E-08 
   30320.0000      -5.78777986E-08 
   30340.0000      -5.83927999E-08 
   30360.0000      -5.70399834E-08 
   30380.0000      -5.42540626E-08 
   30400.0000      -5.01193860E-08 
   30420.0000      -4.48255406E-08 
   30440.0000      -3.87664159E-08 
   30460.0000      -3.24467173E-08 
   30480.0000      -2.65057363E-08 
   30500.0000      -2.12976001E-08 
   30520.0000      -1.69616623E-08 
   30540.0000      -1.35150229E-08 
   30560.0000      -1.08238138E-08 
   30580.0000      -8.45516457E-09 
   30600.0000      -5.80903281E-09 
   30620.0000      -2.29731167E-09 
   30640.0000       2.53268229E-09 
   30660.0000       9.08953357E-09 
   30680.0000       1.75732087E-08 
   30700.0000       2.76133463E-08 
   30720.0000       3.85856254E-08 
   30740.0000       4.97284667E-08 
   30760.0000       6.03016659E-08 
   30780.0000       6.96502767E-08 
   30800.0000       7.71515190E-08 
   30820.0000       8.22765216E-08 
   30840.0000       8.45936370E-08 
   30860.0000       8.39026839E-08 
   30880.0000       8.01298299E-08 
   30900.0000       7.34208356E-08 
   30920.0000       6.40600391E-08 
   30940.0000       5.24378443E-08 
   30960.0000       3.91731909E-08 
   30980.0000       2.51747618E-08 
   31000.0000       1.12536567E-08 
   31020.0000      -2.00301487E-09 
   31040.0000      -1.39983287E-08 
   31060.0000      -2.44233718E-08 
   31080.0000      -3.32549632E-08 
   31100.0000      -4.04060216E-08 
   31120.0000      -4.58867895E-08 
   31140.0000      -4.99135631E-08 
   31160.0000      -5.26216546E-08 
   31180.0000      -5.41048770E-08 
   31200.0000      -5.44965815E-08 
   31220.0000      -5.39054490E-08 
   31240.0000      -5.25079003E-08 
   31260.0000      -5.07619973E-08 
   31280.0000      -4.92130994E-08 
   31300.0000      -4.80182365E-08 
   31320.0000      -4.69211905E-08 
   31340.0000      -4.57696530E-08 
   31360.0000      -4.42601618E-08 
   31380.0000      -4.20174864E-08 
   31400.0000      -3.87239716E-08 
   31420.0000      -3.42224347E-08 
   31440.0000      -2.84220238E-08 
   31460.0000      -2.13538698E-08 
   31480.0000      -1.29786910E-08 
   31500.0000      -3.33409145E-09 
   31520.0000       6.93184665E-09 
   31540.0000       1.71841972E-08 
   31560.0000       2.72160161E-08 
   31580.0000       3.64878368E-08 
   31600.0000       4.47189414E-08 
   31620.0000       5.20644541E-08 
   31640.0000       5.73492578E-08 
   31660.0000       6.02567098E-08 
   31680.0000       6.11116207E-08 
   31700.0000       5.97902883E-08 
   31720.0000       5.64768108E-08 
   31740.0000       5.16979064E-08 
   31760.0000       4.57307969E-08 
   31780.0000       3.91180350E-08 
   31800.0000       3.23099236E-08 
   31820.0000       2.54317936E-08 
   31840.0000       1.88080964E-08 
   31860.0000       1.26208377E-08 
   31880.0000       6.90008539E-09 
   31900.0000       1.75501780E-09 
   31920.0000      -2.83325452E-09 
   31940.0000      -6.98541669E-09 
   31960.0000      -1.07282050E-08 
   31980.0000      -1.41691592E-08 
   32000.0000      -1.73292438E-08 
   32020.0000      -2.12822808E-08 
   32040.0000      -2.55006878E-08 
   32060.0000      -3.00280227E-08 
   32080.0000      -3.47956934E-08 
   32100.0000      -3.96699527E-08 
   32120.0000      -4.43829720E-08 
   32140.0000      -4.86692606E-08 
   32160.0000      -5.21857082E-08 
   32180.0000      -5.45498153E-08 
   32200.0000      -5.55115101E-08 
   32220.0000      -5.47756258E-08 
   32240.0000      -5.20610861E-08 
   32260.0000      -4.74464450E-08 
   32280.0000      -4.09279401E-08 
   32300.0000      -3.26513181E-08 
   32320.0000      -2.31508128E-08 
   32340.0000      -1.26451924E-08 
   32360.0000      -1.54110469E-09 
   32380.0000       9.27613364E-09 
   32400.0000       1.99780246E-08 
   32420.0000       3.04381267E-08 
   32440.0000       3.95301889E-08 
   32460.0000       4.71537724E-08 
   32480.0000       5.30798907E-08 
   32500.0000       5.72225751E-08 
   32520.0000       6.00339760E-08 
   32540.0000       6.17798648E-08 
   32560.0000       6.24570262E-08 
   32580.0000       6.22423713E-08 
   32600.0000       6.14133953E-08 
   32620.0000       6.01231491E-08 
   32640.0000       5.85410938E-08 
   32660.0000       5.68039553E-08 
   32680.0000       5.48809176E-08 
   32700.0000       5.26648023E-08 
   32720.0000       4.99277348E-08 
   32740.0000       4.62429988E-08 
   32760.0000       4.14447321E-08 
   32780.0000       3.54305634E-08 
   32800.0000       2.79227574E-08 
   32820.0000       1.85714182E-08 
   32840.0000       7.18275883E-09 
   32860.0000      -6.22707352E-09 
   32880.0000      -2.14721396E-08 
   32900.0000      -3.81039875E-08 
   32920.0000      -5.52684760E-08 
   32940.0000      -7.19683371E-08 
   32960.0000      -8.69535981E-08 
   32980.0000      -9.88477495E-08 
   33000.0000      -1.06671564E-07 
   33020.0000      -1.09747681E-07 
   33040.0000      -1.07790726E-07 
   33060.0000      -1.01264391E-07 
   33080.0000      -9.09628355E-08 
   33100.0000      -7.77007187E-08 
   33120.0000      -6.24527630E-08 
   33140.0000      -4.63030965E-08 
   33160.0000      -3.02623882E-08 
   33180.0000      -1.53270800E-08 
   33200.0000      -2.35166575E-09 
   33220.0000       8.08927769E-09 
   33240.0000       1.56804614E-08 
   33260.0000       2.05416484E-08 
   33280.0000       2.30938877E-08 
   33300.0000       2.40705376E-08 
   33320.0000       2.42618743E-08 
   33340.0000       2.44967779E-08 
   33360.0000       2.54017660E-08 
   33380.0000       2.72327600E-08 
   33400.0000       3.02187679E-08 
   33420.0000       3.43727109E-08 
   33440.0000       3.95474444E-08 
   33460.0000       4.52909710E-08 
   33480.0000       5.10190539E-08 
   33500.0000       5.62863356E-08 
   33520.0000       6.05316828E-08 
   33540.0000       6.32071249E-08 
   33560.0000       6.39867679E-08 
   33580.0000       6.26709209E-08 
   33600.0000       5.90184293E-08 
   33620.0000       5.29241966E-08 
   33640.0000       4.42388561E-08 
   33660.0000       3.32167396E-08 
   33680.0000       2.06039132E-08 
   33700.0000       7.06768688E-09 
   33720.0000      -6.66430422E-09 
   33740.0000      -1.98387298E-08 
   33760.0000      -3.17903321E-08 
   33780.0000      -4.17254284E-08 
   33800.0000      -4.92786789E-08 
   33820.0000      -5.43470549E-08 
   33840.0000      -5.67149065E-08 
   33860.0000      -5.66380614E-08 
   33880.0000      -5.45491154E-08 
   33900.0000      -5.07387483E-08 
   33920.0000      -4.58504239E-08 
   33940.0000      -4.03686506E-08 
   33960.0000      -3.48775728E-08 
   33980.0000      -3.01015284E-08 
   34000.0000      -2.63737920E-08 
   34020.0000      -2.37996645E-08 
   34040.0000      -2.24578027E-08 
   34060.0000      -2.21387726E-08 
   34080.0000      -2.23673524E-08 
   34100.0000      -2.26447696E-08 
   34120.0000      -2.24625865E-08 
   34140.0000      -2.12105888E-08 
   34160.0000      -1.83036679E-08 
   34180.0000      -1.36069263E-08 
   34200.0000      -6.93472657E-09 
   34220.0000       1.60939939E-09 
   34240.0000       1.15493775E-08 
   34260.0000       2.24156835E-08 
   34280.0000       3.35279005E-08 
   34300.0000       4.42211281E-08 
   34320.0000       5.38187699E-08 
   34340.0000       6.16069471E-08 
   34360.0000       6.70884148E-08 
   34380.0000       6.98632974E-08 
   34400.0000       6.98385989E-08 
   34420.0000       6.69133726E-08 
   34440.0000       6.10053590E-08 
   34460.0000       5.25714228E-08 
   34480.0000       4.23460484E-08 
   34500.0000       3.11737836E-08 
   34520.0000       2.00259240E-08 
   34540.0000       9.40297440E-09 
   34560.0000      -2.66332734E-10 
   34580.0000      -8.36301783E-09 
   34600.0000      -1.46665409E-08 
   34620.0000      -1.92023730E-08 
   34640.0000      -2.21255920E-08 
   34660.0000      -2.38354190E-08 
   34680.0000      -2.47752663E-08 
   34700.0000      -2.54137600E-08 
   34720.0000      -2.61557407E-08 
   34740.0000      -2.72509268E-08 
   34760.0000      -2.90256690E-08 
   34780.0000      -3.17328777E-08 
   34800.0000      -3.53742458E-08 
   34820.0000      -3.98200477E-08 
   34840.0000      -4.47856472E-08 
   34860.0000      -4.96770660E-08 
   34880.0000      -5.38049285E-08 
   34900.0000      -5.65076590E-08 
   34920.0000      -5.72521976E-08 
   34940.0000      -5.54659927E-08 
   34960.0000      -5.07640436E-08 
   34980.0000      -4.32777654E-08 
   35000.0000      -3.32790222E-08 
   35020.0000      -2.14258495E-08 
   35040.0000      -8.49423643E-09 
   35060.0000       4.94277774E-09 
   35080.0000       1.82968130E-08 
   35100.0000       3.09716626E-08 
   35120.0000       4.24670361E-08 
   35140.0000       5.21782653E-08 
   35160.0000       5.95650924E-08 
   35180.0000       6.42749498E-08 
   35200.0000       6.60917223E-08 
   35220.0000       6.51379608E-08 
   35240.0000       6.17406570E-08 
   35260.0000       5.64028362E-08 
   35280.0000       4.99712662E-08 
   35300.0000       4.34780283E-08 
   35320.0000       3.76185341E-08 
   35340.0000       3.27370095E-08 
   35360.0000       2.88805477E-08 
   35380.0000       2.60610165E-08 
   35400.0000       2.42277327E-08 
   35420.0000       2.30322730E-08 
   35440.0000       2.21270877E-08 
   35460.0000       2.09564011E-08 
   35480.0000       1.88868778E-08 
   35500.0000       1.54528497E-08 
   35520.0000       1.02725330E-08 
   35540.0000       3.09185100E-09 
   35560.0000      -6.24295859E-09 
   35580.0000      -1.79261779E-08 
   35600.0000      -3.18211271E-08 
   35620.0000      -4.71869299E-08 
   35640.0000      -6.29030268E-08 
   35660.0000      -7.75177682E-08 
   35680.0000      -8.94107757E-08 
   35700.0000      -9.72960734E-08 
   35720.0000      -1.00410794E-07 
   35740.0000      -9.85735724E-08 
   35760.0000      -9.20691363E-08 
   35780.0000      -8.15179462E-08 
   35800.0000      -6.77769521E-08 
   35820.0000      -5.19094385E-08 
   35840.0000      -3.49114622E-08 
   35860.0000      -1.77013231E-08 
   35880.0000      -1.17258026E-09 
   35900.0000       1.38482505E-08 
   35920.0000       2.64763997E-08 
   35940.0000       3.60403654E-08 
   35960.0000       4.22537134E-08 
   35980.0000       4.49956765E-08 
   36000.0000       4.43552324E-08 
   36020.0000       4.19898392E-08 
   36040.0000       3.90810619E-08 
   36060.0000       3.65575552E-08 
   36080.0000       3.53457636E-08 
   36100.0000       3.58006176E-08 
   36120.0000       3.82099294E-08 
   36140.0000       4.24818687E-08 
   36160.0000       4.80120654E-08 
   36180.0000       5.40159135E-08 
   36200.0000       5.96622769E-08 
   36220.0000       6.43089137E-08 
   36240.0000       6.73295588E-08 
   36260.0000       6.80556553E-08 
   36280.0000       6.59214408E-08 
   36300.0000       6.05760491E-08 
   36320.0000       5.19193684E-08 
   36340.0000       4.01151361E-08 
   36360.0000       2.54167549E-08 
   36380.0000       8.44379944E-09 
   36400.0000      -9.69576330E-09 
   36420.0000      -2.76219598E-08 
   36440.0000      -4.38266277E-08 
   36460.0000      -5.69372709E-08 
   36480.0000      -6.60226149E-08 
   36500.0000      -7.09251609E-08 
   36520.0000      -7.19713569E-08 
   36540.0000      -6.96375082E-08 
   36560.0000      -6.45590816E-08 
   36580.0000      -5.73907535E-08 
   36600.0000      -4.89178547E-08 
   36620.0000      -3.98816162E-08 
   36640.0000      -3.10145438E-08 
   36660.0000      -2.31033326E-08 
   36680.0000      -1.66439627E-08 
   36700.0000      -1.17847341E-08 
   36720.0000      -8.64223626E-09 
   36740.0000      -7.25480653E-09 
   36760.0000      -7.48557571E-09 
   36780.0000      -8.73628103E-09 
   36800.0000      -1.02805799E-08 
   36820.0000      -1.15046603E-08 
   36840.0000      -1.18347065E-08 
   36860.0000      -1.07731717E-08 
   36880.0000      -8.10990830E-09 
   36900.0000      -3.76503229E-09 
   36920.0000       2.10275819E-09 
   36940.0000       9.29887189E-09 
   36960.0000       1.74289649E-08 
   36980.0000       2.57764423E-08 
   37000.0000       3.36985870E-08 
   37020.0000       4.06910452E-08 
   37040.0000       4.61876652E-08 
   37060.0000       4.98522752E-08 
   37080.0000       5.14451237E-08 
   37100.0000       5.06501827E-08 
   37120.0000       4.74642015E-08 
   37140.0000       4.20114254E-08 
   37160.0000       3.45866233E-08 
   37180.0000       2.56805208E-08 
   37200.0000       1.61012430E-08 
   37220.0000       6.72418565E-09 
   37240.0000      -1.79062865E-09 
   37260.0000      -8.99667985E-09 
   37280.0000      -1.45248178E-08 
   37300.0000      -1.82979161E-08 
   37320.0000      -2.05124540E-08 
   37340.0000      -2.14120490E-08 
   37360.0000      -2.12912852E-08 
   37380.0000      -2.03845101E-08 
   37400.0000      -1.90681515E-08 
   37420.0000      -1.78490556E-08 
   37440.0000      -1.72135284E-08 
   37460.0000      -1.74928800E-08 
   37480.0000      -1.89231990E-08 
   37500.0000      -2.13720650E-08 
   37520.0000      -2.47736693E-08 
   37540.0000      -2.90451592E-08 
   37560.0000      -3.37139134E-08 
   37580.0000      -3.82340275E-08 
   37600.0000      -4.18473860E-08 
   37620.0000      -4.36120189E-08 
   37640.0000      -4.30608615E-08 
   37660.0000      -4.00047320E-08 
   37680.0000      -3.44465647E-08 
   37700.0000      -2.66177036E-08 
   37720.0000      -1.68972374E-08 
   37740.0000      -5.89114846E-09 
   37760.0000       5.95637895E-09 
   37780.0000       1.81363333E-08 
   37800.0000       2.99857454E-08 
   37820.0000       4.09242809E-08 
   37840.0000       5.02738651E-08 
   37860.0000       5.73395340E-08 
   37880.0000       6.15952445E-08 
   37900.0000       6.26802361E-08 
   37920.0000       6.05715158E-08 
   37940.0000       5.58066624E-08 
   37960.0000       4.92351937E-08 
   37980.0000       4.17399235E-08 
   38000.0000       3.43920057E-08 
   38020.0000       2.80218728E-08 
   38040.0000       2.29491253E-08 
   38060.0000       1.92242311E-08 
   38080.0000       1.69775891E-08 
   38100.0000       1.58052647E-08 
   38120.0000       1.53987223E-08 
   38140.0000       1.54620938E-08 
   38160.0000       1.53362230E-08 
   38180.0000       1.46035468E-08 
   38200.0000       1.25867681E-08 
   38220.0000       8.62779004E-09 
   38240.0000       2.41424414E-09 
   38260.0000      -6.49636789E-09 
   38280.0000      -1.82893700E-08 
   38300.0000      -3.23602656E-08 
   38320.0000      -4.77136837E-08 
   38340.0000      -6.29941326E-08 
   38360.0000      -7.67630937E-08 
   38380.0000      -8.76333743E-08 
   38400.0000      -9.42752578E-08 
   38420.0000      -9.60111848E-08 
   38440.0000      -9.27807164E-08 
   38460.0000      -8.50917772E-08 
   38480.0000      -7.37901260E-08 
   38500.0000      -5.96520167E-08 
   38520.0000      -4.34909744E-08 
   38540.0000      -2.61954156E-08 
   38560.0000      -8.64952554E-09 
   38580.0000       8.21849166E-09 
   38600.0000       2.33385418E-08 
   38620.0000       3.56723291E-08 
   38640.0000       4.43782149E-08 
   38660.0000       4.92148153E-08 
   38680.0000       5.03707902E-08 
   38700.0000       4.83308327E-08 
   38720.0000       4.40959589E-08 
   38740.0000       3.90134183E-08 
   38760.0000       3.44272415E-08 
   38780.0000       3.11849675E-08 
   38800.0000       2.98063689E-08 
   38820.0000       3.05446513E-08 
   38840.0000       3.31448753E-08 
   38860.0000       3.71420157E-08 
   38880.0000       4.19162625E-08 
   38900.0000       4.69166217E-08 
   38920.0000       5.15339913E-08 
   38940.0000       5.50029178E-08 
   38960.0000       5.65626834E-08 
   38980.0000       5.56639463E-08 
   39000.0000       5.17699590E-08 
   39020.0000       4.44326922E-08 
   39040.0000       3.37801573E-08 
   39060.0000       2.01844017E-08 
   39080.0000       4.17390433E-09 
   39100.0000      -1.31197524E-08 
   39120.0000      -3.02952081E-08 
   39140.0000      -4.60994691E-08 
   39160.0000      -5.93941962E-08 
   39180.0000      -6.93614624E-08 
   39200.0000      -7.55155938E-08 
   39220.0000      -7.76160434E-08 
   39240.0000      -7.57447296E-08 
   39260.0000      -7.05171033E-08 
   39280.0000      -6.28017958E-08 
   39300.0000      -5.33422515E-08 
   39320.0000      -4.27909548E-08 
   39340.0000      -3.19135971E-08 
   39360.0000      -2.15026006E-08 
   39380.0000      -1.24309407E-08 
   39400.0000      -5.46332979E-09 
   39420.0000      -9.32080524E-10 
   39440.0000       1.07779208E-09 
   39460.0000       7.43038520E-10 
   39480.0000      -1.17281740E-09 
   39500.0000      -3.66289776E-09 
   39520.0000      -5.99594374E-09 
   39540.0000      -7.44419859E-09 
   39560.0000      -7.04995884E-09 
   39580.0000      -4.35645342E-09 
   39600.0000       7.99024236E-10 
   39620.0000       8.62801031E-09 
   39640.0000       1.79756086E-08 
   39660.0000       2.81847861E-08 
   39680.0000       3.86994614E-08 
   39700.0000       4.85833915E-08 
   39720.0000       5.71162495E-08 
   39740.0000       6.37313775E-08 
   39760.0000       6.76843328E-08 
   39780.0000       6.84768580E-08 
   39800.0000       6.59106902E-08 
   39820.0000       5.98881869E-08 
   39840.0000       5.07813418E-08 
   39860.0000       3.93042789E-08 
   39880.0000       2.62619011E-08 
   39900.0000       1.26491573E-08 
   39920.0000      -4.35348341E-10 
   39940.0000      -1.21668791E-08 
   39960.0000      -2.17480238E-08 
   39980.0000      -2.87773023E-08 

