   0.00000000       5.97294672E-07 
   20.0000000       5.80672065E-07 
   40.0000000       5.32082424E-07 
   60.0000000       4.55885271E-07 
   80.0000000       3.58781421E-07 
   100.000000       2.49116113E-07 
   120.000000       1.35988387E-07 
   140.000000       2.83320745E-08 
   160.000000      -6.59466011E-08 
   180.000000      -1.40701502E-07 
   200.000000      -1.92079852E-07 
   220.000000      -2.18811849E-07 
   240.000000      -2.22255323E-07 
   260.000000      -2.06177390E-07 
   280.000000      -1.76296879E-07 
   300.000000      -1.39625783E-07 
   320.000000      -1.03670857E-07 
   340.000000      -7.55644791E-08 
   360.000000      -6.12304021E-08 
   380.000000      -6.46687752E-08 
   400.000000      -8.74654447E-08 
   420.000000      -1.28570932E-07 
   440.000000      -1.84418766E-07 
   460.000000      -2.49342662E-07 
   480.000000      -3.16192171E-07 
   500.000000      -3.77137866E-07 
   520.000000      -4.24518817E-07 
   540.000000      -4.51667972E-07 
   560.000000      -4.53608408E-07 
   580.000000      -4.27595637E-07 
   600.000000      -3.73403822E-07 
   620.000000      -2.93408306E-07 
   640.000000      -1.92394310E-07 
   660.000000      -7.71491173E-08 
   680.000000       4.41548238E-08 
   700.000000       1.62720028E-07 
   720.000000       2.69968524E-07 
   740.000000       3.58386217E-07 
   760.000000       4.22260769E-07 
   780.000000       4.58241402E-07 
   800.000000       4.65627409E-07 
   820.000000       4.46370791E-07 
   840.000000       4.04792274E-07 
   860.000000       3.47031147E-07 
   880.000000       2.80343670E-07 
   900.000000       2.12294822E-07 
   920.000000       1.49959689E-07 
   940.000000       9.92108653E-08 
   960.000000       6.41534115E-08 
   980.000000       4.67539678E-08 
   1000.00000       4.66848782E-08 
   1020.00000       6.14035258E-08 
   1040.00000       8.64592735E-08 
   1060.00000       1.16004678E-07 
   1080.00000       1.43457370E-07 
   1100.00000       1.62261912E-07 
   1120.00000       1.66653876E-07 
   1140.00000       1.52356918E-07 
   1160.00000       1.17128117E-07 
   1180.00000       6.10736350E-08 
   1200.00000      -1.32978970E-08 
   1220.00000      -1.01294198E-07 
   1240.00000      -1.96506448E-07 
   1260.00000      -2.91463039E-07 
   1280.00000      -3.78378530E-07 
   1300.00000      -4.49923078E-07 
   1320.00000      -4.99946339E-07 
   1340.00000      -5.24058692E-07 
   1360.00000      -5.20048786E-07 
   1380.00000      -4.88098067E-07 
   1400.00000      -4.30759968E-07 
   1420.00000      -3.52722935E-07 
   1440.00000      -2.60362640E-07 
   1460.00000      -1.61135361E-07 
   1480.00000      -6.28438244E-08 
   1500.00000       2.71326162E-08 
   1520.00000       1.02574553E-07 
   1540.00000       1.59038223E-07 
   1560.00000       1.94277533E-07 
   1580.00000       2.08412061E-07 
   1600.00000       2.03834986E-07 
   1620.00000       1.84854386E-07 
   1640.00000       1.57142608E-07 
   1660.00000       1.27047599E-07 
   1680.00000       1.00851416E-07 
   1700.00000       8.40637924E-08 
   1720.00000       8.08067284E-08 
   1740.00000       9.33625728E-08 
   1760.00000       1.21910418E-07 
   1780.00000       1.64480909E-07 
   1800.00000       2.17126541E-07 
   1820.00000       2.74296440E-07 
   1840.00000       3.29399199E-07 
   1860.00000       3.75491936E-07 
   1880.00000       4.06032513E-07 
   1900.00000       4.15621969E-07 
   1920.00000       4.00625964E-07 
   1940.00000       3.59645668E-07 
   1960.00000       2.93722707E-07 
   1980.00000       2.06296619E-07 
   2000.00000       1.02884208E-07 
   2020.00000      -9.44743128E-09 
   2040.00000      -1.22780691E-07 
   2060.00000      -2.29109276E-07 
   2080.00000      -3.21091306E-07 
   2100.00000      -3.92718874E-07 
   2120.00000      -4.39848066E-07 
   2140.00000      -4.60538899E-07 
   2160.00000      -4.55203832E-07 
   2180.00000      -4.26514674E-07 
   2200.00000      -3.79113601E-07 
   2220.00000      -3.19115543E-07 
   2240.00000      -2.53466709E-07 
   2260.00000      -1.89190473E-07 
   2280.00000      -1.32642455E-07 
   2300.00000      -8.88227305E-08 
   2320.00000      -6.08389286E-08 
   2340.00000      -4.95923125E-08 
   2360.00000      -5.37215783E-08 
   2380.00000      -6.98139502E-08 
   2400.00000      -9.28493478E-08 
   2420.00000      -1.16819265E-07 
   2440.00000      -1.35445077E-07 
   2460.00000      -1.42909883E-07 
   2480.00000      -1.34520221E-07 
   2500.00000      -1.07249825E-07 
   2520.00000      -6.01137771E-08 
   2540.00000       5.66440184E-09 
   2560.00000       8.66978311E-08 
   2580.00000       1.77705701E-07 
   2600.00000       2.71981833E-07 
   2620.00000       3.62019307E-07 
   2640.00000       4.40249892E-07 
   2660.00000       4.99808948E-07 
   2680.00000       5.35253264E-07 
   2700.00000       5.43137503E-07 
   2720.00000       5.22386699E-07 
   2740.00000       4.74411650E-07 
   2760.00000       4.02936507E-07 
   2780.00000       3.13625861E-07 
   2800.00000       2.13465412E-07 
   2820.00000       1.10074318E-07 
   2840.00000       1.09568505E-08 
   2860.00000      -7.71957218E-08 
   2880.00000      -1.49099819E-07 
   2900.00000      -2.01317505E-07 
   2920.00000      -2.32512235E-07 
   2940.00000      -2.43496288E-07 
   2960.00000      -2.37070722E-07 
   2980.00000      -2.17678576E-07 
   3000.00000      -1.90877941E-07 
   3020.00000      -1.62695315E-07 
   3040.00000      -1.38922800E-07 
   3060.00000      -1.24440675E-07 
   3080.00000      -1.22647776E-07 
   3100.00000      -1.35065648E-07 
   3120.00000      -1.61157601E-07 
   3140.00000      -1.98392485E-07 
   3160.00000      -2.42534696E-07 
   3180.00000      -2.88127694E-07 
   3200.00000      -3.29108246E-07 
   3220.00000      -3.59459563E-07 
   3240.00000      -3.73875878E-07 
   3260.00000      -3.68323668E-07 
   3280.00000      -3.40492960E-07 
   3300.00000      -2.90063923E-07 
   3320.00000      -2.18793488E-07 
   3340.00000      -1.30402583E-07 
   3360.00000      -3.02775014E-08 
   3380.00000       7.50142561E-08 
   3400.00000       1.78326005E-07 
   3420.00000       2.72608048E-07 
   3440.00000       3.51582486E-07 
   3460.00000       4.10342153E-07 
   3480.00000       4.45801788E-07 
   3500.00000       4.56963903E-07 
   3520.00000       4.44938678E-07 
   3540.00000       4.12769054E-07 
   3560.00000       3.65035561E-07 
   3580.00000       3.07325905E-07 
   3600.00000       2.45639399E-07 
   3620.00000       1.85758978E-07 
   3640.00000       1.32691554E-07 
   3660.00000       9.01994071E-08 
   3680.00000       6.04760189E-08 
   3700.00000       4.39785417E-08 
   3720.00000       3.94353883E-08 
   3740.00000       4.40377477E-08 
   3760.00000       5.37920855E-08 
   3780.00000       6.39999413E-08 
   3800.00000       6.98227041E-08 
   3820.00000       6.68693190E-08 
   3840.00000       5.17355510E-08 
   3860.00000       2.24345662E-08 
   3880.00000      -2.13312568E-08 
   3900.00000      -7.80914675E-08 
   3920.00000      -1.44724922E-07 
   3940.00000      -2.16755026E-07 
   3960.00000      -2.88787277E-07 
   3980.00000      -3.55035667E-07 
   4000.00000      -4.09887093E-07 
   4020.00000      -4.48453193E-07 
   4040.00000      -4.67024648E-07 
   4060.00000      -4.63463579E-07 
   4080.00000      -4.37383648E-07 
   4100.00000      -3.90210033E-07 
   4120.00000      -3.25064121E-07 
   4140.00000      -2.46471984E-07 
   4160.00000      -1.59959868E-07 
   4180.00000      -7.15267632E-08 
   4200.00000       1.29264510E-08 
   4220.00000       8.81556232E-08 
   4240.00000       1.50057986E-07 
   4260.00000       1.96027614E-07 
   4280.00000       2.25144063E-07 
   4300.00000       2.38174749E-07 
   4320.00000       2.37408599E-07 
   4340.00000       2.26324914E-07 
   4360.00000       2.09150087E-07 
   4380.00000       1.90365611E-07 
   4400.00000       1.74193517E-07 
   4420.00000       1.64133823E-07 
   4440.00000       1.62583888E-07 
   4460.00000       1.70574182E-07 
   4480.00000       1.87652560E-07 
   4500.00000       2.11914511E-07 
   4520.00000       2.40193486E-07 
   4540.00000       2.68392739E-07 
   4560.00000       2.91925545E-07 
   4580.00000       3.06227605E-07 
   4600.00000       3.07276849E-07 
   4620.00000       2.92060918E-07 
   4640.00000       2.58955993E-07 
   4660.00000       2.07952070E-07 
   4680.00000       1.40714064E-07 
   4700.00000       6.04699864E-08 
   4720.00000      -2.82639778E-08 
   4740.00000      -1.20086654E-07 
   4760.00000      -2.09192848E-07 
   4780.00000      -2.89893165E-07 
   4800.00000      -3.57118608E-07 
   4820.00000      -4.06867002E-07 
   4840.00000      -4.36536084E-07 
   4860.00000      -4.45150761E-07 
   4880.00000      -4.33420695E-07 
   4900.00000      -4.03635539E-07 
   4920.00000      -3.59434608E-07 
   4940.00000      -3.05419661E-07 
   4960.00000      -2.46679292E-07 
   4980.00000      -1.88269041E-07 
   5000.00000      -1.34690509E-07 
   5020.00000      -8.94478163E-08 
   5040.00000      -5.47203420E-08 
   5060.00000      -3.11949044E-08 
   5080.00000      -1.80630106E-08 
   5100.00000      -1.31813307E-08 
   5120.00000      -1.33693066E-08 
   5140.00000      -1.48098787E-08 
   5160.00000      -1.35141933E-08 
   5180.00000      -5.80132076E-09 
   5200.00000       1.12564775E-08 
   5220.00000       3.94647302E-08 
   5240.00000       7.92561750E-08 
   5260.00000       1.29580158E-07 
   5280.00000       1.87944380E-07 
   5300.00000       2.50612032E-07 
   5320.00000       3.12930695E-07 
   5340.00000       3.69776586E-07 
   5360.00000       4.16059606E-07 
   5380.00000       4.47238534E-07 
   5400.00000       4.59788339E-07 
   5420.00000       4.51569008E-07 
   5440.00000       4.22054285E-07 
   5460.00000       3.72403036E-07 
   5480.00000       3.05360203E-07 
   5500.00000       2.25024181E-07 
   5520.00000       1.36469666E-07 
   5540.00000       4.52957494E-08 
   5560.00000      -4.28724860E-08 
   5580.00000      -1.22873203E-07 
   5600.00000      -1.90452042E-07 
   5620.00000      -2.42607229E-07 
   5640.00000      -2.77814053E-07 
   5660.00000      -2.96108482E-07 
   5680.00000      -2.99014488E-07 
   5700.00000      -2.89321036E-07 
   5720.00000      -2.70732443E-07 
   5740.00000      -2.47438493E-07 
   5760.00000      -2.23633279E-07 
   5780.00000      -2.03052394E-07 
   5800.00000      -1.88561955E-07 
   5820.00000      -1.81863982E-07 
   5840.00000      -1.83327728E-07 
   5860.00000      -1.91975943E-07 
   5880.00000      -2.05603115E-07 
   5900.00000      -2.21041063E-07 
   5920.00000      -2.34510992E-07 
   5940.00000      -2.42052636E-07 
   5960.00000      -2.39970319E-07 
   5980.00000      -2.25268806E-07 
   6000.00000      -1.96023649E-07 
   6020.00000      -1.51628640E-07 
   6040.00000      -9.29353376E-08 
   6060.00000      -2.22256222E-08 
   6080.00000       5.69480498E-08 
   6100.00000       1.40054794E-07 
   6120.00000       2.21973593E-07 
   6140.00000       2.97451692E-07 
   6160.00000       3.61575559E-07 
   6180.00000       4.10219741E-07 
   6200.00000       4.40415363E-07 
   6220.00000       4.50601078E-07 
   6240.00000       4.40757475E-07 
   6260.00000       4.12372941E-07 
   6280.00000       3.68289449E-07 
   6300.00000       3.12419161E-07 
   6320.00000       2.49357186E-07 
   6340.00000       1.83943484E-07 
   6360.00000       1.20803421E-07 
   6380.00000       6.39164597E-08 
   6400.00000       1.62617493E-08 
   6420.00000      -2.04176160E-08 
   6440.00000      -4.57302249E-08 
   6460.00000      -6.06112209E-08 
   6480.00000      -6.71614089E-08 
   6500.00000      -6.83638888E-08 
   6520.00000      -6.77063809E-08 
   6540.00000      -6.87574513E-08 
   6560.00000      -7.47397095E-08 
   6580.00000      -8.81393589E-08 
   6600.00000      -1.10393302E-07 
   6620.00000      -1.41688759E-07 
   6640.00000      -1.80896734E-07 
   6660.00000      -2.25641671E-07 
   6680.00000      -2.72505645E-07 
   6700.00000      -3.17357262E-07 
   6720.00000      -3.55758772E-07 
   6740.00000      -3.83415994E-07 
   6760.00000      -3.96625495E-07 
   6780.00000      -3.92673257E-07 
   6800.00000      -3.70129470E-07 
   6820.00000      -3.29039494E-07 
   6840.00000      -2.70949158E-07 
   6860.00000      -1.98809431E-07 
   6880.00000      -1.16728550E-07 
   6900.00000      -2.96291045E-08 
   6920.00000       5.71785925E-08 
   6940.00000       1.38461118E-07 
   6960.00000       2.09528338E-07 
   6980.00000       2.66642274E-07 
   7000.00000       3.07338013E-07 
   7020.00000       3.30618263E-07 
   7040.00000       3.36991548E-07 
   7060.00000       3.28385312E-07 
   7080.00000       3.07892208E-07 
   7100.00000       2.79415957E-07 
   7120.00000       2.47244031E-07 
   7140.00000       2.15566203E-07 
   7160.00000       1.88026092E-07 
   7180.00000       1.67336793E-07 
   7200.00000       1.55000777E-07 
   7220.00000       1.51168351E-07 
   7240.00000       1.54643857E-07 
   7260.00000       1.63022264E-07 
   7280.00000       1.72956376E-07 
   7300.00000       1.80540553E-07 
   7320.00000       1.81762431E-07 
   7340.00000       1.72975319E-07 
   7360.00000       1.51344182E-07 
   7380.00000       1.15219031E-07 
   7400.00000       6.44006022E-08 
   7420.00000       2.52194099E-10 
   7440.00000      -7.43474118E-08 
   7460.00000      -1.55214792E-07 
   7480.00000      -2.37218131E-07 
   7500.00000      -3.14744028E-07 
   7520.00000      -3.82223476E-07 
   7540.00000      -4.34671762E-07 
   7560.00000      -4.68163080E-07 
   7580.00000      -4.80200242E-07 
   7600.00000      -4.69958394E-07 
   7620.00000      -4.38351606E-07 
   7640.00000      -3.87961848E-07 
   7660.00000      -3.22796268E-07 
   7680.00000      -2.47907167E-07 
   7700.00000      -1.68916642E-07 
   7720.00000      -9.14836065E-08 
   7740.00000      -2.07735749E-08 
   7760.00000       3.90325638E-08 
   7780.00000       8.51235740E-08 
   7800.00000       1.16305500E-07 
   7820.00000       1.33073613E-07 
   7840.00000       1.37495491E-07 
   7860.00000       1.32935142E-07 
   7880.00000       1.23620993E-07 
   7900.00000       1.14127864E-07 
   7920.00000       1.08821581E-07 
   7940.00000       1.11332454E-07 
   7960.00000       1.24115061E-07 
   7980.00000       1.48141126E-07 
   8000.00000       1.82749645E-07 
   8020.00000       2.25678420E-07 
   8040.00000       2.73266522E-07 
   8060.00000       3.20799643E-07 
   8080.00000       3.62963760E-07 
   8100.00000       3.94406356E-07 
   8120.00000       4.10283178E-07 
   8140.00000       4.06824086E-07 
   8160.00000       3.81776118E-07 
   8180.00000       3.34715111E-07 
   8200.00000       2.67175949E-07 
   8220.00000       1.82570872E-07 
   8240.00000       8.59104361E-08 
   8260.00000      -1.66428755E-08 
   8280.00000      -1.18354045E-07 
   8300.00000      -2.12547405E-07 
   8320.00000      -2.93229476E-07 
   8340.00000      -3.55628828E-07 
   8360.00000      -3.96623705E-07 
   8380.00000      -4.14975489E-07 
   8400.00000      -4.11404784E-07 
   8420.00000      -3.88450701E-07 
   8440.00000      -3.50190703E-07 
   8460.00000      -3.01816925E-07 
   8480.00000      -2.49069046E-07 
   8500.00000      -1.97649470E-07 
   8520.00000      -1.52619364E-07 
   8540.00000      -1.17867565E-07 
   8560.00000      -9.57112647E-08 
   8580.00000      -8.66645848E-08 
   8600.00000      -8.94045371E-08 
   8620.00000      -1.00954232E-07 
   8640.00000      -1.17050604E-07 
   8660.00000      -1.32664567E-07 
   8680.00000      -1.42603852E-07 
   8700.00000      -1.42132293E-07 
   8720.00000      -1.27530612E-07 
   8740.00000      -9.65486180E-08 
   8760.00000      -4.86964744E-08 
   8780.00000       1.46437955E-08 
   8800.00000       9.02892054E-08 
   8820.00000       1.73506351E-07 
   8840.00000       2.58422148E-07 
   8860.00000       3.38559346E-07 
   8880.00000       4.07453541E-07 
   8900.00000       4.59284877E-07 
   8920.00000       4.89479817E-07 
   8940.00000       4.95186100E-07 
   8960.00000       4.75592657E-07 
   8980.00000       4.32034966E-07 
   9000.00000       3.67868211E-07 
   9020.00000       2.88130963E-07 
   9040.00000       1.99037686E-07 
   9060.00000       1.07372351E-07 
   9080.00000       1.98173087E-08 
   9100.00000      -5.76764272E-08 
   9120.00000      -1.20431437E-07 
   9140.00000      -1.65450743E-07 
   9160.00000      -1.91651353E-07 
   9180.00000      -1.99902814E-07 
   9200.00000      -1.92874296E-07 
   9220.00000      -1.74700929E-07 
   9240.00000      -1.50512918E-07 
   9260.00000      -1.25853958E-07 
   9280.00000      -1.06055040E-07 
   9300.00000      -9.56142188E-08 
   9320.00000      -9.76645254E-08 
   9340.00000      -1.13589323E-07 
   9360.00000      -1.42832747E-07 
   9380.00000      -1.82933945E-07 
   9400.00000      -2.29776631E-07 
   9420.00000      -2.78023919E-07 
   9440.00000      -3.21698536E-07 
   9460.00000      -3.54829837E-07 
   9480.00000      -3.72098924E-07 
   9500.00000      -3.69427170E-07 
   9520.00000      -3.44415184E-07 
   9540.00000      -2.96649063E-07 
   9560.00000      -2.27787339E-07 
   9580.00000      -1.41463971E-07 
   9600.00000      -4.30078373E-08 
   9620.00000       6.10139637E-08 
   9640.00000       1.63384584E-07 
   9660.00000       2.56906276E-07 
   9680.00000       3.35091272E-07 
   9700.00000       3.92802633E-07 
   9720.00000       4.26748073E-07 
   9740.00000       4.35803088E-07 
   9760.00000       4.21090419E-07 
   9780.00000       3.85832664E-07 
   9800.00000       3.34970593E-07 
   9820.00000       2.74607174E-07 
   9840.00000       2.11344783E-07 
   9860.00000       1.51587585E-07 
   9880.00000       1.00873478E-07 
   9900.00000       6.33227302E-08 
   9920.00000       4.12360386E-08 
   9940.00000       3.48867815E-08 
   9960.00000       4.25196092E-08 
   9980.00000       6.05557418E-08 
   10000.0000       8.39931360E-08 
   10020.0000       1.06966297E-07 
   10040.0000       1.23408768E-07 
   10060.0000       1.27761538E-07 
   10080.0000       1.15654402E-07 
   10100.0000       8.44733563E-08 
   10120.0000       3.37468187E-08 
   10140.0000      -3.47062930E-08 
   10160.0000      -1.16888643E-07 
   10180.0000      -2.06991132E-07 
   10200.0000      -2.97965386E-07 
   10220.0000      -3.82223590E-07 
   10240.0000      -4.52400229E-07 
   10260.0000      -5.02096498E-07 
   10280.0000      -5.26510803E-07 
   10300.0000      -5.22916537E-07 
   10320.0000      -4.90954051E-07 
   10340.0000      -4.32666099E-07 
   10360.0000      -3.52354306E-07 
   10380.0000      -2.56178907E-07 
   10400.0000      -1.51600702E-07 
   10420.0000      -4.66607233E-08 
   10440.0000       5.07923765E-08 
   10460.0000       1.33889984E-07 
   10480.0000       1.97438283E-07 
   10500.0000       2.38434126E-07 
   10520.0000       2.56338467E-07 
   10540.0000       2.53072528E-07 
   10560.0000       2.32721192E-07 
   10580.0000       2.01021379E-07 
   10600.0000       1.64660335E-07 
   10620.0000       1.30485461E-07 
   10640.0000       1.04720066E-07 
   10660.0000       9.22683512E-08 
   10680.0000       9.61682716E-08 
   10700.0000       1.17252256E-07 
   10720.0000       1.54032364E-07 
   10740.0000       2.02829000E-07 
   10760.0000       2.58122412E-07 
   10780.0000       3.13107392E-07 
   10800.0000       3.60406148E-07 
   10820.0000       3.92872778E-07 
   10840.0000       4.04414408E-07 
   10860.0000       3.90714348E-07 
   10880.0000       3.49793197E-07 
   10900.0000       2.82319405E-07 
   10920.0000       1.91615101E-07 
   10940.0000       8.33682563E-08 
   10960.0000      -3.49150042E-08 
   10980.0000      -1.54660682E-07 
   11000.0000      -2.67073744E-07 
   11020.0000      -3.63988420E-07 
   11040.0000      -4.38637784E-07 
   11060.0000      -4.86270665E-07 
   11080.0000      -5.04561058E-07 
   11100.0000      -4.93786899E-07 
   11120.0000      -4.56768106E-07 
   11140.0000      -3.98558001E-07 
   11160.0000      -3.25913703E-07 
   11180.0000      -2.46607925E-07 
   11200.0000      -1.68611123E-07 
   11220.0000      -9.92603617E-08 
   11240.0000      -4.44737616E-08 
   11260.0000      -8.12880341E-09 
   11280.0000       8.33028135E-09 
   11300.0000       6.00533934E-09 
   11320.0000      -1.16404033E-08 
   11340.0000      -3.92432646E-08 
   11360.0000      -7.02048482E-08 
   11380.0000      -9.74793934E-08 
   11400.0000      -1.14392527E-07 
   11420.0000      -1.15402280E-07 
   11440.0000      -9.67349010E-08 
   11460.0000      -5.68233709E-08 
   11480.0000       3.47076279E-09 
   11500.0000       8.08867924E-08 
   11520.0000       1.70031683E-07 
   11540.0000       2.63868429E-07 
   11560.0000       3.54384383E-07 
   11580.0000       4.33389090E-07 
   11600.0000       4.93355856E-07 
   11620.0000       5.28225200E-07 
   11640.0000       5.34065521E-07 
   11660.0000       5.09512404E-07 
   11680.0000       4.55950584E-07 
   11700.0000       3.77365069E-07 
   11720.0000       2.79931271E-07 
   11740.0000       1.71373614E-07 
   11760.0000       6.01850729E-08 
   11780.0000      -4.52133619E-08 
   11800.0000      -1.37280196E-07 
   11820.0000      -2.10045826E-07 
   11840.0000      -2.59638625E-07 
   11860.0000      -2.84589390E-07 
   11880.0000      -2.85911710E-07 
   11900.0000      -2.66933085E-07 
   11920.0000      -2.32906203E-07 
   11940.0000      -1.90418277E-07 
   11960.0000      -1.46659303E-07 
   11980.0000      -1.08612483E-07 
   12000.0000      -8.22708017E-08 
   12020.0000      -7.19534441E-08 
   12040.0000      -7.97724340E-08 
   12060.0000      -1.05395841E-07 
   12080.0000      -1.46074456E-07 
   12100.0000      -1.96949969E-07 
   12120.0000      -2.51598692E-07 
   12140.0000      -3.02752056E-07 
   12160.0000      -3.43100368E-07 
   12180.0000      -3.66093104E-07 
   12200.0000      -3.66648010E-07 
   12220.0000      -3.41708216E-07 
   12240.0000      -2.90605897E-07 
   12260.0000      -2.15176740E-07 
   12280.0000      -1.19661095E-07 
   12300.0000      -1.03516697E-08 
   12320.0000       1.04963995E-07 
   12340.0000       2.17728910E-07 
   12360.0000       3.19439408E-07 
   12380.0000       4.02487643E-07 
   12400.0000       4.60925094E-07 
   12420.0000       4.91073649E-07 
   12440.0000       4.91884919E-07 
   12460.0000       4.65005343E-07 
   12480.0000       4.14559537E-07 
   12500.0000       3.46657771E-07 
   12520.0000       2.68700774E-07 
   12540.0000       1.88584096E-07 
   12560.0000       1.13874350E-07 
   12580.0000       5.10499447E-08 
   12600.0000       4.87264051E-09 
   12620.0000      -2.20538574E-08 
   12640.0000      -2.95021856E-08 
   12660.0000      -1.96022896E-08 
   12680.0000       3.41701201E-09 
   12700.0000       3.37055219E-08 
   12720.0000       6.44499139E-08 
   12740.0000       8.86534792E-08 
   12760.0000       9.99566225E-08 
   12780.0000       9.34111952E-08 
   12800.0000       6.61020536E-08 
   12820.0000       1.75466148E-08 
   12840.0000      -5.01782935E-08 
   12860.0000      -1.32608179E-07 
   12880.0000      -2.23331298E-07 
   12900.0000      -3.14646400E-07 
   12920.0000      -3.98361351E-07 
   12940.0000      -4.66618474E-07 
   12960.0000      -5.12701547E-07 
   12980.0000      -5.31681621E-07 
   13000.0000      -5.20932758E-07 
   13020.0000      -4.80380891E-07 
   13040.0000      -4.12548445E-07 
   13060.0000      -3.22336092E-07 
   13080.0000      -2.16593307E-07 
   13100.0000      -1.03477142E-07 
   13120.0000       8.33446112E-09 
   13140.0000       1.10502278E-07 
   13160.0000       1.95859869E-07 
   13180.0000       2.59132833E-07 
   13200.0000       2.97453511E-07 
   13220.0000       3.10603923E-07 
   13240.0000       3.00954355E-07 
   13260.0000       2.73112647E-07 
   13280.0000       2.33332628E-07 
   13300.0000       1.88759827E-07 
   13320.0000       1.46602787E-07 
   13340.0000       1.13332263E-07 
   13360.0000       9.39818463E-08 
   13380.0000       9.16176361E-08 
   13400.0000       1.07016398E-07 
   13420.0000       1.38579324E-07 
   13440.0000       1.82481557E-07 
   13460.0000       2.33061627E-07 
   13480.0000       2.83411737E-07 
   13500.0000       3.26122006E-07 
   13520.0000       3.54111222E-07 
   13540.0000       3.61438254E-07 
   13560.0000       3.44015916E-07 
   13580.0000       3.00148145E-07 
   13600.0000       2.30782859E-07 
   13620.0000       1.39485451E-07 
   13640.0000       3.21118954E-08 
   13660.0000      -8.37805132E-08 
   13680.0000      -1.99686113E-07 
   13700.0000      -3.06986408E-07 
   13720.0000      -3.97782514E-07 
   13740.0000      -4.65629171E-07 
   13760.0000      -5.06121353E-07 
   13780.0000      -5.17262379E-07 
   13800.0000      -4.99626196E-07 
   13820.0000      -4.56251342E-07 
   13840.0000      -3.92341377E-07 
   13860.0000      -3.14705574E-07 
   13880.0000      -2.31084826E-07 
   13900.0000      -1.49340252E-07 
   13920.0000      -7.66345991E-08 
   13940.0000      -1.86777935E-08 
   13960.0000       2.08607940E-08 
   13980.0000       4.07003995E-08 
   14000.0000       4.20180868E-08 
   14020.0000       2.82388655E-08 
   14040.0000       4.56981564E-09 
   14060.0000      -2.26542500E-08 
   14080.0000      -4.67321932E-08 
   14100.0000      -6.13764470E-08 
   14120.0000      -6.14359195E-08 
   14140.0000      -4.34754988E-08 
   14160.0000      -6.17319884E-09 
   14180.0000       4.94965740E-08 
   14200.0000       1.20314326E-07 
   14220.0000       2.01085200E-07 
   14240.0000       2.85121502E-07 
   14260.0000       3.64896863E-07 
   14280.0000       4.32799112E-07 
   14300.0000       4.81929646E-07 
   14320.0000       5.06857532E-07 
   14340.0000       5.04204763E-07 
   14360.0000       4.73032912E-07 
   14380.0000       4.14960567E-07 
   14400.0000       3.34002749E-07 
   14420.0000       2.36163373E-07 
   14440.0000       1.28821782E-07 
   14460.0000       1.99874570E-08 
   14480.0000      -8.24746493E-08 
   14500.0000      -1.71580993E-07 
   14520.0000      -2.41853115E-07 
   14540.0000      -2.89778853E-07 
   14560.0000      -3.14088112E-07 
   14580.0000      -3.15803078E-07 
   14600.0000      -2.98072820E-07 
   14620.0000      -2.65798462E-07 
   14640.0000      -2.25078949E-07 
   14660.0000      -1.82523749E-07 
   14680.0000      -1.44515056E-07 
   14700.0000      -1.16478830E-07 
   14720.0000      -1.02280168E-07 
   14740.0000      -1.03786974E-07 
   14760.0000      -1.20666272E-07 
   14780.0000      -1.50439575E-07 
   14800.0000      -1.88785322E-07 
   14820.0000      -2.30035866E-07 
   14840.0000      -2.67829279E-07 
   14860.0000      -2.95812953E-07 
   14880.0000      -3.08350479E-07 
   14900.0000      -3.01132104E-07 
   14920.0000      -2.71666607E-07 
   14940.0000      -2.19578567E-07 
   14960.0000      -1.46707933E-07 
   14980.0000      -5.69880676E-08 
   15000.0000       4.38719141E-08 
   15020.0000       1.48894699E-07 
   15040.0000       2.50481889E-07 
   15060.0000       3.41141600E-07 
   15080.0000       4.14228907E-07 
   15100.0000       4.64593910E-07 
   15120.0000       4.89107151E-07 
   15140.0000       4.86941587E-07 
   15160.0000       4.59606440E-07 
   15180.0000       4.10748811E-07 
   15200.0000       3.45721247E-07 
   15220.0000       2.70991677E-07 
   15240.0000       1.93476254E-07 
   15260.0000       1.19827618E-07 
   15280.0000       5.57832216E-08 
   15300.0000       5.63398483E-09 
   15320.0000      -2.81483334E-08 
   15340.0000      -4.51061375E-08 
   15360.0000      -4.67896797E-08 
   15380.0000      -3.65485349E-08 
   15400.0000      -1.91357206E-08 
   15420.0000      -1.54144406E-10 
   15440.0000       1.46026986E-08 
   15460.0000       1.98418864E-08 
   15480.0000       1.14181526E-08 
   15500.0000      -1.31415918E-08 
   15520.0000      -5.43067316E-08 
   15540.0000      -1.10440965E-07 
   15560.0000      -1.77932449E-07 
   15580.0000      -2.51548812E-07 
   15600.0000      -3.24963821E-07 
   15620.0000      -3.91401841E-07 
   15640.0000      -4.44321472E-07 
   15660.0000      -4.78093966E-07 
   15680.0000      -4.88537296E-07 
   15700.0000      -4.73354504E-07 
   15720.0000      -4.32390237E-07 
   15740.0000      -3.67672357E-07 
   15760.0000      -2.83269031E-07 
   15780.0000      -1.84927060E-07 
   15800.0000      -7.95513273E-08 
   15820.0000       2.54475623E-08 
   15840.0000       1.22867434E-07 
   15860.0000       2.06417639E-07 
   15880.0000       2.71324666E-07 
   15900.0000       3.14764691E-07 
   15920.0000       3.36083048E-07 
   15940.0000       3.36762213E-07 
   15960.0000       3.20161433E-07 
   15980.0000       2.91072553E-07 
   16000.0000       2.55115935E-07 
   16020.0000       2.18098748E-07 
   16040.0000       1.85374262E-07 
   16060.0000       1.61285271E-07 
   16080.0000       1.48703165E-07 
   16100.0000       1.48739360E-07 
   16120.0000       1.60641065E-07 
   16140.0000       1.81885085E-07 
   16160.0000       2.08460790E-07 
   16180.0000       2.35313635E-07 
   16200.0000       2.56924210E-07 
   16220.0000       2.67941004E-07 
   16240.0000       2.63829151E-07 
   16260.0000       2.41425596E-07 
   16280.0000       1.99354275E-07 
   16300.0000       1.38238633E-07 
   16320.0000       6.06901835E-08 
   16340.0000      -2.89226900E-08 
   16360.0000      -1.24891415E-07 
   16380.0000      -2.20717411E-07 
   16400.0000      -3.09725806E-07 
   16420.0000      -3.85672763E-07 
   16440.0000      -4.43330748E-07 
   16460.0000      -4.78963216E-07 
   16480.0000      -4.90623506E-07 
   16500.0000      -4.78325774E-07 
   16520.0000      -4.44007242E-07 
   16540.0000      -3.91320725E-07 
   16560.0000      -3.25268076E-07 
   16580.0000      -2.51696349E-07 
   16600.0000      -1.76694641E-07 
   16620.0000      -1.05988519E-07 
   16640.0000      -4.43713155E-08 
   16660.0000       4.74908912E-09 
   16680.0000       3.96368556E-08 
   16700.0000       6.03192092E-08 
   16720.0000       6.84791388E-08 
   16740.0000       6.71731186E-08 
   16760.0000       6.04170651E-08 
   16780.0000       5.26853654E-08 
   16800.0000       4.83747478E-08 
   16820.0000       5.12915506E-08 
   16840.0000       6.42145039E-08 
   16860.0000       8.85670701E-08 
   16880.0000       1.24231548E-07 
   16900.0000       1.69520391E-07 
   16920.0000       2.21316384E-07 
   16940.0000       2.75363618E-07 
   16960.0000       3.26689531E-07 
   16980.0000       3.70112105E-07 
   17000.0000       4.00782000E-07 
   17020.0000       4.14701361E-07 
   17040.0000       4.09149749E-07 
   17060.0000       3.82994585E-07 
   17080.0000       3.36829743E-07 
   17100.0000       2.72930038E-07 
   17120.0000       1.95054895E-07 
   17140.0000       1.08088550E-07 
   17160.0000       1.75974630E-08 
   17180.0000      -7.06774443E-08 
   17200.0000      -1.51324258E-07 
   17220.0000      -2.19728406E-07 
   17240.0000      -2.72457385E-07 
   17260.0000      -3.07541484E-07 
   17280.0000      -3.24595391E-07 
   17300.0000      -3.24805740E-07 
   17320.0000      -3.10750124E-07 
   17340.0000      -2.86081018E-07 
   17360.0000      -2.55115197E-07 
   17380.0000      -2.22349740E-07 
   17400.0000      -1.91972845E-07 
   17420.0000      -1.67409766E-07 
   17440.0000      -1.50964354E-07 
   17460.0000      -1.43598001E-07 
   17480.0000      -1.44857140E-07 
   17500.0000      -1.52956204E-07 
   17520.0000      -1.65005986E-07 
   17540.0000      -1.77353328E-07 
   17560.0000      -1.85998559E-07 
   17580.0000      -1.87051967E-07 
   17600.0000      -1.77182457E-07 
   17620.0000      -1.54013392E-07 
   17640.0000      -1.16428645E-07 
   17660.0000      -6.47532090E-08 
   17680.0000      -7.78315024E-10 
   17700.0000       7.23513764E-08 
   17720.0000       1.50389184E-07 
   17740.0000       2.28351482E-07 
   17760.0000       3.00969759E-07 
   17780.0000       3.63176042E-07 
   17800.0000       4.10584278E-07 
   17820.0000       4.39892290E-07 
   17840.0000       4.49188036E-07 
   17860.0000       4.38119287E-07 
   17880.0000       4.07910164E-07 
   17900.0000       3.61216735E-07 
   17920.0000       3.01866720E-07 
   17940.0000       2.34478179E-07 
   17960.0000       1.64025110E-07 
   17980.0000       9.53697352E-08 
   18000.0000       3.28212124E-08 
   18020.0000      -2.02410622E-08 
   18040.0000      -6.16543758E-08 
   18060.0000      -9.06359432E-08 
   18080.0000      -1.07795572E-07 
   18100.0000      -1.15011716E-07 
   18120.0000      -1.15169215E-07 
   18140.0000      -1.11792062E-07 
   18160.0000      -1.08611481E-07 
   18180.0000      -1.09118517E-07 
   18200.0000      -1.16146346E-07 
   18220.0000      -1.31518703E-07 
   18240.0000      -1.55815783E-07 
   18260.0000      -1.88274242E-07 
   18280.0000      -2.26835695E-07 
   18300.0000      -2.68329558E-07 
   18320.0000      -3.08783370E-07 
   18340.0000      -3.43817533E-07 
   18360.0000      -3.69087815E-07 
   18380.0000      -3.80744751E-07 
   18400.0000      -3.75839761E-07 
   18420.0000      -3.52662795E-07 
   18440.0000      -3.10960417E-07 
   18460.0000      -2.52016463E-07 
   18480.0000      -1.78568058E-07 
   18500.0000      -9.46003667E-08 
   18520.0000      -5.00424058E-09 
   18540.0000       8.48470734E-08 
   18560.0000       1.69566817E-07 
   18580.0000       2.44238663E-07 
   18600.0000       3.04843780E-07 
   18620.0000       3.48597780E-07 
   18640.0000       3.74157480E-07 
   18660.0000       3.81696566E-07 
   18680.0000       3.72813474E-07 
   18700.0000       3.50334744E-07 
   18720.0000       3.17977111E-07 
   18740.0000       2.79949944E-07 
   18760.0000       2.40509110E-07 
   18780.0000       2.03509572E-07 
   18800.0000       1.72021146E-07 
   18820.0000       1.48026885E-07 
   18840.0000       1.32245248E-07 
   18860.0000       1.24092452E-07 
   18880.0000       1.21789469E-07 
   18900.0000       1.22594813E-07 
   18920.0000       1.23142229E-07 
   18940.0000       1.19850327E-07 
   18960.0000       1.09363803E-07 
   18980.0000       8.89619471E-08 
   19000.0000       5.69119649E-08 
   19020.0000       1.27193740E-08 
   19040.0000      -4.27451390E-08 
   19060.0000      -1.07260448E-07 
   19080.0000      -1.77410755E-07 
   19100.0000      -2.48875295E-07 
   19120.0000      -3.16811878E-07 
   19140.0000      -3.76305053E-07 
   19160.0000      -4.22830766E-07 
   19180.0000      -4.52690557E-07 
   19200.0000      -4.63359441E-07 
   19220.0000      -4.53746651E-07 
   19240.0000      -4.24295422E-07 
   19260.0000      -3.76952244E-07 
   19280.0000      -3.14978706E-07 
   19300.0000      -2.42661571E-07 
   19320.0000      -1.64898552E-07 
   19340.0000      -8.67629240E-08 
   19360.0000      -1.30498767E-08 
   19380.0000       5.21512469E-08 
   19400.0000       1.05807793E-07 
   19420.0000       1.46182529E-07 
   19440.0000       1.72940034E-07 
   19460.0000       1.87109833E-07 
   19480.0000       1.90906874E-07 
   19500.0000       1.87438530E-07 
   19520.0000       1.80313947E-07 
   19540.0000       1.73203404E-07 
   19560.0000       1.69399655E-07 
   19580.0000       1.71426933E-07 
   19600.0000       1.80739136E-07 
   19620.0000       1.97547394E-07 
   19640.0000       2.20778148E-07 
   19660.0000       2.48175581E-07 
   19680.0000       2.76531097E-07 
   19700.0000       3.02016161E-07 
   19720.0000       3.20583638E-07 
   19740.0000       3.28403331E-07 
   19760.0000       3.22304174E-07 
   19780.0000       3.00140726E-07 
   19800.0000       2.61078981E-07 
   19820.0000       2.05750965E-07 
   19840.0000       1.36272362E-07 
   19860.0000       5.60976652E-08 
   19880.0000      -3.02573078E-08 
   19900.0000      -1.17612721E-07 
   19920.0000      -2.00591174E-07 
   19940.0000      -2.74107521E-07 
   19960.0000      -3.33823181E-07 
   19980.0000      -3.76516482E-07 
   20000.0000      -4.00366531E-07 
   20020.0000      -4.05073393E-07 
   20040.0000      -3.91850335E-07 
   20060.0000      -3.63297914E-07 
   20080.0000      -3.23099187E-07 
   20100.0000      -2.75637831E-07 
   20120.0000      -2.25555425E-07 
   20140.0000      -1.77287347E-07 
   20160.0000      -1.34626930E-07 
   20180.0000      -1.00354761E-07 
   20200.0000      -7.59659216E-08 
   20220.0000      -6.15388487E-08 
   20240.0000      -5.57594326E-08 
   20260.0000      -5.61040210E-08 
   20280.0000      -5.91646909E-08 
   20300.0000      -6.10695849E-08 
   20320.0000      -5.79562567E-08 
   20340.0000      -4.64405012E-08 
   20360.0000      -2.40359874E-08 
   20380.0000       1.05186260E-08 
   20400.0000       5.70694603E-08 
   20420.0000       1.13997963E-07 
   20440.0000       1.78312305E-07 
   20460.0000       2.45887236E-07 
   20480.0000       3.11821680E-07 
   20500.0000       3.70880315E-07 
   20520.0000       4.17985035E-07 
   20540.0000       4.48714786E-07 
   20560.0000       4.59768586E-07 
   20580.0000       4.49323920E-07 
   20600.0000       4.17267955E-07 
   20620.0000       3.65240993E-07 
   20640.0000       2.96520739E-07 
   20660.0000       2.15724441E-07 
   20680.0000       1.28372761E-07 
   20700.0000       4.03715887E-08 
   20720.0000      -4.25425810E-08 
   20740.0000      -1.15331950E-07 
   20760.0000      -1.74105722E-07 
   20780.0000      -2.16447603E-07 
   20800.0000      -2.41589930E-07 
   20820.0000      -2.50434312E-07 
   20840.0000      -2.45404181E-07 
   20860.0000      -2.30148103E-07 
   20880.0000      -2.09122575E-07 
   20900.0000      -1.87083856E-07 
   20920.0000      -1.68557733E-07 
   20940.0000      -1.57318851E-07 
   20960.0000      -1.55941962E-07 
   20980.0000      -1.65481680E-07 
   21000.0000      -1.85317063E-07 
   21020.0000      -2.13185899E-07 
   21040.0000      -2.45416516E-07 
   21060.0000      -2.77330486E-07 
   21080.0000      -3.03766996E-07 
   21100.0000      -3.19660046E-07 
   21120.0000      -3.20605238E-07 
   21140.0000      -3.03357012E-07 
   21160.0000      -2.66217540E-07 
   21180.0000      -2.09281055E-07 
   21200.0000      -1.34500127E-07 
   21220.0000      -4.55769182E-08 
   21240.0000       5.23219406E-08 
   21260.0000       1.52993408E-07 
   21280.0000       2.49740623E-07 
   21300.0000       3.35987494E-07 
   21320.0000       4.05890034E-07 
   21340.0000       4.54900317E-07 
   21360.0000       4.80225367E-07 
   21380.0000       4.81080519E-07 
   21400.0000       4.58768596E-07 
   21420.0000       4.16502985E-07 
   21440.0000       3.59046624E-07 
   21460.0000       2.92193420E-07 
   21480.0000       2.22152607E-07 
   21500.0000       1.54917657E-07 
   21520.0000       9.56696553E-08 
   21540.0000       4.82811977E-08 
   21560.0000       1.49690322E-08 
   21580.0000      -3.87622467E-09 
   21600.0000      -9.67807967E-09 
   21620.0000      -5.46342971E-09 
   21640.0000       4.50962867E-09 
   21660.0000       1.52469237E-08 
   21680.0000       2.16106528E-08 
   21700.0000       1.89406428E-08 
   21720.0000       3.63367292E-09 
   21740.0000      -2.63791691E-08 
   21760.0000      -7.13218711E-08 
   21780.0000      -1.29469100E-07 
   21800.0000      -1.97269088E-07 
   21820.0000      -2.69676320E-07 
   21840.0000      -3.40663945E-07 
   21860.0000      -4.03840630E-07 
   21880.0000      -4.53104462E-07 
   21900.0000      -4.83272458E-07 
   21920.0000      -4.90600883E-07 
   21940.0000      -4.73168001E-07 
   21960.0000      -4.31086278E-07 
   21980.0000      -3.66529406E-07 
   22000.0000      -2.83557256E-07 
   22020.0000      -1.87766886E-07 
   22040.0000      -8.57856293E-08 
   22060.0000       1.53413318E-08 
   22080.0000       1.08812849E-07 
   22100.0000       1.88717252E-07 
   22120.0000       2.50583497E-07 
   22140.0000       2.91801342E-07 
   22160.0000       3.11832480E-07 
   22180.0000       3.12198097E-07 
   22200.0000       2.96246753E-07 
   22220.0000       2.68710750E-07 
   22240.0000       2.35138174E-07 
   22260.0000       2.01241647E-07 
   22280.0000       1.72260513E-07 
   22300.0000       1.52392431E-07 
   22320.0000       1.44349016E-07 
   22340.0000       1.49071312E-07 
   22360.0000       1.65631931E-07 
   22380.0000       1.91334209E-07 
   22400.0000       2.21995521E-07 
   22420.0000       2.52407801E-07 
   22440.0000       2.76907258E-07 
   22460.0000       2.90001651E-07 
   22480.0000       2.87016093E-07 
   22500.0000       2.64668245E-07 
   22520.0000       2.21511854E-07 
   22540.0000       1.58187092E-07 
   22560.0000       7.74314088E-08 
   22580.0000      -1.61345337E-08 
   22600.0000      -1.16429931E-07 
   22620.0000      -2.16503210E-07 
   22640.0000      -3.09202647E-07 
   22660.0000      -3.87862741E-07 
   22680.0000      -4.46926464E-07 
   22700.0000      -4.82459711E-07 
   22720.0000      -4.92507070E-07 
   22740.0000      -4.77261494E-07 
   22760.0000      -4.39021335E-07 
   22780.0000      -3.81955601E-07 
   22800.0000      -3.11698784E-07 
   22820.0000      -2.34784437E-07 
   22840.0000      -1.57995132E-07 
   22860.0000      -8.76678001E-08 
   22880.0000      -2.90421251E-08 
   22900.0000       1.42702472E-08 
   22920.0000       4.06440464E-08 
   22940.0000       5.05721829E-08 
   22960.0000       4.65581778E-08 
   22980.0000       3.27761676E-08 
   23000.0000       1.45402295E-08 
   23020.0000      -2.34960718E-09 
   23040.0000      -1.22964536E-08 
   23060.0000      -1.05585736E-08 
   23080.0000       6.19541396E-09 
   23100.0000       3.94879187E-08 
   23120.0000       8.88214302E-08 
   23140.0000       1.51658796E-07 
   23160.0000       2.23605298E-07 
   23180.0000       2.98793736E-07 
   23200.0000       3.70429319E-07 
   23220.0000       4.31471904E-07 
   23240.0000       4.75372246E-07 
   23260.0000       4.96773566E-07 
   23280.0000       4.92123036E-07 
   23300.0000       4.60096658E-07 
   23320.0000       4.01803618E-07 
   23340.0000       3.20726116E-07 
   23360.0000       2.22380223E-07 
   23380.0000       1.13774703E-07 
   23400.0000       2.72432854E-09 
   23420.0000      -1.02911052E-07 
   23440.0000      -1.95965185E-07 
   23460.0000      -2.70619040E-07 
   23480.0000      -3.22915184E-07 
   23500.0000      -3.51079137E-07 
   23520.0000      -3.55636729E-07 
   23540.0000      -3.39326277E-07 
   23560.0000      -3.06776116E-07 
   23580.0000      -2.63983708E-07 
   23600.0000      -2.17674881E-07 
   23620.0000      -1.74531053E-07 
   23640.0000      -1.40458866E-07 
   23660.0000      -1.19918539E-07 
   23680.0000      -1.15384942E-07 
   23700.0000      -1.27053667E-07 
   23720.0000      -1.52823020E-07 
   23740.0000      -1.88533704E-07 
   23760.0000      -2.28445501E-07 
   23780.0000      -2.65903992E-07 
   23800.0000      -2.94088295E-07 
   23820.0000      -3.06787200E-07 
   23840.0000      -2.99093927E-07 
   23860.0000      -2.67970677E-07 
   23880.0000      -2.12624840E-07 
   23900.0000      -1.34672646E-07 
   23920.0000      -3.80663536E-08 
   23940.0000       7.12024786E-08 
   23960.0000       1.85617097E-07 
   23980.0000       2.96821668E-07 
   24000.0000       3.96409291E-07 
   24020.0000       4.76751978E-07 
   24040.0000       5.31806222E-07 
   24060.0000       5.57727674E-07 
   24080.0000       5.53240739E-07 
   24100.0000       5.19761102E-07 
   24120.0000       4.61213745E-07 
   24140.0000       3.83576833E-07 
   24160.0000       2.94241687E-07 
   24180.0000       2.01214448E-07 
   24200.0000       1.12295474E-07 
   24220.0000       3.43056392E-08 
   24240.0000      -2.75497207E-08 
   24260.0000      -7.01383485E-08 
   24280.0000      -9.26465091E-08 
   24300.0000      -9.65829514E-08 
   24320.0000      -8.55565503E-08 
   24340.0000      -6.48367759E-08 
   24360.0000      -4.07338199E-08 
   24380.0000      -1.98696668E-08 
   24400.0000      -8.38709369E-09 
   24420.0000      -1.11775584E-08 
   24440.0000      -3.12987858E-08 
   24460.0000      -6.95793219E-08 
   24480.0000      -1.24454090E-07 
   24500.0000      -1.92109070E-07 
   24520.0000      -2.66871098E-07 
   24540.0000      -3.41803229E-07 
   24560.0000      -4.09453747E-07 
   24580.0000      -4.62645801E-07 
   24600.0000      -4.95213555E-07 
   24620.0000      -5.02642649E-07 
   24640.0000      -4.82531732E-07 
   24660.0000      -4.34851074E-07 
   24680.0000      -3.61977385E-07 
   24700.0000      -2.68506767E-07 
   24720.0000      -1.60854881E-07 
   24740.0000      -4.66639172E-08 
   24760.0000       6.59186767E-08 
   24780.0000       1.69032944E-07 
   24800.0000       2.55871186E-07 
   24820.0000       3.21325558E-07 
   24840.0000       3.62469848E-07 
   24860.0000       3.78782062E-07 
   24880.0000       3.72117114E-07 
   24900.0000       3.46412321E-07 
   24920.0000       3.07172655E-07 
   24940.0000       2.60811674E-07 
   24960.0000       2.13915229E-07 
   24980.0000       1.72522974E-07 
   25000.0000       1.41489451E-07 
   25020.0000       1.23987121E-07 
   25040.0000       1.21209325E-07 
   25060.0000       1.32280462E-07 
   25080.0000       1.54373893E-07 
   25100.0000       1.83030934E-07 
   25120.0000       2.12668155E-07 
   25140.0000       2.37203139E-07 
   25160.0000       2.50749650E-07 
   25180.0000       2.48321186E-07 
   25200.0000       2.26450481E-07 
   25220.0000       1.83639727E-07 
   25240.0000       1.20597363E-07 
   25260.0000       4.02179090E-08 
   25280.0000      -5.26676303E-08 
   25300.0000      -1.51761242E-07 
   25320.0000      -2.49914109E-07 
   25340.0000      -3.39827949E-07 
   25360.0000      -4.14763321E-07 
   25380.0000      -4.69180492E-07 
   25400.0000      -4.99253701E-07 
   25420.0000      -5.03190392E-07 
   25440.0000      -4.81391965E-07 
   25460.0000      -4.36393094E-07 
   25480.0000      -3.72608042E-07 
   25500.0000      -2.95900350E-07 
   25520.0000      -2.13002750E-07 
   25540.0000      -1.30845521E-07 
   25560.0000      -5.58509079E-08 
   25580.0000       6.72113920E-09 
   25600.0000       5.32962225E-08 
   25620.0000       8.23124395E-08 
   25640.0000       9.43230845E-08 
   25660.0000       9.18562719E-08 
   25680.0000       7.90646055E-08 
   25700.0000       6.11990671E-08 
   25720.0000       4.39656560E-08 
   25740.0000       3.28426637E-08 
   25760.0000       3.24435625E-08 
   25780.0000       4.59922234E-08 
   25800.0000       7.49415108E-08 
   25820.0000       1.18765563E-07 
   25840.0000       1.74965791E-07 
   25860.0000       2.39275522E-07 
   25880.0000       3.06041187E-07 
   25900.0000       3.68771424E-07 
   25920.0000       4.20795885E-07 
   25940.0000       4.55965989E-07 
   25960.0000       4.69339682E-07 
   25980.0000       4.57740896E-07 
   26000.0000       4.20158102E-07 
   26020.0000       3.57902309E-07 
   26040.0000       2.74520744E-07 
   26060.0000       1.75450268E-07 
   26080.0000       6.75005012E-08 
   26100.0000      -4.18097592E-08 
   26120.0000      -1.44972319E-07 
   26140.0000      -2.35181886E-07 
   26160.0000      -3.06948550E-07 
   26180.0000      -3.56582461E-07 
   26200.0000      -3.82498826E-07 
   26220.0000      -3.85305668E-07 
   26240.0000      -3.67698078E-07 
   26260.0000      -3.34138235E-07 
   26280.0000      -2.90362010E-07 
   26300.0000      -2.42752094E-07 
   26320.0000      -1.97625397E-07 
   26340.0000      -1.60526085E-07 
   26360.0000      -1.35603727E-07 
   26380.0000      -1.25137021E-07 
   26400.0000      -1.29289035E-07 
   26420.0000      -1.46102522E-07 
   26440.0000      -1.71754223E-07 
   26460.0000      -2.01010323E-07 
   26480.0000      -2.27828494E-07 
   26500.0000      -2.46061035E-07 
   26520.0000      -2.50155608E-07 
   26540.0000      -2.35799561E-07 
   26560.0000      -2.00435736E-07 
   26580.0000      -1.43591564E-07 
   26600.0000      -6.70025599E-08 
   26620.0000       2.54742467E-08 
   26640.0000       1.28158234E-07 
   26660.0000       2.34032683E-07 
   26680.0000       3.35391121E-07 
   26700.0000       4.24577706E-07 
   26720.0000       4.94744143E-07 
   26740.0000       5.40552833E-07 
   26760.0000       5.58716295E-07 
   26780.0000       5.48323783E-07 
   26800.0000       5.10911264E-07 
   26820.0000       4.50267692E-07 
   26840.0000       3.72001892E-07 
   26860.0000       2.82932064E-07 
   26880.0000       1.90387681E-07 
   26900.0000       1.01476004E-07 
   26920.0000       2.24065531E-08 
   26940.0000      -4.20741202E-08 
   26960.0000      -8.90757690E-08 
   26980.0000      -1.17777937E-07 
   27000.0000      -1.29436145E-07 
   27020.0000      -1.27162750E-07 
   27040.0000      -1.15529787E-07 
   27060.0000      -1.00004435E-07 
   27080.0000      -8.62896385E-08 
   27100.0000      -7.96410262E-08 
   27120.0000      -8.42208365E-08 
   27140.0000      -1.02571782E-07 
   27160.0000      -1.35287223E-07 
   27180.0000      -1.80911570E-07 
   27200.0000      -2.36081306E-07 
   27220.0000      -2.95887048E-07 
   27240.0000      -3.54401010E-07 
   27260.0000      -4.05323249E-07 
   27280.0000      -4.42650418E-07 
   27300.0000      -4.61301937E-07 
   27320.0000      -4.57648866E-07 
   27340.0000      -4.29899757E-07 
   27360.0000      -3.78317338E-07 
   27380.0000      -3.05219118E-07 
   27400.0000      -2.14796430E-07 
   27420.0000      -1.12750527E-07 
   27440.0000      -5.77284620E-09 
   27460.0000       9.90744198E-08 
   27480.0000       1.95025834E-07 
   27500.0000       2.76254070E-07 
   27520.0000       3.38410103E-07 
   27540.0000       3.79000824E-07 
   27560.0000       3.97559717E-07 
   27580.0000       3.95589211E-07 
   27600.0000       3.76299852E-07 
   27620.0000       3.44172037E-07 
   27640.0000       3.04416261E-07 
   27660.0000       2.62382486E-07 
   27680.0000       2.22998750E-07 
   27700.0000       1.90260835E-07 
   27720.0000       1.66845126E-07 
   27740.0000       1.53876258E-07 
   27760.0000       1.50857957E-07 
   27780.0000       1.55776050E-07 
   27800.0000       1.65350500E-07 
   27820.0000       1.75434238E-07 
   27840.0000       1.81511766E-07 
   27860.0000       1.79245490E-07 
   27880.0000       1.65010917E-07 
   27900.0000       1.36350749E-07 
   27920.0000       9.23083334E-08 
   27940.0000       3.36016477E-08 
   27960.0000      -3.73890963E-08 
   27980.0000      -1.16820715E-07 
   28000.0000      -1.99743695E-07 
   28020.0000      -2.80607935E-07 
   28040.0000      -3.53732730E-07 
   28060.0000      -4.13870396E-07 
   28080.0000      -4.56682727E-07 
   28100.0000      -4.79148355E-07 
   28120.0000      -4.79823598E-07 
   28140.0000      -4.58966298E-07 
   28160.0000      -4.18508534E-07 
   28180.0000      -3.61861453E-07 
   28200.0000      -2.93578125E-07 
   28220.0000      -2.18909946E-07 
   28240.0000      -1.43292283E-07 
   28260.0000      -7.18170483E-08 
   28280.0000      -8.74890915E-09 
   28300.0000       4.28681517E-08 
   28320.0000       8.14689542E-08 
   28340.0000       1.07054781E-07 
   28360.0000       1.21089982E-07 
   28380.0000       1.26240749E-07 
   28400.0000       1.25988009E-07 
   28420.0000       1.24170370E-07 
   28440.0000       1.24505377E-07 
   28460.0000       1.30145850E-07 
   28480.0000       1.43313414E-07 
   28500.0000       1.65028752E-07 
   28520.0000       1.94973666E-07 
   28540.0000       2.31493829E-07 
   28560.0000       2.71739964E-07 
   28580.0000       3.11940113E-07 
   28600.0000       3.47776876E-07 
   28620.0000       3.74826755E-07 
   28640.0000       3.89030902E-07 
   28660.0000       3.87156490E-07 
   28680.0000       3.67174152E-07 
   28700.0000       3.28524152E-07 
   28720.0000       2.72222735E-07 
   28740.0000       2.00800955E-07 
   28760.0000       1.18087669E-07 
   28780.0000       2.88574391E-08 
   28800.0000      -6.15960118E-08 
   28820.0000      -1.47931644E-07 
   28840.0000      -2.25223516E-07 
   28860.0000      -2.89365033E-07 
   28880.0000      -3.37392066E-07 
   28900.0000      -3.67709958E-07 
   28920.0000      -3.80193455E-07 
   28940.0000      -3.76151092E-07 
   28960.0000      -3.58156228E-07 
   28980.0000      -3.29743841E-07 
   29000.0000      -2.95022062E-07 
   29020.0000      -2.58211116E-07 
   29040.0000      -2.23185097E-07 
   29060.0000      -1.93069312E-07 
   29080.0000      -1.69920753E-07 
   29100.0000      -1.54538597E-07 
   29120.0000      -1.46414123E-07 
   29140.0000      -1.43826796E-07 
   29160.0000      -1.44084652E-07 
   29180.0000      -1.43871020E-07 
   29200.0000      -1.39652457E-07 
   29220.0000      -1.28105356E-07 
   29240.0000      -1.06517867E-07 
   29260.0000      -7.31300673E-08 
   29280.0000      -2.73833027E-08 
   29300.0000       2.99463920E-08 
   29320.0000       9.67409548E-08 
   29340.0000       1.69681243E-07 
   29360.0000       2.44513416E-07 
   29380.0000       3.16418124E-07 
   29400.0000       3.80452491E-07 
   29420.0000       4.32005805E-07 
   29440.0000       4.67237129E-07 
   29460.0000       4.83442193E-07 
   29480.0000       4.79307573E-07 
   29500.0000       4.55042709E-07 
   29520.0000       4.12347873E-07 
   29540.0000       3.54225364E-07 
   29560.0000       2.84684802E-07 
   29580.0000       2.08372199E-07 
   29600.0000       1.30135078E-07 
   29620.0000       5.46186101E-08 
   29640.0000      -1.41287426E-08 
   29660.0000      -7.29990361E-08 
   29680.0000      -1.20053329E-07 
   29700.0000      -1.54637362E-07 
   29720.0000      -1.77366445E-07 
   29740.0000      -1.89979389E-07 
   29760.0000      -1.95083430E-07 
   29780.0000      -1.95806194E-07 
   29800.0000      -1.95399181E-07 
   29820.0000      -1.96838030E-07 
   29840.0000      -2.02464406E-07 
   29860.0000      -2.13702975E-07 
   29880.0000      -2.30874264E-07 
   29900.0000      -2.53155662E-07 
   29920.0000      -2.78655364E-07 
   29940.0000      -3.04605265E-07 
   29960.0000      -3.27651435E-07 
   29980.0000      -3.44214584E-07 
   30000.0000      -3.50878480E-07 
   30020.0000      -3.44761474E-07 
   30040.0000      -3.23838606E-07 
   30060.0000      -2.87196627E-07 
   30080.0000      -2.35168883E-07 
   30100.0000      -1.69366274E-07 
   30120.0000      -9.25940000E-08 
   30140.0000      -8.63340155E-09 
   30160.0000       7.80674299E-08 
   30180.0000       1.62770291E-07 
   30200.0000       2.40855513E-07 
   30220.0000       3.08201010E-07 
   30240.0000       3.61526304E-07 
   30260.0000       3.98654436E-07 
   30280.0000       4.18648540E-07 
   30300.0000       4.21847744E-07 
   30320.0000       4.09773747E-07 
   30340.0000       3.84924306E-07 
   30360.0000       3.50490353E-07 
   30380.0000       3.10011245E-07 
   30400.0000       2.67026650E-07 
   30420.0000       2.24756675E-07 
   30440.0000       1.85799479E-07 
   30460.0000       1.51899883E-07 
   30480.0000       1.23810608E-07 
   30500.0000       1.01271468E-07 
   30520.0000       8.31081763E-08 
   30540.0000       6.74296103E-08 
   30560.0000       5.18936645E-08 
   30580.0000       3.40258701E-08 
   30600.0000       1.15554162E-08 
   30620.0000      -1.72738730E-08 
   30640.0000      -5.34502895E-08 
   30660.0000      -9.70176472E-08 
   30680.0000      -1.46992576E-07 
   30700.0000      -2.01409875E-07 
   30720.0000      -2.57479570E-07 
   30740.0000      -3.11818440E-07 
   30760.0000      -3.60751358E-07 
   30780.0000      -4.00648673E-07 
   30800.0000      -4.28262382E-07 
   30820.0000      -4.41042801E-07 
   30840.0000      -4.37394021E-07 
   30860.0000      -4.16832279E-07 
   30880.0000      -3.80047652E-07 
   30900.0000      -3.28859727E-07 
   30920.0000      -2.66075233E-07 
   30940.0000      -1.95250962E-07 
   30960.0000      -1.20385423E-07 
   30980.0000      -4.55650628E-08 
   31000.0000       2.53798937E-08 
   31020.0000       8.91865284E-08 
   31040.0000       1.43411796E-07 
   31060.0000       1.86600047E-07 
   31080.0000       2.18339281E-07 
   31100.0000       2.39222686E-07 
   31120.0000       2.50719097E-07 
   31140.0000       2.54957996E-07 
   31160.0000       2.54441773E-07 
   31180.0000       2.51738186E-07 
   31200.0000       2.49172075E-07 
   31220.0000       2.48554528E-07 
   31240.0000       2.50978019E-07 
   31260.0000       2.56675861E-07 
   31280.0000       2.64972215E-07 
   31300.0000       2.74351436E-07 
   31320.0000       2.82632897E-07 
   31340.0000       2.87209730E-07 
   31360.0000       2.85339468E-07 
   31380.0000       2.74456767E-07 
   31400.0000       2.52482266E-07 
   31420.0000       2.18094684E-07 
   31440.0000       1.70943537E-07 
   31460.0000       1.11775620E-07 
   31480.0000       4.24589643E-08 
   31500.0000      -3.41101583E-08 
   31520.0000      -1.14217016E-07 
   31540.0000      -1.93636893E-07 
   31560.0000      -2.67971188E-07 
   31580.0000      -3.33021291E-07 
   31600.0000      -3.85156085E-07 
   31620.0000      -4.21588737E-07 
   31640.0000      -4.40665417E-07 
   31660.0000      -4.42033866E-07 
   31680.0000      -4.26598064E-07 
   31700.0000      -3.96411991E-07 
   31720.0000      -3.54502276E-07 
   31740.0000      -3.04549673E-07 
   31760.0000      -2.50536601E-07 
   31780.0000      -1.96377812E-07 
   31800.0000      -1.45542614E-07 
   31820.0000      -1.00741261E-07 
   31840.0000      -6.36774615E-08 
   31860.0000      -3.49052307E-08 
   31880.0000      -1.38166625E-08 
   31900.0000       1.24635313E-09 
   31920.0000       1.27545228E-08 
   31940.0000       2.36589592E-08 
   31960.0000       3.70079363E-08 
   31980.0000       5.55460353E-08 
   32000.0000       8.13373546E-08 
   32020.0000       1.15474116E-07 
   32040.0000       1.57875647E-07 
   32060.0000       2.07247524E-07 
   32080.0000       2.61126075E-07 
   32100.0000       3.16067343E-07 
   32120.0000       3.67941141E-07 
   32140.0000       4.12308111E-07 
   32160.0000       4.44851253E-07 
   32180.0000       4.61807389E-07 
   32200.0000       4.60372263E-07 
   32220.0000       4.39020283E-07 
   32240.0000       3.97722488E-07 
   32260.0000       3.38016093E-07 
   32280.0000       2.62909197E-07 
   32300.0000       1.76653771E-07 
   32320.0000       8.43710097E-08 
   32340.0000      -8.40737790E-09 
   32360.0000      -9.62331157E-08 
   32380.0000      -1.74247191E-07 
   32400.0000      -2.38571772E-07 
   32420.0000      -2.86564159E-07 
   32440.0000      -3.17091860E-07 
   32460.0000      -3.30590410E-07 
   32480.0000      -3.28898494E-07 
   32500.0000      -3.15041575E-07 
   32520.0000      -2.92864456E-07 
   32540.0000      -2.66595549E-07 
   32560.0000      -2.40410770E-07 
   32580.0000      -2.17985274E-07 
   32600.0000      -2.02079278E-07 
   32620.0000      -1.94223148E-07 
   32640.0000      -1.94545819E-07 
   32660.0000      -2.01764720E-07 
   32680.0000      -2.13343952E-07 
   32700.0000      -2.25807611E-07 
   32720.0000      -2.35155511E-07 
   32740.0000      -2.37340345E-07 
   32760.0000      -2.28738955E-07 
   32780.0000      -2.06572082E-07 
   32800.0000      -1.69256481E-07 
   32820.0000      -1.16649851E-07 
   32840.0000      -5.01437185E-08 
   32860.0000       2.74015584E-08 
   32880.0000       1.11866768E-07 
   32900.0000       1.98212220E-07 
   32920.0000       2.80910911E-07 
   32940.0000       3.54439152E-07 
   32960.0000       4.13790019E-07 
   32980.0000       4.54958126E-07 
   33000.0000       4.75323759E-07 
   33020.0000       4.73906312E-07 
   33040.0000       4.51446169E-07 
   33060.0000       4.10324645E-07 
   33080.0000       3.54295139E-07 
   33100.0000       2.88100722E-07 
   33120.0000       2.17007283E-07 
   33140.0000       1.46290517E-07 
   33160.0000       8.07269203E-08 
   33180.0000       2.41671341E-08 
   33200.0000      -2.07893702E-08 
   33220.0000      -5.29826600E-08 
   33240.0000      -7.27408889E-08 
   33260.0000      -8.17879595E-08 
   33280.0000      -8.29966140E-08 
   33300.0000      -8.00315760E-08 
   33320.0000      -7.69083854E-08 
   33340.0000      -7.75065558E-08 
   33360.0000      -8.50961115E-08 
   33380.0000      -1.01935477E-07 
   33400.0000      -1.28962569E-07 
   33420.0000      -1.65625337E-07 
   33440.0000      -2.09890615E-07 
   33460.0000      -2.58430276E-07 
   33480.0000      -3.06960601E-07 
   33500.0000      -3.50689163E-07 
   33520.0000      -3.84818918E-07 
   33540.0000      -4.05038804E-07 
   33560.0000      -4.07964876E-07 
   33580.0000      -3.91491710E-07 
   33600.0000      -3.55047689E-07 
   33620.0000      -2.99704737E-07 
   33640.0000      -2.28141346E-07 
   33660.0000      -1.44437948E-07 
   33680.0000      -5.37156062E-08 
   33700.0000       3.83131535E-08 
   33720.0000       1.25841993E-07 
   33740.0000       2.03491481E-07 
   33760.0000       2.66817381E-07 
   33780.0000       3.12734187E-07 
   33800.0000       3.39794610E-07 
   33820.0000       3.48286363E-07 
   33840.0000       3.40149654E-07 
   33860.0000       3.18713717E-07 
   33880.0000       2.88267699E-07 
   33900.0000       2.53568118E-07 
   33920.0000       2.19315581E-07 
   33940.0000       1.89644339E-07 
   33960.0000       1.67683950E-07 
   33980.0000       1.55229259E-07 
   34000.0000       1.52562478E-07 
   34020.0000       1.58432300E-07 
   34040.0000       1.70199598E-07 
   34060.0000       1.84118591E-07 
   34080.0000       1.95756400E-07 
   34100.0000       2.00496984E-07 
   34120.0000       1.94085317E-07 
   34140.0000       1.73174058E-07 
   34160.0000       1.35798132E-07 
   34180.0000       8.16850445E-08 
   34200.0000       1.23840911E-08 
   34220.0000      -6.87840611E-08 
   34240.0000      -1.57006227E-07 
   34260.0000      -2.46417983E-07 
   34280.0000      -3.30670531E-07 
   34300.0000      -4.03539161E-07 
   34320.0000      -4.59515093E-07 
   34340.0000      -4.94337201E-07 
   34360.0000      -5.05390290E-07 
   34380.0000      -4.91961487E-07 
   34400.0000      -4.55327239E-07 
   34420.0000      -3.98634029E-07 
   34440.0000      -3.26647438E-07 
   34460.0000      -2.45287907E-07 
   34480.0000      -1.61039765E-07 
   34500.0000      -8.03226854E-08 
   34520.0000      -8.84070150E-09 
   34540.0000       4.89932610E-08 
   34560.0000       9.04738755E-08 
   34580.0000       1.14883115E-07 
   34600.0000       1.23532828E-07 
   34620.0000       1.19546414E-07 
   34640.0000       1.07448905E-07 
   34660.0000       9.25850259E-08 
   34680.0000       8.04621862E-08 
   34700.0000       7.60952190E-08 
   34720.0000       8.34038332E-08 
   34740.0000       1.04751074E-07 
   34760.0000       1.40635095E-07 
   34780.0000       1.89546085E-07 
   34800.0000       2.48053084E-07 
   34820.0000       3.11097210E-07 
   34840.0000       3.72469998E-07 
   34860.0000       4.25425526E-07 
   34880.0000       4.63391586E-07 
   34900.0000       4.80695405E-07 
   34920.0000       4.73224532E-07 
   34940.0000       4.38945392E-07 
   34960.0000       3.78239491E-07 
   34980.0000       2.93925922E-07 
   35000.0000       1.91032825E-07 
   35020.0000       7.63308918E-08 
   35040.0000      -4.23240607E-08 
   35060.0000      -1.56729115E-07 
   35080.0000      -2.59110720E-07 
   35100.0000      -3.42855515E-07 
   35120.0000      -4.03098028E-07 
   35140.0000      -4.37142575E-07 
   35160.0000      -4.44686691E-07 
   35180.0000      -4.27806725E-07 
   35200.0000      -3.90724637E-07 
   35220.0000      -3.39337106E-07 
   35240.0000      -2.80581872E-07 
   35260.0000      -2.21692176E-07 
   35280.0000      -1.69413269E-07 
   35300.0000      -1.29245208E-07 
   35320.0000      -1.04831997E-07 
   35340.0000      -9.75641825E-08 
   35360.0000      -1.06448077E-07 
   35380.0000      -1.28247521E-07 
   35400.0000      -1.57865543E-07 
   35420.0000      -1.88953720E-07 
   35440.0000      -2.14674131E-07 
   35460.0000      -2.28504106E-07 
   35480.0000      -2.25012514E-07 
   35500.0000      -2.00480400E-07 
   35520.0000      -1.53338306E-07 
   35540.0000      -8.44008312E-08 
   35560.0000       3.13921555E-09 
   35580.0000       1.03939364E-07 
   35600.0000       2.10956685E-07 
   35620.0000       3.16098607E-07 
   35640.0000       4.11017425E-07 
   35660.0000       4.87958062E-07 
   35680.0000       5.40577162E-07 
   35700.0000       5.64601521E-07 
   35720.0000       5.58260354E-07 
   35740.0000       5.22459857E-07 
   35760.0000       4.60667991E-07 
   35780.0000       3.78519303E-07 
   35800.0000       2.83196016E-07 
   35820.0000       1.82674853E-07 
   35840.0000       8.49154702E-08 
   35860.0000      -2.89814306E-09 
   35880.0000      -7.50117550E-08 
   35900.0000      -1.27593594E-07 
   35920.0000      -1.59014434E-07 
   35940.0000      -1.69939611E-07 
   35960.0000      -1.63184538E-07 
   35980.0000      -1.43341794E-07 
   36000.0000      -1.16312258E-07 
   36020.0000      -8.85433806E-08 
   36040.0000      -6.63070452E-08 
   36060.0000      -5.49604664E-08 
   36080.0000      -5.83114534E-08 
   36100.0000      -7.81563969E-08 
   36120.0000      -1.14043502E-07 
   36140.0000      -1.63304904E-07 
   36160.0000      -2.21382763E-07 
   36180.0000      -2.82339101E-07 
   36200.0000      -3.39506499E-07 
   36220.0000      -3.86202515E-07 
   36240.0000      -4.16430964E-07 
   36260.0000      -4.25518380E-07 
   36280.0000      -4.10591724E-07 
   36300.0000      -3.70884749E-07 
   36320.0000      -3.07838150E-07 
   36340.0000      -2.24988241E-07 
   36360.0000      -1.27679769E-07 
   36380.0000      -2.26300472E-08 
   36400.0000       8.27004172E-08 
   36420.0000       1.80837617E-07 
   36440.0000       2.65017292E-07 
   36460.0000       3.29867788E-07 
   36480.0000       3.71936522E-07 
   36500.0000       3.89978197E-07 
   36520.0000       3.85003574E-07 
   36540.0000       3.60076115E-07 
   36560.0000       3.19920332E-07 
   36580.0000       2.70394537E-07 
   36600.0000       2.17826724E-07 
   36620.0000       1.68303558E-07 
   36640.0000       1.27041005E-07 
   36660.0000       9.78654029E-08 
   36680.0000       8.28750615E-08 
   36700.0000       8.22621047E-08 
   36720.0000       9.43092289E-08 
   36740.0000       1.15580690E-07 
   36760.0000       1.41247781E-07 
   36780.0000       1.65621302E-07 
   36800.0000       1.82812201E-07 
   36820.0000       1.87401909E-07 
   36840.0000       1.75094101E-07 
   36860.0000       1.43283273E-07 
   36880.0000       9.14610609E-08 
   36900.0000       2.13552926E-08 
   36920.0000      -6.31841530E-08 
   36940.0000      -1.56544985E-07 
   36960.0000      -2.51877822E-07 
   36980.0000      -3.41755936E-07 
   37000.0000      -4.18928209E-07 
   37020.0000      -4.77013828E-07 
   37040.0000      -5.11122266E-07 
   37060.0000      -5.18323418E-07 
   37080.0000      -4.97920894E-07 
   37100.0000      -4.51542178E-07 
   37120.0000      -3.83022240E-07 
   37140.0000      -2.98062247E-07 
   37160.0000      -2.03702129E-07 
   37180.0000      -1.07644517E-07 
   37200.0000      -1.74605042E-08 
   37220.0000       6.01824439E-08 
   37240.0000       1.20210302E-07 
   37260.0000       1.59681349E-07 
   37280.0000       1.78076021E-07 
   37300.0000       1.77282615E-07 
   37320.0000       1.61307952E-07 
   37340.0000       1.35763500E-07 
   37360.0000       1.07171459E-07 
   37380.0000       8.21986745E-08 
   37400.0000       6.69166553E-08 
   37420.0000       6.60581279E-08 
   37440.0000       8.24388167E-08 
   37460.0000       1.16630659E-07 
   37480.0000       1.66838760E-07 
   37500.0000       2.29054606E-07 
   37520.0000       2.97416136E-07 
   37540.0000       3.64699474E-07 
   37560.0000       4.23051603E-07 
   37580.0000       4.64822250E-07 
   37600.0000       4.83401038E-07 
   37620.0000       4.74082242E-07 
   37640.0000       4.34696460E-07 
   37660.0000       3.65859222E-07 
   37680.0000       2.71002051E-07 
   37700.0000       1.56093463E-07 
   37720.0000       2.90392084E-08 
   37740.0000      -1.01069887E-07 
   37760.0000      -2.24828369E-07 
   37780.0000      -3.33403364E-07 
   37800.0000      -4.19379745E-07 
   37820.0000      -4.77448850E-07 
   37840.0000      -5.04863124E-07 
   37860.0000      -5.01642376E-07 
   37880.0000      -4.70526828E-07 
   37900.0000      -4.16724077E-07 
   37920.0000      -3.47396480E-07 
   37940.0000      -2.70870004E-07 
   37960.0000      -1.95727324E-07 
   37980.0000      -1.29914966E-07 
   38000.0000      -7.98515600E-08 
   38020.0000      -4.97130372E-08 
   38040.0000      -4.09816145E-08 
   38060.0000      -5.23057011E-08 
   38080.0000      -7.96746420E-08 
   38100.0000      -1.16911160E-07 
   38120.0000      -1.56471970E-07 
   38140.0000      -1.90288262E-07 
   38160.0000      -2.10700705E-07 
   38180.0000      -2.11330118E-07 
   38200.0000      -1.87802371E-07 
   38220.0000      -1.38334528E-07 
   38240.0000      -6.39466862E-08 
   38260.0000       3.15982724E-08 
   38280.0000       1.42009668E-07 
   38300.0000       2.59045009E-07 
   38320.0000       3.73310911E-07 
   38340.0000       4.75142627E-07 
   38360.0000       5.55612530E-07 
   38380.0000       6.07411891E-07 
   38400.0000       6.25635266E-07 
   38420.0000       6.08422908E-07 
   38440.0000       5.57130988E-07 
   38460.0000       4.76136165E-07 
   38480.0000       3.72323711E-07 
   38500.0000       2.54364437E-07 
   38520.0000       1.31833829E-07 
   38540.0000       1.43115617E-08 
   38560.0000      -8.95510439E-08 
   38580.0000      -1.72853575E-07 
   38600.0000      -2.30990551E-07 
   38620.0000      -2.62058080E-07 
   38640.0000      -2.66956448E-07 
   38660.0000      -2.49192624E-07 
   38680.0000      -2.14403542E-07 
   38700.0000      -1.69759275E-07 
   38720.0000      -1.23229825E-07 
   38740.0000      -8.26314306E-08 
   38760.0000      -5.47417436E-08 
   38780.0000      -4.45590231E-08 
   38800.0000      -5.46668275E-08 
   38820.0000      -8.49249915E-08 
   38840.0000      -1.32511531E-07 
   38860.0000      -1.92248933E-07 
   38880.0000      -2.57237559E-07 
   38900.0000      -3.19664508E-07 
   38920.0000      -3.71691982E-07 
   38940.0000      -4.06355355E-07 
   38960.0000      -4.18292814E-07 
   38980.0000      -4.04246691E-07 
   39000.0000      -3.63407310E-07 
   39020.0000      -2.97457575E-07 
   39040.0000      -2.10380946E-07 
   39060.0000      -1.08108189E-07 
   39080.0000       1.93868788E-09 
   39100.0000       1.11498586E-07 
   39120.0000       2.12345910E-07 
   39140.0000       2.97177934E-07 
   39160.0000       3.60284986E-07 
   39180.0000       3.98048911E-07 
   39200.0000       4.09290635E-07 
   39220.0000       3.95435706E-07 
   39240.0000       3.60392960E-07 
   39260.0000       3.09879056E-07 
   39280.0000       2.50452757E-07 
   39300.0000       1.88760936E-07 
   39320.0000       1.30963954E-07 
   39340.0000       8.21561699E-08 
   39360.0000       4.59697134E-08 
   39380.0000       2.43613005E-08 
   39400.0000       1.74202910E-08 
   39420.0000       2.34387922E-08 
   39440.0000       3.93260358E-08 
   39460.0000       6.09804616E-08 
   39480.0000       8.37272083E-08 
   39500.0000       1.02903968E-07 
   39520.0000       1.14208675E-07 
   39540.0000       1.13933112E-07 
   39560.0000       9.96816212E-08 
   39580.0000       7.06020984E-08 
   39600.0000       2.74174123E-08 
   39620.0000      -2.59694879E-08 
   39640.0000      -8.48419859E-08 
   39660.0000      -1.45188082E-07 
   39680.0000      -2.02141081E-07 
   39700.0000      -2.50725350E-07 
   39720.0000      -2.86655933E-07 
   39740.0000      -3.06475556E-07 
   39760.0000      -3.07974915E-07 
   39780.0000      -2.90588218E-07 
   39800.0000      -2.55271260E-07 
   39820.0000      -2.04232393E-07 
   39840.0000      -1.40916953E-07 
   39860.0000      -6.98859992E-08 
   39880.0000       3.74511844E-09 
   39900.0000       7.50313092E-08 
   39920.0000       1.39057818E-07 
   39940.0000       1.91750530E-07 
   39960.0000       2.30136493E-07 
   39980.0000       2.52487183E-07 

