   137.982422       1.63119548E-04 
   275.964844       1.64807017E-04 
   413.947296       1.69093779E-04 
   551.929688       1.76265487E-04 
   689.912048       1.86916383E-04 
   827.894592       2.00443130E-04 
   965.877014       2.19445137E-04 
   1103.85938       2.47498538E-04 
   1241.84180       2.85263290E-04 
   1379.82410       3.35109886E-04 
   1517.80664       4.08130873E-04 
   1655.78918       5.21746406E-04 
   1793.77148       7.17571354E-04 
   1931.75403       1.10013492E-03 
   2069.73633       2.28078570E-03 
   2207.71875      0.400042385     
   2345.70142       2.48826505E-03 
   2483.68359       1.30335207E-03 
   2621.66577       9.12522548E-04 
   2759.64819       7.23860343E-04 
   2897.63062       6.14845892E-04 
   3035.61328       5.48146432E-04 
   3173.59570       5.08971047E-04 
   3311.57837       4.84911870E-04 
   3449.56055       4.77994967E-04 
   3587.54297       4.87185665E-04 
   3725.52539       5.18727349E-04 
   3863.50806       5.88940980E-04 
   4001.49023       7.47956743E-04 
   4139.47266       1.25738687E-03 
   4277.45508       8.94169807E-02 
   4415.43750       8.82707129E-04 
   4553.41992       3.54824704E-04 
   4691.40283       1.84778750E-04 
   4829.38477       1.03871309E-04 
   4967.36719       5.90849631E-05 
   5105.34961       3.09658644E-05 
   5243.33154       1.44750766E-05 
   5381.31445       3.26552299E-06 
   5519.29639       1.61514220E-06 
   5657.27930       6.68111511E-07 
   5795.26123       6.48236801E-06 
   5933.24414       1.99520546E-05 
   6071.22656       6.09043855E-05 
   6209.20947       1.86719000E-04 
   6347.19141       1.47790629E-02 
   6485.17383       3.47583089E-04 
   6623.15674       2.15549255E-04 
   6761.13867       1.72935106E-04 
   6899.12109       1.51321146E-04 
   7037.10303       1.40508346E-04 
   7175.08594       1.32504632E-04 
   7313.06787       1.28497079E-04 
   7451.05078       1.24998478E-04 
   7589.03320       1.23360485E-04 
   7727.01611       1.22993515E-04 
   7864.99805       1.23748279E-04 
   8002.98047       1.26386614E-04 
   8140.96338       1.33915397E-04 
   8278.94531       1.58057563E-04 
   8416.92773       2.29514367E-03 
   8554.91016       5.18032139E-05 
   8692.89258       7.83258874E-05 
   8830.87500       8.63168607E-05 
   8968.85645       9.00730229E-05 
   9106.83984       9.18028672E-05 
   9244.82227       9.28730151E-05 
   9382.80566       9.36434590E-05 
   9520.78711       9.34318232E-05 
   9658.76953       9.37174336E-05 
   9796.75195       9.57007796E-05 
   9934.73438       9.49070745E-05 
   10072.7168       9.27894434E-05 
   10210.6992       9.24122141E-05 
   10348.6816       8.79914223E-05 
   10486.6631       2.04680458E-04 
   10624.6465       1.05695108E-04 
   10762.6289       1.01406629E-04 
   10900.6123       9.96131130E-05 
   11038.5928       9.89338878E-05 
   11176.5762       9.79292527E-05 
   11314.5586       9.85176666E-05 
   11452.5410       9.88790853E-05 
   11590.5225       9.79194301E-05 
   11728.5068       9.80125478E-05 
   11866.4883       9.75996154E-05 
   12004.4707       9.89390901E-05 
   12142.4531       9.80956393E-05 
   12280.4355       9.78414682E-05 
   12418.4189       9.75587245E-05 
   12556.3994       1.38341100E-04 
   12694.3828       9.61637634E-05 
   12832.3652       9.65135041E-05 
   12970.3477       9.62138511E-05 
   13108.3291       9.66055595E-05 
   13246.3135       9.81899138E-05 
   13384.2949       9.47811786E-05 
   13522.2773       9.51846814E-05 
   13660.2598       9.58953678E-05 
   13798.2422       9.70461915E-05 
   13936.2256       9.50453832E-05 
   14074.2061       9.60871184E-05 
   14212.1895       9.73967326E-05 
   14350.1719       9.61807673E-05 
   14488.1543       9.59513272E-05 
   14626.1357       8.86650596E-05 
   14764.1201       9.50941467E-05 
   14902.1016       9.50329413E-05 
   15040.0840       9.49814857E-05 
   15178.0664       9.54439383E-05 
   15316.0488       9.50864123E-05 
   15454.0322       9.63434286E-05 
   15592.0127       9.08847287E-05 
   15729.9961       9.59372046E-05 
   15867.9785       9.45771608E-05 
   16005.9609       9.55973592E-05 
   16143.9424       9.59175086E-05 
   16281.9268       9.50023968E-05 
   16419.9082       9.64610808E-05 
   16557.8906       9.61508849E-05 
   16695.8730       9.71636182E-05 
   16833.8555       9.60437537E-05 
   16971.8379       9.60492107E-05 
   17109.8203       9.48594679E-05 
   17247.8027       9.57975426E-05 
   17385.7852       9.53238996E-05 
   17523.7676       1.03673767E-04 
   17661.7500       9.81304474E-05 
   17799.7324       9.51404145E-05 
   17937.7129       8.75024780E-05 
   18075.6973       9.63543062E-05 
   18213.6797       9.63499115E-05 
   18351.6621       9.63994025E-05 
   18489.6445       9.55977957E-05 
   18627.6270       9.34061391E-05 
   18765.6113       9.57020093E-05 
   18903.5898       9.78742464E-05 
   19041.5742       9.61908008E-05 
   19179.5566       9.55360520E-05 
   19317.5391       9.46877917E-05 
   19455.5215       9.65385407E-05 
   19593.5039       9.64324354E-05 
   19731.4883       9.68403328E-05 
   19869.4688       9.66234875E-05 
   20007.4512       9.70815599E-05 
   20145.4336       9.47739827E-05 
   20283.4160       9.54816569E-05 
   20421.3984       9.56087533E-05 
   20559.3809       9.74709474E-05 
   20697.3633       9.55226133E-05 
   20835.3457       9.56306831E-05 
   20973.3262       9.48057932E-05 
   21111.3105       9.49619207E-05 
   21249.2930       9.27802175E-05 
   21387.2754       9.73714050E-05 
   21525.2578       9.58092933E-05 
   21663.2422       9.46076980E-05 
   21801.2246       9.70491383E-05 
   21939.2031       9.87712920E-05 
   22077.1855       9.42069164E-05 
   22215.1699       9.77813252E-05 
   22353.1523       9.41325052E-05 
   22491.1348       8.83633693E-05 
   22629.1172       9.92778441E-05 
   22767.0996       9.12561954E-05 
   22905.0820       9.72656198E-05 
   23043.0645       9.35903081E-05 
   23181.0449       9.62783452E-05 
   23319.0273       9.44756175E-05 
   23457.0137       9.50054600E-05 
   23594.9941       9.57519151E-05 
   23732.9766       9.44596250E-05 
   23870.9570       9.65196014E-05 
   24008.9414       9.16615900E-05 
   24146.9238       9.42222832E-05 
   24284.9062       9.30276510E-05 
   24422.8887       9.51594411E-05 
   24560.8711       9.62757331E-05 
   24698.8555       9.00486775E-05 
   24836.8379       9.60833568E-05 
   24974.8164       9.46599248E-05 
   25112.7988       9.70347683E-05 
   25250.7832       9.32803741E-05 
   25388.7656       9.62914055E-05 
   25526.7480       9.75263247E-05 
   25664.7305       9.52270420E-05 
   25802.7129       9.71728441E-05 
   25940.6953       1.00337405E-04 
   26078.6777       9.90199915E-05 
   26216.6582       1.02092046E-04 
   26354.6406       1.13723901E-04 
   26492.6270       1.04148276E-04 
   26630.6074       9.36956494E-05 
   26768.5898       9.25470449E-05 
   26906.5703       9.55446085E-05 
   27044.5547       8.64184767E-05 
   27182.5371       9.65614745E-05 
   27320.5195       9.42200713E-05 
   27458.5020       9.11372626E-05 
   27596.4844       9.21203682E-05 
   27734.4688       9.30144233E-05 
   27872.4512       9.37892401E-05 
   28010.4297       9.59837853E-05 
   28148.4121       9.66030639E-05 
   28286.3965       9.35983771E-05 
   28424.3789       9.45818319E-05 
   28562.3613       9.17491852E-05 
   28700.3438       9.32503535E-05 
   28838.3262       9.71243790E-05 
   28976.3086       9.32804687E-05 
   29114.2910       9.68083914E-05 
   29252.2715       9.49938694E-05 
   29390.2539       9.17653815E-05 
   29528.2402       9.68980094E-05 
   29666.2207       9.37907171E-05 
   29804.2031       9.81965786E-05 
   29942.1836       9.55207943E-05 
   30080.1680       9.23939733E-05 
   30218.1504       9.91238412E-05 
   30356.1328       9.10074523E-05 
   30494.1152       7.23769626E-05 
   30632.0977       8.91737291E-05 
   30770.0820       1.09293360E-04 
   30908.0645       9.69720859E-05 
   31046.0430       9.81812773E-05 
   31184.0254       1.01462952E-04 
   31322.0098       9.49185705E-05 
   31459.9922       9.87920648E-05 
   31597.9746       1.14437826E-04 
   31735.9570       9.41121471E-05 
   31873.9395       9.75302173E-05 
   32011.9219       9.54200805E-05 
   32149.9043       9.83054415E-05 
   32287.8848       9.89491091E-05 
   32425.8672       9.78672106E-05 
   32563.8535       1.01463382E-04 
   32701.8340       1.06037660E-04 
   32839.8164       9.42511833E-05 
   32977.7969       9.81720586E-05 
   33115.7812       9.73426140E-05 
   33253.7617       9.69692264E-05 
   33391.7461       9.68194290E-05 
   33529.7266       9.63231141E-05 
   33667.7109       9.52872506E-05 
   33805.6953       9.71916379E-05 
   33943.6758       9.36846336E-05 
   34081.6562       9.87609092E-05 
   34219.6406       9.77974050E-05 
   34357.6250       9.09791852E-05 
   34495.6055       9.31621398E-05 
   34633.5859       1.01876365E-04 
   34771.5703       9.69641333E-05 
   34909.5508       9.98870746E-05 
   35047.5352       9.85824445E-05 
   35185.5156       9.38597950E-05 
   35323.5000       9.91542329E-05 
   35461.4805       9.93996437E-05 
   35599.4648       9.66001826E-05 
   35737.4492       9.57721277E-05 
   35875.4258       9.76208539E-05 
   36013.4141       9.79452452E-05 
   36151.3945       9.97818206E-05 
   36289.3789       9.91602064E-05 
   36427.3594       9.75663279E-05 
   36565.3398       9.98009928E-05 
   36703.3242       9.27575966E-05 
   36841.3047       1.20231358E-04 
   36979.2891       9.81830817E-05 
   37117.2695       9.75175280E-05 
   37255.2539       9.59842146E-05 
   37393.2383       9.53995404E-05 
   37531.2227       9.73935093E-05 
   37669.2031       9.94916772E-05 
   37807.1797       9.75113362E-05 
   37945.1641       9.73812494E-05 
   38083.1484       9.96018425E-05 
   38221.1328       9.43967170E-05 
   38359.1133       9.38706435E-05 
   38497.0977       9.93207432E-05 
   38635.0781       8.27335170E-05 
   38773.0586       9.43515988E-05 
   38911.0430       9.85617517E-05 
   39049.0234       1.15522351E-04 
   39187.0078       1.01264261E-04 
   39324.9883       1.02674509E-04 
   39462.9766       9.21771207E-05 
   39600.9531       9.67898595E-05 
   39738.9375       1.00667799E-04 
   39876.9219       9.83261343E-05 
   40014.9023       9.61421756E-05 
   40152.8867       9.92454588E-05 
   40290.8672       9.39418605E-05 
   40428.8516       9.82239580E-05 
   40566.8320       9.70733963E-05 
   40704.8125       9.32635594E-05 
   40842.7969       1.00478814E-04 
   40980.7773       1.00781435E-04 
   41118.7617       1.00768128E-04 
   41256.7422       9.98259784E-05 
   41394.7266       9.89250038E-05 
   41532.7070       9.50323301E-05 
   41670.6914       9.89712426E-05 
   41808.6758       1.00193851E-04 
   41946.6523       1.00880752E-04 
   42084.6406       9.17457583E-05 
   42222.6211       9.78223543E-05 
   42360.6055       9.99006079E-05 
   42498.5859       9.70733963E-05 
   42636.5664       1.00066980E-04 
   42774.5508       1.00462174E-04 
   42912.5312       1.00407662E-04 
   43050.5156       9.85323277E-05 
   43188.5000       1.02387399E-04 
   43326.4844       9.71408735E-05 
   43464.4648       9.97690513E-05 
   43602.4492       9.87638705E-05 
   43740.4258       1.03942461E-04 
   43878.4062       9.89219989E-05 
   44016.3906       9.72110647E-05 
   44154.3711       9.92033820E-05 
   44292.3555       1.05434956E-04 
   44430.3398       9.88404354E-05 
   44568.3242       9.44175481E-05 
   44706.3047       1.02528204E-04 
   44844.2852       1.00492398E-04 
   44982.2695       9.61901751E-05 
   45120.2500       1.00973557E-04 
   45258.2344       9.66977386E-05 
   45396.2148       1.03134844E-04 
   45534.1992       1.01053709E-04 
   45672.1836       9.93757349E-05 
   45810.1641       1.01841404E-04 
   45948.1484       1.04388360E-04 
   46086.1289       9.84773651E-05 
   46224.1133       1.02807360E-04 
   46362.0898       1.02082260E-04 
   46500.0781       9.48865782E-05 
   46638.0547       1.01848418E-04 
   46776.0391       9.99743279E-05 
   46914.0273       9.82755082E-05 
   47052.0039       1.06116262E-04 
   47189.9883       9.76505980E-05 
   47327.9688       9.86803643E-05 
   47465.9531       9.34116033E-05 
   47603.9336       9.51811962E-05 
   47741.9141       9.90703847E-05 
   47879.8984       9.74325449E-05 
   48017.8828       1.05755971E-04 
   48155.8672       1.05342158E-04 
   48293.8477       1.02044105E-04 
   48431.8320       9.56690710E-05 
   48569.8125       9.91792258E-05 
   48707.7930       1.01608166E-04 
   48845.7773       9.87269595E-05 
   48983.7578       1.00403275E-04 
   49121.7422       1.02759652E-04 
   49259.7266       9.80954719E-05 
   49397.7109       9.03352775E-05 
   49535.6914       1.01966791E-04 
   49673.6758       1.05954532E-04 
   49811.6523       9.79830584E-05 
   49949.6328       9.90377375E-05 
   50087.6172       1.03438229E-04 
   50225.5977       9.98509495E-05 
   50363.5820       9.81095582E-05 
   50501.5664       1.05155428E-04 
   50639.5508       9.56999429E-05 
   50777.5312       1.05007908E-04 
   50915.5117       1.15768322E-04 
   51053.4961       1.03546015E-04 
   51191.4766       8.63139503E-05 
   51329.4609       1.02434758E-04 
   51467.4414       1.05856219E-04 
   51605.4258       1.01663143E-04 
   51743.4102       9.85232618E-05 
   51881.3906       1.11800196E-04 
   52019.3750       1.12989372E-04 
   52157.3555       1.00082711E-04 
   52295.3398       9.90883782E-05 
   52433.3164       1.00168654E-04 
   52571.3047       1.08277593E-04 
   52709.2812       9.79819233E-05 
   52847.2656       1.01910067E-04 
   52985.2539       1.00224235E-04 
   53123.2305       1.05402745E-04 
   53261.2148       1.01212070E-04 
   53399.1953       1.01116057E-04 
   53537.1797       1.13752511E-04 
   53675.1602       1.01344544E-04 
   53813.1406       1.00781683E-04 
   53951.1250       1.06081869E-04 
   54089.1094       1.06045831E-04 
   54227.0938       1.14634619E-04 
   54365.0742       1.00210986E-04 
   54503.0586       1.07473985E-04 
   54641.0391       6.57060591E-05 
   54779.0234       1.03520339E-04 
   54917.0039       7.20561075E-05 
   55054.9805       1.00156591E-04 
   55192.9688       9.95625305E-05 
   55330.9531       1.02378624E-04 
   55468.9375       1.21445169E-04 
   55606.9180       9.99662079E-05 
   55744.9023       1.05544168E-04 
   55882.8789       1.04694758E-04 
   56020.8594       1.02457052E-04 
   56158.8438       1.01412988E-04 
   56296.8242       1.08177461E-04 
   56434.8086       9.80189361E-05 
   56572.7930       1.15547897E-04 
   56710.7773       1.03502134E-04 
   56848.7578       1.03574821E-04 
   56986.7383       1.08752218E-04 
   57124.7227       1.18030563E-04 
   57262.7031       1.01459467E-04 
   57400.6875       1.05082836E-04 
   57538.6680       1.04036313E-04 
   57676.6523       9.95454830E-05 
   57814.6367       1.06643834E-04 
   57952.6172       1.00796649E-04 
   58090.6016       1.01423524E-04 
   58228.5820       1.04044222E-04 
   58366.5664       1.10799912E-04 
   58504.5430       1.07063082E-04 
   58642.5312       8.87717106E-05 
   58780.5078       1.20616191E-04 
   58918.4922       1.07113461E-04 
   59056.4805       1.33677851E-04 
   59194.4570       9.13417607E-05 
   59332.4414       1.04570638E-04 
   59470.4219       1.09579632E-04 
   59608.4062       1.03089420E-04 
   59746.3867       1.07876753E-04 
   59884.3672       9.21687897E-05 
   60022.3516       1.00133067E-04 
   60160.3359       1.12110531E-04 
   60298.3203       1.08500564E-04 
   60436.3008       9.82942292E-05 
   60574.2852       1.13615955E-04 
   60712.2656       1.08990083E-04 
   60850.2500       1.03413338E-04 
   60988.2305       1.00797566E-04 
   61126.2070       1.07312015E-04 
   61264.1953       1.07490450E-04 
   61402.1797       1.01680722E-04 
   61540.1641       1.09067332E-04 
   61678.1445       8.79919680E-05 
   61816.1289       1.08272659E-04 
   61954.1055       1.09172106E-04 
   62092.0859       1.06200023E-04 
   62230.0703       1.01359336E-04 
   62368.0508       1.08848631E-04 
   62506.0352       1.04315273E-04 
   62644.0195       1.10081040E-04 
   62782.0039       1.11604699E-04 
   62919.9844       1.08657667E-04 
   63057.9648       1.00788086E-04 
   63195.9492       1.00824385E-04 
   63333.9297       1.09873392E-04 
   63471.9141       1.08624605E-04 
   63609.8945       1.06952401E-04 
   63747.8789       1.04471706E-04 
   63885.8633       1.07567430E-04 
   64023.8438       1.06180007E-04 
   64161.8281       1.10694033E-04 
   64299.8086       1.09218250E-04 
   64437.7930       1.07918146E-04 
   64575.7695       1.08930602E-04 
   64713.7578       1.06114916E-04 
   64851.7344       1.05603285E-04 
   64989.7188       1.07599415E-04 
   65127.7070       1.06910738E-04 
   65265.6836       1.11324727E-04 
   65403.6680       1.05786865E-04 
   65541.6484       1.06534135E-04 
   65679.6328       7.26098951E-05 
   65817.6172       1.18327669E-04 
   65955.5938       1.10065150E-04 
   66093.5781       1.11861526E-04 
   66231.5625       1.12001879E-04 
   66369.5469       1.06819127E-04 
   66507.5234       1.02456637E-04 
   66645.5156       1.17272139E-04 
   66783.4922       1.09856141E-04 
   66921.4766       1.09806984E-04 
   67059.4531       1.10805158E-04 
   67197.4375       1.06404441E-04 
   67335.4219       1.09819208E-04 
   67473.4062       1.09035660E-04 
   67611.3906       1.03807826E-04 
   67749.3672       1.04487553E-04 
   67887.3516       1.13725793E-04 
   68025.3359       1.09990011E-04 
   68163.3125       1.13045360E-04 
   68301.2969       1.13102913E-04 
   68439.2812       6.82842510E-05 
   68577.2656       1.13725560E-04 
   68715.2500       1.05545711E-04 
   68853.2344       1.16705683E-04 
   68991.2109       1.13813971E-04 
   69129.1875       1.12459435E-04 
   69267.1719       1.09338209E-04 
   69405.1641       1.01599748E-04 
   69543.1406       1.16392664E-04 
   69681.1172       1.12352340E-04 
   69819.1016       1.11270820E-04 
   69957.0859       1.10126959E-04 
   70095.0703       1.11932270E-04 
   70233.0547       1.07857122E-04 
   70371.0312       1.00277335E-04 
   70509.0156       1.07508080E-04 
   70647.0000       1.08960281E-04 
   70784.9844       1.10344663E-04 
   70922.9609       1.15770898E-04 
   71060.9453       8.86435664E-05 
   71198.9297       1.13779271E-04 
   71336.9141       1.11209352E-04 
   71474.8984       1.17630720E-04 
   71612.8750       1.06736145E-04 
   71750.8516       1.13968890E-04 
   71888.8438       1.08663146E-04 
   72026.8281       1.32613917E-04 
   72164.8047       1.14883318E-04 
   72302.7891       1.15740368E-04 
   72440.7656       1.16138268E-04 
   72578.7578       1.16661315E-04 
   72716.7344       1.15373223E-04 
   72854.7188       1.13742535E-04 
   72992.6953       1.21095334E-04 
   73130.6797       1.18149117E-04 
   73268.6641       1.13251925E-04 
   73406.6484       1.13955481E-04 
   73544.6328       1.16266841E-04 
   73682.6094       1.17263240E-04 
   73820.6016       1.12067690E-04 
   73958.5781       1.14608352E-04 
   74096.5625       1.15704024E-04 
   74234.5391       1.13134294E-04 
   74372.5156       1.12439579E-04 
   74510.5078       1.24337574E-04 
   74648.4922       1.10724439E-04 
   74786.4766       1.13836977E-04 
   74924.4531       1.21166973E-04 
   75062.4453       9.87869425E-05 
   75200.4219       1.26258994E-04 
   75338.4062       1.16671443E-04 
   75476.3828       1.07778062E-04 
   75614.3594       1.10989975E-04 
   75752.3516       1.13824404E-04 
   75890.3281       1.05657942E-04 
   76028.3125       1.19586366E-04 
   76166.2969       1.16388328E-04 
   76304.2734       1.05730447E-04 
   76442.2656       1.19204895E-04 
   76580.2422       1.16180541E-04 
   76718.2266       1.16395968E-04 
   76856.2031       1.23289181E-04 
   76994.1953       1.09593646E-04 
   77132.1719       1.18673648E-04 
   77270.1562       1.19378012E-04 
   77408.1406       1.20355930E-04 
   77546.1172       1.15064446E-04 
   77684.1094       1.16827134E-04 
   77822.0859       1.13818249E-04 
   77960.0703       1.13685295E-04 
   78098.0469       1.18996184E-04 
   78236.0312       1.18750264E-04 
   78374.0156       1.28863074E-04 
   78512.0000       1.00127254E-04 
   78649.9766       1.22426165E-04 
   78787.9609       1.17484000E-04 
   78925.9531       1.09166322E-04 
   79063.9297       1.44339210E-04 
   79201.9062       9.68759487E-05 
   79339.8906       1.10205183E-04 
   79477.8750       8.08694895E-05 
   79615.8594       1.36966220E-04 
   79753.8438       1.20753524E-04 
   79891.8203       1.09053151E-04 
   80029.8047       1.28115600E-04 
   80167.7812       1.10373818E-04 
   80305.7734       1.23153004E-04 
   80443.7500       1.22976082E-04 
   80581.7344       1.11443194E-04 
   80719.7188       1.29487962E-04 
   80857.7031       1.13474234E-04 
   80995.6875       1.21801211E-04 
   81133.6641       1.14477174E-04 
   81271.6406       1.18724478E-04 
   81409.6250       1.22342084E-04 
   81547.6172       1.08838554E-04 
   81685.5938       1.17974618E-04 
   81823.5703       1.16203737E-04 
   81961.5547       1.13390270E-04 
   82099.5391       1.16995776E-04 
   82237.5234       1.20550991E-04 
   82375.5078       1.20244113E-04 
   82513.4844       1.13297196E-04 
   82651.4688       1.28159503E-04 
   82789.4531       1.08089844E-04 
   82927.4375       1.15633862E-04 
   83065.4141       1.25434352E-04 
   83203.3984       1.08544984E-04 
   83341.3828       1.68064638E-04 
   83479.3672       1.42397403E-04 
   83617.3516       1.59787654E-04 
   83755.3281       1.13704853E-04 
   83893.3047       1.29961787E-04 
   84031.2969       1.43633093E-04 
   84169.2812       1.27075720E-04 
   84307.2578       1.31235298E-04 
   84445.2422       1.24975370E-04 
   84583.2188       1.16194336E-04 
   84721.2109       1.29288674E-04 
   84859.1875       1.24680155E-04 
   84997.1719       9.74119030E-05 
   85135.1484       1.17029027E-04 
   85273.1328       1.30127344E-04 
   85411.1172       1.25475286E-04 
   85549.1016       1.26558851E-04 
   85687.0859       1.32126748E-04 
   85825.0625       1.25315782E-04 
   85963.0547       1.32809539E-04 
   86101.0312       1.29859764E-04 
   86239.0156       1.24200960E-04 
   86377.0000       1.38070478E-04 
   86514.9688       1.26040934E-04 
   86652.9688       1.28421321E-04 
   86790.9453       1.26299856E-04 
   86928.9297       1.22541285E-04 
   87066.8984       1.60094511E-04 
   87204.8984       1.30246262E-04 
   87342.8672       1.01111495E-04 
   87480.8516       1.13396309E-04 
   87618.8438       1.26129045E-04 
   87756.8125       1.31984081E-04 
   87894.8125       1.23927923E-04 
   88032.7812       1.27273786E-04 
   88170.7656       1.22293466E-04 
   88308.7422       1.23627193E-04 
   88446.7266       1.27982159E-04 
   88584.7109       1.28830288E-04 
   88722.6953       1.30601184E-04 
   88860.6797       1.25720602E-04 
   88998.6562       1.27314532E-04 
   89136.6484       1.24143684E-04 
   89274.6250       1.39702868E-04 
   89412.6094       1.39224663E-04 
   89550.5859       1.35688068E-04 
   89688.5703       1.32966481E-04 
   89826.5547       1.20983161E-04 
   89964.5391       1.35412731E-04 
   90102.5234       1.23325168E-04 
   90240.5000       1.32429472E-04 
   90378.4844       1.31264838E-04 
   90516.4688       1.34315516E-04 
   90654.4531       1.33550609E-04 
   90792.4297       1.24632206E-04 
   90930.4141       1.35562150E-04 
   91068.3984       1.45641330E-04 
   91206.3828       1.13821377E-04 
   91344.3672       1.35676586E-04 
   91482.3438       1.35896189E-04 
   91620.3281       1.26329469E-04 
   91758.3125       1.31243811E-04 
   91896.2969       1.33738460E-04 
   92034.2734       1.29643522E-04 
   92172.2578       1.36700561E-04 
   92310.2422       1.38803196E-04 
   92448.2266       1.27956271E-04 
   92586.2109       1.38526302E-04 
   92724.1797       1.33311391E-04 
   92862.1719       1.36579329E-04 
   93000.1562       1.12648238E-04 
   93138.1406       1.33684647E-04 
   93276.1094       1.46154009E-04 
   93414.0938       1.01751037E-04 
   93552.0781       1.30090688E-04 
   93690.0703       1.33004272E-04 
   93828.0547       1.40670352E-04 
   93966.0234       1.43009587E-04 
   94104.0078       1.29355773E-04 
   94241.9922       1.38583404E-04 
   94379.9766       1.38082018E-04 
   94517.9531       1.33697991E-04 
   94655.9375       1.37683048E-04 
   94793.9219       1.37759693E-04 
   94931.9062       1.40365795E-04 
   95069.8906       1.36265575E-04 
   95207.8672       1.29824723E-04 
   95345.8516       1.38487230E-04 
   95483.8281       1.40195101E-04 
   95621.8203       1.40583157E-04 
   95759.7969       1.54361012E-04 
   95897.7812       1.30639964E-04 
   96035.7656       1.32632369E-04 
   96173.7500       1.45842161E-04 
   96311.7344       1.47594925E-04 
   96449.7109       1.34599133E-04 
   96587.6953       1.34833026E-04 
   96725.6719       1.39449941E-04 
   96863.6641       1.40918492E-04 
   97001.6406       1.44922553E-04 
   97139.6250       1.38098112E-04 
   97277.6094       1.46897975E-04 
   97415.5859       1.36802904E-04 
   97553.5781       1.42878023E-04 
   97691.5547       1.67350197E-04 
   97829.5391       1.46970531E-04 
   97967.5156       1.35968250E-04 
   98105.5078       1.41203665E-04 
   98243.4844       1.46524020E-04 
   98381.4688       1.38967633E-04 
   98519.4531       1.40592369E-04 
   98657.4219       1.45228303E-04 
   98795.4219       1.44899808E-04 
   98933.3984       1.49568703E-04 
   99071.3828       1.43565863E-04 
   99209.3516       1.50061504E-04 
   99347.3516       1.36029732E-04 
   99485.3203       1.43968980E-04 
   99623.3047       1.36958202E-04 
   99761.2969       1.32395231E-04 
   99899.2656       1.55089161E-04 
   100037.266       1.56368755E-04 
   100175.234       1.37778072E-04 
   100313.219       1.38156465E-04 
   100451.195       1.49474989E-04 
   100589.180       1.36377290E-04 
   100727.164       1.54640918E-04 
   100865.148       1.51818196E-04 
   101003.133       1.51252592E-04 
   101141.109       1.52544439E-04 
   101279.102       1.56265640E-04 
   101417.078       1.43902551E-04 
   101555.062       1.52983936E-04 
   101693.039       1.61836680E-04 
   101831.023       1.53484172E-04 
   101969.008       1.50441600E-04 
   102106.992       1.48390478E-04 
   102244.977       1.54414491E-04 
   102382.953       1.53543355E-04 
   102520.938       1.59297721E-04 
   102658.922       1.56568000E-04 
   102796.906       1.45806291E-04 
   102934.883       1.51305911E-04 
   103072.867       1.32941233E-04 
   103210.852       1.53858913E-04 
   103348.836       1.67428254E-04 
   103486.820       1.58285984E-04 
   103624.797       1.37803276E-04 
   103762.781       1.56646056E-04 
   103900.766       1.61876073E-04 
   104038.750       1.65468868E-04 
   104176.727       1.41980243E-04 
   104314.711       1.64758152E-04 
   104452.695       1.53523637E-04 
   104590.680       1.65306759E-04 
   104728.664       1.63415127E-04 
   104866.633       1.57398958E-04 
   105004.625       1.48511637E-04 
   105142.609       1.64756028E-04 
   105280.594       1.54391833E-04 
   105418.562       1.80196163E-04 
   105556.547       1.64783502E-04 
   105694.531       1.59289106E-04 
   105832.523       1.60726529E-04 
   105970.508       1.47545972E-04 
   106108.477       1.65312216E-04 
   106246.461       1.60302079E-04 
   106384.445       1.55609916E-04 
   106522.430       1.65374790E-04 
   106660.406       1.51683227E-04 
   106798.391       1.55878530E-04 
   106936.375       1.66293408E-04 
   107074.359       1.54058667E-04 
   107212.344       1.46398714E-04 
   107350.320       1.73037639E-04 
   107488.305       1.18633972E-04 
   107626.281       1.30600485E-04 
   107764.273       2.45381787E-04 
   107902.250       1.99914328E-04 
   108040.234       1.65968449E-04 
   108178.219       1.69098537E-04 
   108316.203       1.84004690E-04 
   108454.188       1.70911211E-04 
   108592.164       1.82608332E-04 
   108730.148       1.74821587E-04 
   108868.125       1.71996478E-04 
   109006.117       1.76012734E-04 
   109144.094       1.65892590E-04 
   109282.078       1.81752388E-04 
   109420.062       1.80380783E-04 
   109558.047       1.77306574E-04 
   109696.031       1.78921240E-04 
   109834.008       1.82192365E-04 
   109971.992       1.82308606E-04 
   110109.961       1.97898378E-04 
   110247.961       1.81821946E-04 
   110385.938       1.87436613E-04 
   110523.922       1.99231450E-04 
   110661.906       1.79952884E-04 
   110799.875       1.86808989E-04 
   110937.875       1.84612247E-04 
   111075.852       1.88138103E-04 
   111213.836       2.05826014E-04 
   111351.805       1.88275706E-04 
   111489.805       2.06501325E-04 
   111627.773       2.15834822E-04 
   111765.758       2.07849589E-04 
   111903.742       1.15384530E-04 
   112041.719       1.30795772E-04 
   112179.719       1.82912991E-04 
   112317.688       1.71497028E-04 
   112455.672       1.77823298E-04 
   112593.648       1.85911558E-04 
   112731.633       1.79563591E-04 
   112869.617       1.80263669E-04 
   113007.602       1.48513878E-04 
   113145.586       1.92068590E-04 
   113283.562       1.99619419E-04 
   113421.555       1.77575508E-04 
   113559.531       1.76505462E-04 
   113697.516       1.93903441E-04 
   113835.492       1.92133943E-04 
   113973.477       2.04941069E-04 
   114111.461       2.18209039E-04 
   114249.445       2.02446550E-04 
   114387.430       2.07397301E-04 
   114525.406       1.80154093E-04 
   114663.391       2.07507735E-04 
   114801.375       2.04053125E-04 
   114939.359       1.98279857E-04 
   115077.336       2.01977149E-04 
   115215.320       2.05101183E-04 
   115353.305       1.84334975E-04 
   115491.289       2.41137808E-04 
   115629.273       1.63566976E-04 
   115767.250       2.36945838E-04 
   115905.234       1.68085302E-04 
   116043.219       2.06701137E-04 
   116181.203       2.25415002E-04 
   116319.180       2.22740040E-04 
   116457.164       2.08495811E-04 
   116595.148       2.17048524E-04 
   116733.133       2.03752454E-04 
   116871.117       2.08489262E-04 
   117009.086       2.18791407E-04 
   117147.078       2.19274909E-04 
   117285.062       2.11399689E-04 
   117423.047       2.20333255E-04 
   117561.016       2.27949757E-04 
   117699.000       2.26780307E-04 
   117836.984       2.08319674E-04 
   117974.969       2.29131270E-04 
   118112.961       2.27427459E-04 
   118250.930       2.25661963E-04 
   118388.914       2.21539580E-04 
   118526.898       2.33099621E-04 
   118664.883       2.34186780E-04 
   118802.859       2.27456840E-04 
   118940.844       2.31347294E-04 
   119078.828       2.44716619E-04 
   119216.812       2.36073727E-04 
   119354.797       2.31095910E-04 
   119492.773       2.25593918E-04 
   119630.758       2.37609318E-04 
   119768.734       2.41715024E-04 
   119906.727       2.36143445E-04 
   120044.703       2.44835217E-04 
   120182.688       2.46515672E-04 
   120320.672       2.45592906E-04 
   120458.656       2.26882941E-04 
   120596.641       2.55109888E-04 
   120734.617       2.43551985E-04 
   120872.602       2.50734796E-04 
   121010.578       2.47532065E-04 
   121148.570       2.46501993E-04 
   121286.547       2.74568971E-04 
   121424.531       2.58076994E-04 
   121562.516       2.50122597E-04 
   121700.500       2.52316211E-04 
   121838.484       2.52433878E-04 
   121976.461       2.64068716E-04 
   122114.445       2.59384135E-04 
   122252.414       2.67130730E-04 
   122390.414       2.52489001E-04 
   122528.391       2.70812016E-04 
   122666.375       2.57817708E-04 
   122804.359       2.65395007E-04 
   122942.328       2.83887231E-04 
   123080.328       2.75503757E-04 
   123218.297       2.80554697E-04 
   123356.289       2.68321135E-04 
   123494.258       2.69549550E-04 
   123632.258       2.81714572E-04 
   123770.227       2.92173558E-04 
   123908.211       2.93580990E-04 
   124046.195       2.79975327E-04 
   124184.172       2.99094187E-04 
   124322.172       3.10792093E-04 
   124460.141       2.85138725E-04 
   124598.125       3.04947374E-04 
   124736.102       3.00132146E-04 
   124874.086       3.07489303E-04 
   125012.070       3.05040157E-04 
   125150.055       3.05183203E-04 
   125288.039       3.31259478E-04 
   125426.016       3.01675842E-04 
   125564.008       3.25915375E-04 
   125701.984       3.55727010E-04 
   125839.969       3.16760503E-04 
   125977.945       3.30176234E-04 
   126115.930       3.21847037E-04 
   126253.914       3.34382232E-04 
   126391.898       3.45335458E-04 
   126529.883       3.43699649E-04 
   126667.859       3.39450489E-04 
   126805.852       3.50324146E-04 
   126943.828       3.62279708E-04 
   127081.812       3.58158635E-04 
   127219.789       3.50765302E-04 
   127357.773       3.34260316E-04 
   127495.758       3.75943375E-04 
   127633.742       3.81854043E-04 
   127771.727       1.68276252E-04 
   127909.703       3.29552568E-04 
   128047.688       3.62077379E-04 
   128185.672       3.85970779E-04 
   128323.656       3.83941311E-04 
   128461.633       3.77494638E-04 
   128599.617       3.91201494E-04 
   128737.602       4.01656114E-04 
   128875.586       4.07496904E-04 
   129013.570       4.07094863E-04 
   129151.539       4.02328878E-04 
   129289.523       4.16243158E-04 
   129427.516       4.20957891E-04 
   129565.500       3.93431663E-04 
   129703.469       3.40918545E-04 
   129841.453       5.16794156E-03 
   129979.438       5.68761374E-04 
   130117.422       5.30284713E-04 
   130255.414       5.25066163E-04 
   130393.383       5.41517336E-04 
   130531.367       5.34419611E-04 
   130669.352       5.43278642E-04 
   130807.336       5.64224727E-04 
   130945.312       5.83874236E-04 
   131083.297       5.85155736E-04 
   131221.281       6.23334199E-04 
   131359.266       6.67953107E-04 
   131497.250       7.27796287E-04 
   131635.234       8.50625278E-04 
   131773.219       1.19874056E-03 
   131911.188       3.87353636E-02 
   132049.188       1.85096666E-04 
   132187.156       1.69130333E-04 
   132325.141       2.51588557E-04 
   132463.125       3.25264322E-04 
   132601.109       3.50523100E-04 
   132739.094       3.58732155E-04 
   132877.062       3.59390979E-04 
   133015.047       3.27074697E-04 
   133153.031       2.83664413E-04 
   133291.031       2.10114929E-04 
   133429.000       7.11889952E-05 
   133566.984       1.90537816E-04 
   133704.969       7.73879816E-04 
   133842.953       2.66537350E-03 
   133980.938      0.323236912     
   134118.906       5.12156216E-03 
   134256.891       3.34312860E-03 
   134394.875       2.82122265E-03 
   134532.859       2.62429961E-03 
   134670.844       2.59132683E-03 
   134808.828       2.64081080E-03 
   134946.812       2.76236632E-03 
   135084.781       2.98313168E-03 
   135222.781       3.31933307E-03 
   135360.750       3.77900410E-03 
   135498.734       4.52736579E-03 
   135636.719       5.78460423E-03 
   135774.703       8.33657384E-03 
   135912.688       1.60576236E-02 
   136050.672       2.58794665     
   136188.656       1.45908222E-02 
   136326.625       6.98174024E-03 
   136464.625       4.41999547E-03 
   136602.594       3.16124596E-03 
   136740.578       2.39318516E-03 
   136878.562       1.87837239E-03 
   137016.547       1.50527863E-03 
   137154.531       1.21394708E-03 
   137292.516       9.86263505E-04 
   137430.500       7.87224912E-04 
   137568.469       6.30872091E-04 
   137706.469       4.88930091E-04 
   137844.438       3.60446807E-04 
   137982.422       2.43466668E-04 
   138120.406       1.34440153E-04 

