           1   2.49925947       2.42445916E-02  -1.47971266E-04
          11   2.49704075       2.42441949E-02  -2.95340142E-04
          21   2.49335265       2.42434628E-02  -4.41495533E-04
          31   2.48821068       2.42424607E-02  -5.85809350E-04
          41   2.48163652       2.42411699E-02  -7.27627950E-04
          51   2.47365832       2.42395587E-02  -8.66263930E-04
          61   2.46431136       2.42376048E-02  -1.00098806E-03
          71   2.45363855       2.42352970E-02  -1.13102188E-03
          81   2.44169092       2.42326371E-02  -1.25553051E-03
          91   2.42852807       2.42296383E-02  -1.37361721E-03
         101   2.41421866       2.42262706E-02  -1.48431852E-03
         111   2.39884162       2.42225900E-02  -1.58660149E-03
         121   2.38248658       2.42186524E-02  -1.67936331E-03
         131   2.36525440       2.42145117E-02  -1.76143413E-03
         141   2.34725785       2.42102649E-02  -1.83158391E-03
         151   2.32862258       2.42060665E-02  -1.88853382E-03
         161   2.30948710       2.42020898E-02  -1.93097384E-03
         171   2.29000306       2.41985414E-02  -1.95758697E-03
         181   2.27033544       2.41956580E-02  -1.96708087E-03
         191   2.25066161       2.41937041E-02  -1.95822818E-03
         201   2.23117089       2.41929423E-02  -1.92991400E-03
         211   2.21206331       2.41936073E-02  -1.88119221E-03
         221   2.19354701       2.41959020E-02  -1.81134744E-03
         231   2.17583632       2.41998993E-02  -1.71996129E-03
         241   2.15914774       2.42056027E-02  -1.60697859E-03
         251   2.14369678       2.42127888E-02  -1.47276931E-03
         261   2.12969255       2.42211390E-02  -1.31818093E-03
         271   2.11733317       2.42301654E-02  -1.14457449E-03
         281   2.10680103       2.42391806E-02  -9.53839277E-04
         291   2.09825635       2.42474917E-02  -7.48380204E-04
         301   2.09183335       2.42543742E-02  -5.31076104E-04
         311   2.08763480       2.42591668E-02  -3.05207475E-04
         321   2.08572912       2.42614243E-02  -7.43563724E-05
         331   2.08614755       2.42609698E-02   1.57715462E-04
         341   2.08888340       2.42577214E-02   3.87201493E-04
         351   2.09389162       2.42521409E-02   6.10389339E-04
         361   2.10109115       2.42446885E-02   8.23792536E-04
         371   2.11036754       2.42360104E-02   1.02426484E-03
         381   2.12157655       2.42269188E-02   1.20909093E-03
         391   2.13454938       2.42180619E-02   1.37604796E-03
         401   2.14909744       2.42100712E-02   1.52343686E-03
         411   2.16501808       2.42033750E-02   1.65008416E-03
         421   2.18209910       2.41982806E-02   1.75531930E-03
         431   2.20012450       2.41948888E-02   1.83893181E-03
         441   2.21887779       2.41932087E-02   1.90111506E-03
         451   2.23814678       2.41930764E-02   1.94240198E-03
         461   2.25772595       2.41942946E-02   1.96359819E-03
         471   2.27741885       2.41966136E-02   1.96571741E-03
         481   2.29704022       2.41997633E-02   1.94992113E-03
         491   2.31641722       2.42034942E-02   1.91746524E-03
         501   2.33538961       2.42075752E-02   1.86965510E-03
         511   2.35381031       2.42117979E-02   1.80780841E-03
         521   2.37154579       2.42160205E-02   1.73322647E-03
         531   2.38847494       2.42201053E-02   1.64717215E-03
         541   2.40448928       2.42239628E-02   1.55085488E-03
         551   2.41949201       2.42275186E-02   1.44542102E-03
         561   2.43339753       2.42307372E-02   1.33194833E-03
         571   2.44613075       2.42336132E-02   1.21144473E-03
         581   2.45762634       2.42361501E-02   1.08484924E-03
         591   2.46782780       2.42383331E-02   9.53035662E-04
         601   2.47668719       2.42401920E-02   8.16817803E-04
         611   2.48416424       2.42417026E-02   6.76955562E-04
         621   2.49022627       2.42428891E-02   5.34162275E-04
         631   2.49484754       2.42437981E-02   3.89112334E-04
         641   2.49800849       2.42443737E-02   2.42449227E-04
         651   2.49969649       2.42447071E-02   9.47939479E-05
         661   2.49990439       2.42447369E-02  -5.32465783E-05
         671   2.49863148       2.42444985E-02  -2.01070885E-04
         681   2.49588299       2.42439862E-02  -3.48074449E-04
         691   2.49167013       2.42431927E-02  -4.93641128E-04
         701   2.48601031       2.42420882E-02  -6.37134537E-04
         711   2.47892761       2.42406856E-02  -7.77889858E-04
         721   2.47045255       2.42389310E-02  -9.15205514E-04
         731   2.46062350       2.42368560E-02  -1.04833534E-03
         741   2.44948602       2.42344439E-02  -1.17648137E-03
         751   2.43709397       2.42316499E-02  -1.29878731E-03
         761   2.42351031       2.42285132E-02  -1.41433277E-03
         771   2.40880728       2.42250320E-02  -1.52212940E-03
         781   2.39306760       2.42212489E-02  -1.62111898E-03
         791   2.37638474       2.42172070E-02  -1.71017402E-03
         801   2.35886407       2.42130235E-02  -1.78810209E-03
         811   2.34062266       2.42087729E-02  -1.85365404E-03
         821   2.32179093       2.42046416E-02  -1.90553756E-03
         831   2.30251193       2.42007878E-02  -1.94243691E-03
         841   2.28294230       2.41974518E-02  -1.96303986E-03
         851   2.26325130       2.41948739E-02  -1.96607248E-03
         861   2.24362087       2.41933186E-02  -1.95034174E-03
         871   2.22424436       2.41930466E-02  -1.91478664E-03
         881   2.20532513       2.41942778E-02  -1.85853674E-03
         891   2.18707371       2.41971724E-02  -1.78097584E-03
         901   2.16970563       2.42017917E-02  -1.68180850E-03
         911   2.15343761       2.42080502E-02  -1.56112562E-03
         921   2.13848329       2.42157057E-02  -1.41946366E-03
         931   2.12504840       2.42243856E-02  -1.25785160E-03
         941   2.11332631       2.42334418E-02  -1.07784022E-03
         951   2.10349178       2.42422670E-02  -8.81507178E-04
         961   2.09569621       2.42501665E-02  -6.71434216E-04
         971   2.09006310       2.42563374E-02  -4.50654450E-04
         981   2.08668327       2.42602192E-02  -2.22569681E-04
         991   2.08561182       2.42615044E-02   9.15848068E-06
        1001   2.08686638       2.42600180E-02   2.40736277E-04
        1011   2.09042645       2.42559090E-02   4.68375365E-04
        1021   2.09623384       2.42495816E-02   6.88430155E-04
        1031   2.10419512       2.42415797E-02   8.97524296E-04
        1041   2.11418438       2.42327042E-02   1.09265768E-03
        1051   2.12604833       2.42235884E-02   1.27128651E-03
        1061   2.13961029       2.42149699E-02   1.43137423E-03
        1071   2.15467596       2.42073797E-02   1.57141197E-03
        1081   2.17103863       2.42012404E-02   1.69041089E-03
        1091   2.18848419       2.41967570E-02   1.78787170E-03
        1101   2.20679593       2.41939984E-02   1.86373631E-03
        1111   2.22575879       2.41928939E-02   1.91832776E-03
        1121   2.24516249       2.41932739E-02   1.95228471E-03
        1131   2.26480460       2.41949204E-02   1.96649507E-03
        1141   2.28449249       2.41975710E-02   1.96203194E-03
        1151   2.30404520       2.42009591E-02   1.94009661E-03
        1161   2.32329440       2.42048390E-02   1.90196757E-03
        1171   2.34208465       2.42089983E-02   1.84895832E-03
        1181   2.36027360       2.42132302E-02   1.78238365E-03
        1191   2.37773228       2.42174082E-02   1.70353323E-03
        1201   2.39434433       2.42214259E-02   1.61365222E-03
        1211   2.41000533       2.42251791E-02   1.51392817E-03
        1221   2.42462277       2.42286138E-02   1.40548311E-03
        1231   2.43811488       2.42317263E-02   1.28936977E-03
        1241   2.45041013       2.42344849E-02   1.16657093E-03
        1251   2.46144629       2.42368802E-02   1.03800173E-03
        1261   2.47117019       2.42389478E-02   9.04513756E-04
        1271   2.47953653       2.42406502E-02   7.66900601E-04
        1281   2.48650813       2.42420528E-02   6.25904649E-04
        1291   2.49205470       2.42431443E-02   4.82224248E-04
        1301   2.49615264       2.42439266E-02   3.36521683E-04
        1311   2.49878502       2.42444165E-02   1.89431448E-04
        1321   2.49994111       2.42446158E-02   4.15684844E-05
        1331   2.49961638       2.42445637E-02  -1.06463238E-04
        1341   2.49781203       2.42442489E-02  -2.54062179E-04
        1351   2.49453521       2.42436118E-02  -4.00620600E-04
        1361   2.48979950       2.42426861E-02  -5.45515970E-04
        1371   2.48362470       2.42414512E-02  -6.88102678E-04
        1381   2.47603726       2.42398977E-02  -8.27703567E-04
        1391   2.46707058       2.42380351E-02  -9.63601924E-04
        1401   2.45676517       2.42358129E-02  -1.09503383E-03
        1411   2.44516993       2.42332742E-02  -1.22118101E-03
        1421   2.43234158       2.42303461E-02  -1.34116469E-03
        1431   2.41834664       2.42270939E-02  -1.45404041E-03
        1441   2.40326095       2.42235176E-02  -1.55879487E-03
        1451   2.38717079       2.42196359E-02  -1.65434473E-03
        1461   2.37017393       2.42155343E-02  -1.73953839E-03
        1471   2.35238004       2.42113210E-02  -1.81316189E-03
        1481   2.33391070       2.42070947E-02  -1.87394861E-03
        1491   2.31490088       2.42030285E-02  -1.92059507E-03
        1501   2.29549861       2.41993330E-02  -1.95178343E-03
        1511   2.27586508       2.41962355E-02  -1.96621055E-03
        1521   2.25617433       2.41939947E-02  -1.96262659E-03
        1531   2.23661256       2.41928734E-02  -1.93987973E-03
        1541   2.21737671       2.41931230E-02  -1.89697032E-03
        1551   2.19867301       2.41949484E-02  -1.83311175E-03
        1561   2.18071437       2.41984669E-02  -1.74779538E-03
        1571   2.16371703       2.42036991E-02  -1.64085755E-03
        1581   2.14789724       2.42104977E-02  -1.51254318E-03
        1591   2.13346624       2.42185891E-02  -1.36356126E-03
        1601   2.12062597       2.42274851E-02  -1.19512610E-03
        1611   2.10956359       2.42365971E-02  -1.00897858E-03
        1621   2.10044622       2.42452081E-02  -8.07381759E-04
        1631   2.09341598       2.42525078E-02  -5.93087694E-04
        1641   2.08858466       2.42579076E-02  -3.69273272E-04
        1651   2.08603048       2.42609587E-02  -1.39447075E-04
        1661   2.08579564       2.42612138E-02   9.26662688E-05
        1671   2.08788395       2.42587142E-02   3.23258573E-04
        1681   2.09226084       2.42537633E-02   5.48577518E-04
        1691   2.09885550       2.42467560E-02   7.65060773E-04
        1701   2.10756207       2.42383871E-02   9.69456334E-04
        1711   2.11824465       2.42293142E-02   1.15892035E-03
        1721   2.13074064       2.42203139E-02   1.33108732E-03
        1731   2.14486647       2.42120251E-02   1.48410967E-03
        1741   2.16042280       2.42049247E-02   1.61666772E-03
        1751   2.17719984       2.41993535E-02   1.72795332E-03
        1761   2.19498181       2.41955016E-02   1.81763212E-03
        1771   2.21355247       2.41933335E-02   1.88579026E-03
        1781   2.23269773       2.41927877E-02   1.93287211E-03
        1791   2.25220990       2.41936520E-02   1.95961352E-03
        1801   2.27188993       2.41956916E-02   1.96697633E-03
        1811   2.29154944       2.41986383E-02   1.95608591E-03
        1821   2.31101179       2.42022350E-02   1.92817638E-03
        1831   2.33011293       2.42062267E-02   1.88454345E-03
        1841   2.34870243       2.42104176E-02   1.82650483E-03
        1851   2.36664295       2.42146589E-02   1.75536878E-03
        1861   2.38380980       2.42187828E-02   1.67241076E-03
        1871   2.40009117       2.42227167E-02   1.57885638E-03
        1881   2.41538692       2.42263563E-02   1.47587038E-03
        1891   2.42960858       2.42296979E-02   1.36455009E-03
        1901   2.44267797       2.42326893E-02   1.24592287E-03
        1911   2.45452714       2.42353305E-02   1.12094684E-03
        1921   2.46509695       2.42376029E-02   9.90513712E-04
        1931   2.47433734       2.42395382E-02   8.55453603E-04
        1941   2.48220611       2.42411494E-02   7.16540846E-04
        1951   2.48866820       2.42424253E-02   5.74501115E-04
        1961   2.49369597       2.42433865E-02   4.30018932E-04
        1971   2.49726844       2.42440496E-02   2.83745583E-04
        1981   2.49937081       2.42444519E-02   1.36307513E-04
        1991   2.49999452       2.42445562E-02  -1.16852389E-05
        2001   2.49913716       2.42444184E-02  -1.59630566E-04
        2011   2.49680209       2.42439900E-02  -3.06925707E-04
        2021   2.49299884       2.42432822E-02  -4.52958571E-04
        2031   2.48774290       2.42422372E-02  -5.97099366E-04
        2041   2.48105669       2.42408924E-02  -7.38691946E-04
        2051   2.47296906       2.42392533E-02  -8.77045910E-04
        2061   2.46351576       2.42372528E-02  -1.01142842E-03
        2071   2.45274043       2.42349207E-02  -1.14105677E-03
        2081   2.44069457       2.42322199E-02  -1.26509159E-03
        2091   2.42743850       2.42291726E-02  -1.38263090E-03
        2101   2.41304183       2.42257714E-02  -1.49270578E-03
        2111   2.39758420       2.42220610E-02  -1.59427768E-03
        2121   2.38115621       2.42180992E-02  -1.68623845E-03
        2131   2.36385942       2.42139380E-02  -1.76741334E-03
        2141   2.34580779       2.42096949E-02  -1.83656777E-03
        2151   2.32712793       2.42055058E-02  -1.89241976E-03
        2161   2.30795932       2.42015552E-02  -1.93365791E-03
        2171   2.28845477       2.41980497E-02  -1.95896579E-03
        2181   2.26877999       2.41952296E-02  -1.96705479E-03
        2191   2.24911356       2.41933595E-02  -1.95670431E-03
        2201   2.22964573       2.41927076E-02  -1.92681071E-03
        2211   2.21057725       2.41934974E-02  -1.87644386E-03
        2221   2.19211698       2.41959058E-02  -1.80490967E-03
        2231   2.17447925       2.42000446E-02  -1.71181594E-03
        2241   2.15788078       2.42058523E-02  -1.59713882E-03
        2251   2.14253640       2.42131837E-02  -1.46128412E-03
        2261   2.12865496       2.42216364E-02  -1.30513869E-03
        2271   2.11643362       2.42306590E-02  -1.13010523E-03
        2281   2.10605288       2.42396537E-02  -9.38114536E-04
        2291   2.09767127       2.42478978E-02  -7.31610868E-04
        2301   2.09142065       2.42545940E-02  -5.13507868E-04
        2311   2.08740115       2.42592059E-02  -2.87113769E-04
        2321   2.08567834       2.42612604E-02  -5.60293702E-05
        2331   2.08628058       2.42605321E-02   1.75974914E-04
        2341   2.08919787       2.42571179E-02   4.05095110E-04
        2351   2.09438252       2.42513400E-02   6.27632078E-04
        2361   2.10175061       2.42437311E-02   8.40122229E-04
        2371   2.11118507       2.42350101E-02   1.03945052E-03
        2381   2.12253976       2.42258832E-02   1.22293865E-03
        2391   2.13564396       2.42170729E-02   1.38840452E-03
        2401   2.15030789       2.42091715E-02   1.53419084E-03
        2411   2.16632771       2.42026001E-02   1.65916502E-03
        2421   2.18349123       2.41976231E-02   1.76269445E-03
        2431   2.20158172       2.41943859E-02   1.84460275E-03
        2441   2.22038317       2.41928324E-02   1.90511264E-03
        2451   2.23968387       2.41928156E-02   1.94478093E-03
        2461   2.25927877       2.41941381E-02   1.96443219E-03
        2471   2.27897239       2.41965335E-02   1.96509366E-03
        2481   2.29858065       2.41997410E-02   1.94793590E-03
        2491   2.31793118       2.42035054E-02   1.91422040E-03
        2501   2.33686495       2.42075976E-02   1.86525483E-03
        2511   2.35523629       2.42118351E-02   1.80235645E-03
        2521   2.37291217       2.42160447E-02   1.72682409E-03
        2531   2.38977265       2.42200978E-02   1.63991703E-03
        2541   2.40571046       2.42239423E-02   1.54283992E-03
        2551   2.42062950       2.42274776E-02   1.43673376E-03
        2561   2.43444514       2.42306944E-02   1.32267096E-03
        2571   2.44708300       2.42335647E-02   1.20165374E-03
        2581   2.45847821       2.42360514E-02   1.07461587E-03
        2591   2.46857524       2.42382083E-02   9.42426326E-04
        2601   2.47732663       2.42400020E-02   8.05894437E-04
        2611   2.48469305       2.42414884E-02   6.65776141E-04
        2621   2.49064207       2.42426433E-02   5.22781338E-04
        2631   2.49514866       2.42435243E-02   3.77581717E-04
        2641   2.49819374       2.42440924E-02   2.30818667E-04
        2651   2.49976492       2.42443811E-02   8.31117504E-05
        2661   2.49985600       2.42444091E-02  -6.49328358E-05
        2671   2.49846625       2.42441352E-02  -2.12713698E-04
        2681   2.49560165       2.42435951E-02  -3.59625701E-04
        2691   2.49127388       2.42427811E-02  -5.05051401E-04
        2701   2.48550081       2.42416691E-02  -6.48352550E-04
        2711   2.47830701       2.42402330E-02  -7.88861653E-04
        2721   2.46972370       2.42384709E-02  -9.25873872E-04
        2731   2.45978951       2.42363494E-02  -1.05863926E-03
        2741   2.44855094       2.42338963E-02  -1.18635548E-03
        2751   2.43606257       2.42311005E-02  -1.30816118E-03
        2761   2.42238784       2.42279321E-02  -1.42313086E-03
        2771   2.40759993       2.42244266E-02  -1.53027079E-03
        2781   2.39178228       2.42206138E-02  -1.62851717E-03
        2791   2.37502956       2.42165811E-02  -1.71673729E-03
        2801   2.35744762       2.42123827E-02  -1.79373391E-03
        2811   2.33915496       2.42081545E-02  -1.85825373E-03
        2821   2.32028270       2.42040362E-02  -1.90900185E-03
        2831   2.30097508       2.42002234E-02  -1.94466184E-03
        2841   2.28138947       2.41969321E-02  -1.96392299E-03
        2851   2.26169658       2.41944268E-02  -1.96551601E-03
        2861   2.24207926       2.41929591E-02  -1.94825651E-03
        2871   2.22273159       2.41927970E-02  -1.91109639E-03
        2881   2.20385742       2.41941549E-02  -1.85318291E-03
        2891   2.18566799       2.41971873E-02  -1.77392270E-03
        2901   2.16837907       2.42019296E-02  -1.67304859E-03
        2911   2.15220714       2.42083110E-02  -1.55068468E-03
        2921   2.13736534       2.42161006E-02  -1.40740455E-03
        2931   2.12405896       2.42248140E-02  -1.24427758E-03
        2941   2.11247969       2.42339522E-02  -1.06289610E-03
        2951   2.10280085       2.42427681E-02  -8.65378825E-04
        2961   2.09517193       2.42505539E-02  -6.54345553E-04
        2971   2.08971381       2.42565889E-02  -4.32861911E-04
        2981   2.08651471       2.42602788E-02  -2.04354496E-04
        2991   2.08562684       2.42613256E-02   2.74997001E-05
        3001   2.08706474       2.42596306E-02   2.58902321E-04
        3011   2.09080482       2.42553204E-02   4.86071425E-04
        3021   2.09678602       2.42488608E-02   7.05378421E-04
        3031   2.10491228       2.42407992E-02   9.13473195E-04
        3041   2.11505556       2.42318362E-02   1.10738887E-03
        3051   2.12706017       2.42227521E-02   1.28462038E-03
        3061   2.14074802       2.42142193E-02   1.44317257E-03
        3071   2.15592360       2.42067482E-02   1.58157817E-03
        3081   2.17237949       2.42007412E-02   1.69888849E-03
        3091   2.18990135       2.41963826E-02   1.79464091E-03
        3101   2.20827246       2.41937432E-02   1.86880946E-03
        3111   2.22727776       2.41927523E-02   1.92174455E-03
        3121   2.24670744       2.41932459E-02   1.95410708E-03
        3131   2.26635981       2.41949763E-02   1.96680170E-03
        3141   2.28604341       2.41976939E-02   1.96091412E-03
        3151   2.30557799       2.42011286E-02   1.93765317E-03
        3161   2.32479644       2.42050439E-02   1.89830142E-03
        3171   2.34354401       2.42091995E-02   1.84417365E-03
        3181   2.36167979       2.42134370E-02   1.77658361E-03
        3191   2.37907577       2.42176149E-02   1.69681793E-03
        3201   2.39561629       2.42216140E-02   1.60611758E-03
        3211   2.41119814       2.42253393E-02   1.50566536E-03
        3221   2.42572951       2.42287535E-02   1.39657781E-03
        3231   2.43912959       2.42318343E-02   1.27990206E-03
        3241   2.45132756       2.42345817E-02   1.15661556E-03
        3251   2.46226192       2.42369510E-02   1.02762808E-03
        3261   2.47188020       2.42390037E-02   8.93786433E-04
        3271   2.48013783       2.42407080E-02   7.55879970E-04
        3281   2.48699784       2.42420752E-02   6.14647288E-04
        3291   2.49243069       2.42431257E-02   4.70783678E-04
        3301   2.49641347       2.42438838E-02   3.24948953E-04
        3311   2.49892974       2.42443774E-02   1.77775684E-04
        3321   2.49996901       2.42445543E-02   2.98776722E-05
        3331   2.49952722       2.42444780E-02  -1.18141608E-04
        3341   2.49760604       2.42440831E-02  -2.65680428E-04
        3351   2.49421358       2.42434610E-02  -4.12130204E-04
        3361   2.48936343       2.42424961E-02  -5.56866929E-04
        3371   2.48307610       2.42412463E-02  -6.99242752E-04
        3381   2.47537851       2.42396891E-02  -8.38577747E-04
        3391   2.46630454       2.42378041E-02  -9.74151713E-04
        3401   2.45589542       2.42355522E-02  -1.10519677E-03
        3411   2.44420052       2.42329612E-02  -1.23088993E-03
        3421   2.43127751       2.42300052E-02  -1.35034730E-03
        3431   2.41719341       2.42266990E-02  -1.46261917E-03
        3441   2.40202498       2.42230780E-02  -1.56668667E-03
        3451   2.38585949       2.42191702E-02  -1.66146096E-03
        3461   2.36879563       2.42150612E-02  -1.74578547E-03
        3471   2.35094380       2.42108405E-02  -1.81844155E-03
        3481   2.33242679       2.42066178E-02  -1.87815900E-03
        3491   2.31338048       2.42025759E-02  -1.92363234E-03
        3501   2.29395413       2.41989251E-02  -1.95354363E-03
        3511   2.27430964       2.41958871E-02  -1.96659286E-03
        3521   2.25462222       2.41937265E-02  -1.96153577E-03
        3531   2.23507881       2.41927058E-02  -1.93723035E-03
        3541   2.21587753       2.41930634E-02  -1.89269171E-03
        3551   2.19722509       2.41950024E-02  -1.82715303E-03
        3561   2.17933464       2.41986588E-02  -1.74013060E-03
        3571   2.16242266       2.42039971E-02  -1.63149065E-03
        3581   2.14670491       2.42109187E-02  -1.50151271E-03
        3591   2.13239241       2.42190957E-02  -1.35094428E-03
        3601   2.11968613       2.42280066E-02  -1.18104101E-03
        3611   2.10877156       2.42371000E-02  -9.93585563E-04
        3621   2.09981441       2.42455900E-02  -7.90881226E-04
        3631   2.09295416       2.42527612E-02  -5.75716316E-04
        3641   2.08830023       2.42580045E-02  -3.51297407E-04
        3651   2.08592820       2.42608152E-02  -1.21154677E-04
        3661   2.08587718       2.42608543E-02   1.10975692E-04
        3671   2.08814788       2.42581554E-02   3.41284991E-04
        3681   2.09270287       2.42530406E-02   5.66031260E-04
        3691   2.09946847       2.42458694E-02   7.81672425E-04
        3701   2.10833645       2.42373850E-02   9.84985265E-04
        3711   2.11916828       2.42283270E-02   1.17316190E-03
        3721   2.13179970       2.42193677E-02   1.34387682E-03
        3731   2.14604568       2.42111757E-02   1.49532408E-03
        3741   2.16170597       2.42042057E-02   1.62622519E-03
        3751   2.17857003       2.41987891E-02   1.73581101E-03
        3761   2.19642210       2.41950508E-02   1.82378246E-03
        3771   2.21504569       2.41930243E-02   1.89025630E-03
        3781   2.23422718       2.41925996E-02   1.93570240E-03
        3791   2.25375962       2.41935682E-02   1.96087686E-03
        3801   2.27344465       2.41956878E-02   1.96675630E-03
        3811   2.29309464       2.41986942E-02   1.95447681E-03
        3821   2.31253409       2.42023263E-02   1.92527904E-03
        3831   2.33160019       2.42063478E-02   1.88046170E-03
        3841   2.35014343       2.42105704E-02   1.82134239E-03
        3851   2.36802721       2.42148004E-02   1.74922764E-03
        3861   2.38512802       2.42189206E-02   1.66538963E-03
        3871   2.40133500       2.42228210E-02   1.57104956E-03
        3881   2.41654897       2.42264420E-02   1.46736705E-03
        3891   2.43068218       2.42297389E-02   1.35543395E-03
        3901   2.44365764       2.42327116E-02   1.23627204E-03
        3911   2.45540762       2.42352970E-02   1.11083419E-03
        3921   2.46587420       2.42375433E-02   9.80006997E-04
        3931   2.47500777       2.42394563E-02   8.44615803E-04
        3941   2.48276663       2.42410488E-02   7.05430866E-04
        3951   2.48911643       2.42422968E-02   5.63174428E-04
        3961   2.49403000       2.42432337E-02   4.18527983E-04
        3971   2.49748683       2.42438838E-02   2.72140634E-04
        3981   2.49947286       2.42442824E-02   1.24637198E-04
        3991   2.49997973       2.42443811E-02  -2.33732644E-05
        4001   2.49900532       2.42441744E-02  -1.71288819E-04
        4011   2.49655390       2.42437236E-02  -3.18506267E-04
        4021   2.49263525       2.42429674E-02  -4.64412471E-04
        4031   2.48726559       2.42419150E-02  -6.08375820E-04
        4041   2.48046756       2.42405348E-02  -7.49737897E-04
        4051   2.47227073       2.42388658E-02  -8.87805130E-04
        4061   2.46271157       2.42368691E-02  -1.02184108E-03
        4071   2.45183396       2.42344905E-02  -1.15105871E-03
        4081   2.43969035       2.42317822E-02  -1.27461390E-03
        4091   2.42634177       2.42287144E-02  -1.39159965E-03
        4101   2.41185856       2.42253244E-02  -1.50104170E-03
        4111   2.39632106       2.42215991E-02  -1.60189590E-03
        4121   2.37982059       2.42176130E-02  -1.69304851E-03
        4131   2.36246014       2.42134593E-02  -1.77331991E-03
        4141   2.34435439       2.42092311E-02  -1.84147141E-03
        4151   2.32563090       2.42050681E-02  -1.89621793E-03
        4161   2.30643010       2.42011417E-02  -1.93624652E-03
        4171   2.28690600       2.41976790E-02  -1.96024170E-03
        4181   2.26722527       2.41949279E-02  -1.96691882E-03
        4191   2.24756765       2.41931472E-02  -1.95506448E-03
        4201   2.22812414       2.41925959E-02  -1.92358671E-03
        4211   2.20909595       2.41935141E-02  -1.87157153E-03
        4221   2.19069266       2.41960660E-02  -1.79834606E-03
        4231   2.17312908       2.42003314E-02  -1.70354499E-03
        4241   2.15662193       2.42062621E-02  -1.58717635E-03
        4251   2.14138556       2.42137015E-02  -1.44968217E-03
        4261   2.12762809       2.42222250E-02  -1.29198888E-03
        4271   2.11554575       2.42312681E-02  -1.11554086E-03
        4281   2.10531735       2.42402162E-02  -9.22310282E-04
        4291   2.09709954       2.42483579E-02  -7.14780414E-04
        4301   2.09102178       2.42549069E-02  -4.95899178E-04
        4311   2.08718157       2.42593475E-02  -2.69001845E-04
        4321   2.08564162       2.42611840E-02  -3.77072211E-05
        4331   2.08642745       2.42602322E-02   1.94206543E-04
        4341   2.08952594       2.42565814E-02   4.22938610E-04
        4351   2.09488630       2.42506526E-02   6.44804037E-04
        4361   2.10242200       2.42429562E-02   8.56363040E-04
        4371   2.11201358       2.42341794E-02   1.05453213E-03
        4381   2.12351274       2.42250636E-02   1.23667042E-03
        4391   2.13674712       2.42162943E-02   1.40063651E-03
        4401   2.15152550       2.42084935E-02   1.54481479E-03
        4411   2.16764331       2.42020376E-02   1.66811340E-03
        4421   2.18488765       2.41972096E-02   1.76993757E-03
        4431   2.20304203       2.41940990E-02   1.85014470E-03
        4441   2.22189045       2.41926759E-02   1.90898613E-03
        4451   2.24122167       2.41927765E-02   1.94704218E-03
        4461   2.26083136       2.41941884E-02   1.96515559E-03
        4471   2.28052473       2.41966564E-02   1.96436723E-03
        4481   2.30011868       2.41999179E-02   1.94585661E-03
        4491   2.31944203       2.42037214E-02   1.91089022E-03
        4501   2.33833647       2.42078286E-02   1.86077773E-03
        4511   2.35665751       2.42120679E-02   1.79683592E-03
        4521   2.37427330       2.42162813E-02   1.72036118E-03
        4531   2.39106488       2.42203362E-02   1.63260882E-03
        4541   2.40692544       2.42241342E-02   1.53477886E-03
        4551   2.42176032       2.42276452E-02   1.42800715E-03
        4561   2.43548560       2.42308378E-02   1.31336041E-03
        4571   2.44802761       2.42336784E-02   1.19183538E-03
        4581   2.45932245       2.42361687E-02   1.06436061E-03
        4591   2.46931481       2.42382772E-02   9.31800052E-04
        4601   2.47795844       2.42400877E-02   7.94958498E-04
        4611   2.48521399       2.42415238E-02   6.54588104E-04
        4621   2.49105000       2.42426544E-02   5.11395570E-04
        4631   2.49544191       2.42435224E-02   3.66049760E-04
        4641   2.49837112       2.42440812E-02   2.19190057E-04
        4651   2.49982572       2.42443513E-02   7.14346897E-05
        4661   2.49979973       2.42443364E-02  -7.66108278E-05
        4671   2.49829340       2.42440421E-02  -2.24345116E-04
        4681   2.49531269       2.42434535E-02  -3.71162314E-04
        4691   2.49087000       2.42426004E-02  -5.16443688E-04
        4701   2.48498368       2.42414214E-02  -6.59548910E-04
        4711   2.47767901       2.42399666E-02  -7.99807953E-04
        4721   2.46898770       2.42381822E-02  -9.36512661E-04
        4731   2.45894885       2.42360458E-02  -1.06890919E-03
        4741   2.44760942       2.42335387E-02  -1.19619071E-03
        4751   2.43502498       2.42306963E-02  -1.31749117E-03
        4761   2.42125964       2.42275074E-02  -1.43187970E-03
        4771   2.40638733       2.42239665E-02  -1.53835700E-03
        4781   2.39049244       2.42201518E-02  -1.63585390E-03
        4791   2.37367034       2.42161043E-02  -1.72323233E-03
        4801   2.35602784       2.42118910E-02  -1.79929018E-03
        4811   2.33768439       2.42076479E-02  -1.86277041E-03
        4821   2.31877232       2.42035445E-02  -1.91237545E-03
        4831   2.29943681       2.41997596E-02  -1.94678816E-03
        4841   2.27983642       2.41965204E-02  -1.96469971E-03
        4851   2.26014280       2.41940841E-02  -1.96484616E-03
        4861   2.24053955       2.41927188E-02  -1.94605172E-03
        4871   2.22122169       2.41926704E-02  -1.90728134E-03
        4881   2.20239377       2.41941642E-02  -1.84770045E-03
        4891   2.18426752       2.41973400E-02  -1.76673895E-03
        4901   2.16705894       2.42022332E-02  -1.66415819E-03
        4911   2.15098429       2.42087469E-02  -1.54011592E-03
        4921   2.13625646       2.42166184E-02  -1.39522343E-03
        4931   2.12307978       2.42254063E-02  -1.23059063E-03
        4941   2.11164474       2.42344886E-02  -1.04785187E-03
        4951   2.10212278       2.42432375E-02  -8.49166827E-04
        4961   2.09466147       2.42508519E-02  -6.37192861E-04
        4971   2.08937907       2.42567118E-02  -4.15027404E-04
        4981   2.08636093       2.42602378E-02  -1.86121004E-04
        4991   2.08565664       2.42610760E-02   4.58350332E-05
        5001   2.08727765       2.42591519E-02   2.77038518E-04
        5011   2.09119749       2.42546257E-02   5.03714662E-04
        5021   2.09735203       2.42479909E-02   7.22252415E-04
        5031   2.10564256       2.42398046E-02   9.29328497E-04
        5041   2.11593866       2.42308378E-02   1.12201029E-03
        5051   2.12808275       2.42217854E-02   1.29783177E-03
        5061   2.14189529       2.42133029E-02   1.45483902E-03
        5071   2.15717959       2.42059380E-02   1.59160630E-03
        5081   2.17372751       2.42000334E-02   1.70722464E-03
        5091   2.19132423       2.41958052E-02   1.80126785E-03
        5101   2.20975304       2.41933018E-02   1.87374221E-03
        5111   2.22879910       2.41924487E-02   1.92502525E-03
        5121   2.24825358       2.41930466E-02   1.95579929E-03
        5131   2.26791525       2.41948664E-02   1.96698541E-03
        5141   2.28759336       2.41976548E-02   1.95968105E-03
        5151   2.30710888       2.42011324E-02   1.93510228E-03
        5161   2.32629538       2.42050663E-02   1.89453608E-03
        5171   2.34499955       2.42092442E-02   1.83929817E-03
        5181   2.36308122       2.42134742E-02   1.77070091E-03
        5191   2.38041353       2.42176410E-02   1.69002800E-03
        5201   2.39688182       2.42216103E-02   1.59851613E-03
        5211   2.41238379       2.42253188E-02   1.49734295E-03
        5221   2.42682862       2.42287144E-02   1.38761965E-03
        5231   2.44013619       2.42317840E-02   1.27038779E-03
        5241   2.45223641       2.42344830E-02   1.14661932E-03
        5251   2.46306849       2.42368169E-02   1.01721915E-03
        5261   2.47258067       2.42388099E-02   8.83029250E-04
        5271   2.48072910       2.42404863E-02   7.44834600E-04
        5281   2.48747730       2.42418125E-02   6.03370136E-04
        5291   2.49279642       2.42428556E-02   4.59328061E-04
        5301   2.49666381       2.42435839E-02   3.13365716E-04
        5311   2.49906373       2.42440496E-02   1.66113852E-04
        5321   2.49998617       2.42442191E-02   1.81851356E-05
        5331   2.49942756       2.42441483E-02  -1.29817432E-04
        5341   2.49739003       2.42437664E-02  -2.77291867E-04
        5351   2.49388170       2.42430866E-02  -4.23628633E-04
        5361   2.48891735       2.42421217E-02  -5.68202173E-04
        5371   2.48251772       2.42408607E-02  -7.10362452E-04
        5381   2.47471023       2.42392924E-02  -8.49426608E-04
        5391   2.46552920       2.42373608E-02  -9.84670944E-04
        5401   2.45501685       2.42351182E-02  -1.11532339E-03
        5411   2.44322276       2.42324825E-02  -1.24055648E-03
        5421   2.43020558       2.42295004E-02  -1.35948125E-03
        5431   2.41603303       2.42261812E-02  -1.47114263E-03
        5441   2.40078259       2.42225341E-02  -1.57451630E-03
        5451   2.38454270       2.42186282E-02  -1.66850793E-03
        5461   2.36741257       2.42145061E-02  -1.75195572E-03
        5471   2.34950352       2.42102630E-02  -1.82363635E-03
        5481   2.33093977       2.42060591E-02  -1.88227638E-03
        5491   2.31185794       2.42020432E-02  -1.92656845E-03
        5501   2.29240823       2.41984259E-02  -1.95519486E-03
        5511   2.27275395       2.41954494E-02  -1.96685828E-03
        5521   2.25307107       2.41933689E-02  -1.96032086E-03
        5531   2.23354745       2.41924468E-02  -1.93445105E-03
        5541   2.21438193       2.41929330E-02  -1.88827876E-03
        5551   2.19578195       2.41950024E-02  -1.82105706E-03
        5561   2.17796087       2.41987985E-02  -1.73232751E-03
        5571   2.16113544       2.42042728E-02  -1.62198674E-03
        5581   2.14552116       2.42113136E-02  -1.49034953E-03
        5591   2.13132834       2.42195763E-02  -1.33820227E-03
        5601   2.11875701       2.42285654E-02  -1.16684160E-03
        5611   2.10799146       2.42376179E-02  -9.78091964E-04
        5621   2.09919524       2.42460296E-02  -7.74296874E-04
        5631   2.09250569       2.42530778E-02  -5.58280386E-04
        5641   2.08802962       2.42581945E-02  -3.33278294E-04
        5651   2.08583999       2.42607873E-02  -1.02841594E-04
        5661   2.08597279       2.42606085E-02   1.29282736E-04
        5671   2.08842564       2.42577456E-02   3.59286380E-04
        5681   2.09315848       2.42524128E-02   5.83438203E-04
        5691   2.10009432       2.42451597E-02   7.98217370E-04
        5701   2.10912275       2.42366083E-02   1.00043055E-03
        5711   2.12010288       2.42275596E-02   1.18730566E-03
        5721   2.13286877       2.42186338E-02   1.35655724E-03
        5731   2.14723396       2.42105052E-02   1.50642102E-03
        5741   2.16299725       2.42036264E-02   1.63565984E-03
        5751   2.17994738       2.41983104E-02   1.74354319E-03
        5761   2.19786835       2.41946988E-02   1.82980695E-03
        5771   2.21654367       2.41928026E-02   1.89459824E-03
        5781   2.23576045       2.41924860E-02   1.93841185E-03
        5791   2.25531197       2.41935588E-02   1.96202379E-03
        5801   2.27500081       2.41957586E-02   1.96642545E-03
        5811   2.29464030       2.41988208E-02   1.95276306E-03
        5821   2.31405592       2.42024902E-02   1.92228367E-03
        5831   2.33308601       2.42065433E-02   1.87628844E-03
        5841   2.35158181       2.42107622E-02   1.81609532E-03
        5851   2.36940789       2.42149867E-02   1.74300896E-03
        5861   2.38644195       2.42190883E-02   1.65829784E-03
        5871   2.40257382       2.42229663E-02   1.56317861E-03
        5881   2.41770554       2.42265761E-02   1.45880575E-03
        5891   2.43175006       2.42298711E-02   1.34626555E-03
        5901   2.44463086       2.42327973E-02   1.22657430E-03
        5911   2.45628142       2.42353603E-02   1.10067939E-03
        5921   2.46664429       2.42375676E-02   9.69462562E-04
        5931   2.47567058       2.42394507E-02   8.33744649E-04
        5941   2.48331928       2.42410172E-02   6.94291724E-04
        5951   2.48955655       2.42422596E-02   5.51822421E-04
        5961   2.49435568       2.42431704E-02   4.07015468E-04
        5971   2.49769688       2.42438260E-02   2.60517700E-04
        5981   2.49956608       2.42441632E-02   1.12952446E-04
        5991   2.49995589       2.42442377E-02  -3.50720657E-05
        6001   2.49886465       2.42440384E-02  -1.82954216E-04
        6011   2.49629688       2.42435690E-02  -3.30090319E-04
        6021   2.49226284       2.42427811E-02  -4.75866022E-04
        6031   2.48677945       2.42416933E-02  -6.19647908E-04
        6041   2.47986984       2.42403168E-02  -7.60775059E-04
        6051   2.47156405       2.42386349E-02  -8.98550963E-04
        6061   2.46189904       2.42366008E-02  -1.03223533E-03
        6071   2.45091939       2.42342018E-02  -1.16103690E-03
        6081   2.43867826       2.42314674E-02  -1.28410675E-03
        6091   2.42523718       2.42283531E-02  -1.40053255E-03
        6101   2.41066742       2.42249034E-02  -1.50933454E-03
        6111   2.39505029       2.42211483E-02  -1.60946324E-03
        6121   2.37847805       2.42171455E-02  -1.69979944E-03
        6131   2.36105418       2.42129639E-02  -1.77915848E-03
        6141   2.34289479       2.42087208E-02  -1.84629741E-03
        6151   2.32412815       2.42045540E-02  -1.89992820E-03
        6161   2.30489612       2.42006592E-02  -1.93873676E-03
        6171   2.28535342       2.41972450E-02  -1.96140888E-03
        6181   2.26566792       2.41945572E-02  -1.96666364E-03
        6191   2.24602008       2.41928641E-02  -1.95329566E-03
        6201   2.22660208       2.41924189E-02  -1.92022475E-03
        6211   2.20761561       2.41934583E-02  -1.86655379E-03
        6221   2.18927097       2.41961423E-02  -1.79163180E-03
        6231   2.17178297       2.42005643E-02  -1.69512036E-03
        6241   2.15536857       2.42066327E-02  -1.57705962E-03
        6251   2.14024186       2.42141392E-02  -1.43792864E-03
        6261   2.12661004       2.42227074E-02  -1.27869402E-03
        6271   2.11466789       2.42318194E-02  -1.10084133E-03
        6281   2.10459304       2.42407396E-02  -9.06384084E-04
        6291   2.09654021       2.42487527E-02  -6.97844720E-04
        6301   2.09063625       2.42551658E-02  -4.78204893E-04
        6311   2.08697605       2.42594127E-02  -2.50826241E-04
        6321   2.08561969       2.42610220E-02  -1.93449741E-05
        6331   2.08658934       2.42598392E-02   2.12453859E-04
        6341   2.08986878       2.42560506E-02   4.40773845E-04
        6351   2.09540462       2.42499728E-02   6.61944970E-04
        6361   2.10310769       2.42421385E-02   8.72551580E-04
        6371   2.11285567       2.42333561E-02   1.06954260E-03
        6381   2.12449837       2.42242664E-02   1.25031522E-03
        6391   2.13786197       2.42155511E-02   1.41276873E-03
        6401   2.15275383       2.42078230E-02   1.55532919E-03
        6411   2.16896844       2.42015049E-02   1.67694537E-03
        6421   2.18629265       2.41968036E-02   1.77706021E-03
        6431   2.20450974       2.41938215E-02   1.85556430E-03
        6441   2.22340393       2.41925232E-02   1.91273738E-03
        6451   2.24276447       2.41927300E-02   1.94918306E-03
        6461   2.26238775       2.41942313E-02   1.96576188E-03
        6471   2.28207970       2.41967663E-02   1.96352787E-03
        6481   2.30165815       2.42000781E-02   1.94366951E-03
        6491   2.32095313       2.42039151E-02   1.90745795E-03
        6501   2.33980751       2.42080502E-02   1.85620436E-03
        6511   2.35807729       2.42122840E-02   1.79122505E-03
        6521   2.37563205       2.42164917E-02   1.71381386E-03
        6531   2.39235353       2.42205169E-02   1.62522215E-03
        6541   2.40813637       2.42242999E-02   1.52664515E-03
        6551   2.42288637       2.42277887E-02   1.41921325E-03
        6561   2.43652058       2.42309459E-02   1.30398758E-03
        6571   2.44896603       2.42337286E-02   1.18195941E-03
        6581   2.46015978       2.42361948E-02   1.05405215E-03
        6591   2.47004724       2.42383126E-02   9.21124825E-04
        6601   2.47858238       2.42400784E-02   7.83977797E-04
        6611   2.48572683       2.42415033E-02   6.43359381E-04
        6621   2.49144959       2.42426358E-02   4.99972899E-04
        6631   2.49572635       2.42434554E-02   3.54484655E-04
        6641   2.49853921       2.42439713E-02   2.07532110E-04
        6651   2.49987698       2.42442507E-02   5.97321268E-05
        6661   2.49973392       2.42442116E-02  -8.83104367E-05
        6671   2.49811077       2.42439136E-02  -2.35994157E-04
        6681   2.49501395       2.42433101E-02  -3.82712518E-04
        6691   2.49045634       2.42424104E-02  -5.27845288E-04
        6701   2.48445702       2.42412370E-02  -6.70750160E-04
        6711   2.47704148       2.42397599E-02  -8.10754311E-04
        6721   2.46824193       2.42379215E-02  -9.47146269E-04
        6731   2.45809841       2.42357422E-02  -1.07916829E-03
        6741   2.44665861       2.42332444E-02  -1.20600907E-03
        6751   2.43397832       2.42303666E-02  -1.32679765E-03
        6761   2.42012262       2.42271423E-02  -1.44059781E-03
        6771   2.40516639       2.42235996E-02  -1.54640479E-03
        6781   2.38919449       2.42197439E-02  -1.64314383E-03
        6791   2.37230349       2.42156833E-02  -1.72967161E-03
        6801   2.35460114       2.42114756E-02  -1.80478126E-03
        6811   2.33620787       2.42072418E-02  -1.86721189E-03
        6821   2.31725693       2.42031552E-02  -1.91566360E-03
        6831   2.29789472       2.41994094E-02  -1.94881891E-03
        6841   2.27828074       2.41962317E-02  -1.96537143E-03
        6851   2.25858736       2.41938755E-02  -1.96406199E-03
        6861   2.23899937       2.41926033E-02  -1.94372388E-03
        6871   2.21971273       2.41926722E-02  -1.90333580E-03
        6881   2.20093250       2.41943002E-02  -1.84208155E-03
        6891   2.18287110       2.41975989E-02  -1.75941503E-03
        6901   2.16574430       2.42026262E-02  -1.65512669E-03
        6911   2.14976859       2.42092423E-02  -1.52940792E-03
        6921   2.13515615       2.42172033E-02  -1.38290809E-03
        6931   2.12211037       2.42260210E-02  -1.21677807E-03
        6941   2.11082053       2.42351405E-02  -1.03269389E-03
        6951   2.10145640       2.42438279E-02  -8.32855701E-04
        6961   2.09416342       2.42513511E-02  -6.19958329E-04
        6971   2.08905721       2.42570713E-02  -3.97130672E-04
        6981   2.08622074       2.42603868E-02  -1.67846578E-04
        6991   2.08570027       2.42610089E-02   6.41888328E-05
        7001   2.08750439       2.42589079E-02   2.95170583E-04
        7011   2.09160352       2.42542252E-02   5.21332026E-04
        7021   2.09793091       2.42474657E-02   7.39080540E-04
        7031   2.10638499       2.42392346E-02   9.45120351E-04
        7041   2.11683321       2.42302231E-02   1.13655324E-03
        7051   2.12911606       2.42211949E-02   1.31095212E-03
        7061   2.14305234       2.42127664E-02   1.46640465E-03
        7071   2.15844417       2.42055170E-02   1.60152698E-03
        7081   2.17508292       2.41997410E-02   1.71544962E-03
        7091   2.19275331       2.41956487E-02   1.80778268E-03
        7101   2.21123862       2.41932906E-02   1.87856413E-03
        7111   2.23032451       2.41925605E-02   1.92819792E-03
        7121   2.24980259       2.41932645E-02   1.95738766E-03
        7131   2.26947236       2.41951756E-02   1.96707062E-03
        7141   2.28914404       2.41980217E-02   1.95835531E-03
        7151   2.30863953       2.42015496E-02   1.93246547E-03
        7161   2.32779336       2.42055096E-02   1.89069146E-03
        7171   2.34645343       2.42097024E-02   1.83434994E-03
        7181   2.36448050       2.42139492E-02   1.76475174E-03
        7191   2.38174844       2.42180862E-02   1.68317743E-03
        7201   2.39814401       2.42220499E-02   1.59085961E-03
        7211   2.41356564       2.42257379E-02   1.48897083E-03
        7221   2.42792344       2.42291093E-02   1.37861678E-03
        7231   2.44113803       2.42321491E-02   1.26083347E-03
        7241   2.45314002       2.42347978E-02   1.13658747E-03
        7251   2.46386957       2.42371131E-02   1.00677856E-03
        7261   2.47327542       2.42390782E-02   8.72243952E-04
        7271   2.48131442       2.42407247E-02   7.33764493E-04
        7281   2.48795080       2.42420528E-02   5.92071388E-04
        7291   2.49315596       2.42430642E-02   4.47853730E-04
        7301   2.49690795       2.42437869E-02   3.01766442E-04
        7311   2.49919128       2.42442153E-02   1.54438632E-04
        7321   2.49999666       2.42443569E-02   6.48188870E-06
        7331   2.49932098       2.42442545E-02  -1.41501165E-04
        7341   2.49716663       2.42438260E-02  -2.88908283E-04
        7351   2.49354267       2.42431294E-02  -4.35128954E-04
        7361   2.48846412       2.42421571E-02  -5.79536019E-04
        7371   2.48195195       2.42408477E-02  -7.21477147E-04
        7381   2.47403455       2.42392495E-02  -8.60266504E-04
        7391   2.46474671       2.42373068E-02  -9.95176844E-04
        7401   2.45413113       2.42350325E-02  -1.12543209E-03
        7411   2.44223809       2.42323689E-02  -1.25020009E-03
        7421   2.42912698       2.42293645E-02  -1.36858667E-03
        7431   2.41486621       2.42260061E-02  -1.47963141E-03
        7441   2.39953423       2.42223423E-02  -1.58230448E-03
        7451   2.38322020       2.42184252E-02  -1.67550612E-03
        7461   2.36602426       2.42142938E-02  -1.75806938E-03
        7471   2.34805894       2.42100637E-02  -1.82876666E-03
        7481   2.32944894       2.42058598E-02  -1.88632088E-03
        7491   2.31033254       2.42018756E-02  -1.92942307E-03
        7501   2.29086065       2.41983049E-02  -1.95675599E-03
        7511   2.27119756       2.41953917E-02  -1.96702546E-03
        7521   2.25152016       2.41933931E-02  -1.95900002E-03
        7531   2.23201752       2.41925716E-02  -1.93155883E-03
        7541   2.21288896       2.41931751E-02  -1.88374729E-03
        7551   2.19434261       2.41953842E-02  -1.81483873E-03
        7561   2.17659235       2.41993070E-02  -1.72440021E-03
        7571   2.15985465       2.42049303E-02  -1.61235919E-03
        7581   2.14434505       2.42120828E-02  -1.47906598E-03
        7591   2.13027334       2.42203996E-02  -1.32534618E-03
        7601   2.11783814       2.42294092E-02  -1.15253788E-03
        7611   2.10722256       2.42384337E-02  -9.62507213E-04
        7621   2.09858799       2.42467858E-02  -7.57637317E-04
        7631   2.09206986       2.42537223E-02  -5.40787587E-04
        7641   2.08777237       2.42585931E-02  -3.15222831E-04
        7651   2.08576536       2.42609866E-02  -8.45141840E-05
        7661   2.08608198       2.42606290E-02   1.47581770E-04
        7671   2.08871698       2.42575146E-02   3.77257587E-04
        7681   2.09362721       2.42519919E-02   6.00793981E-04
        7691   2.10073304       2.42445674E-02   8.14691884E-04
        7701   2.10992122       2.42359620E-02   1.01578829E-03
        7711   2.12104893       2.42268480E-02   1.20134756E-03
        7721   2.13394833       2.42179539E-02   1.36912439E-03
        7731   2.14843154       2.42099054E-02   1.51739665E-03
        7741   2.16429639       2.42031198E-02   1.64496806E-03
        7751   2.18133092       2.41979603E-02   1.75114674E-03
        7761   2.19931912       2.41945200E-02   1.83570362E-03
        7771   2.21804476       2.41927672E-02   1.89881562E-03
        7781   2.23729539       2.41925679E-02   1.94100197E-03
        7791   2.25686479       2.41937358E-02   1.96305779E-03
        7801   2.27655649       2.41960119E-02   1.96598913E-03
        7811   2.29618454       2.41991337E-02   1.95095188E-03
        7821   2.31557536       2.42028404E-02   1.91919890E-03
        7831   2.33456850       2.42069084E-02   1.87203404E-03
        7841   2.35301614       2.42111348E-02   1.81077514E-03
        7851   2.37078404       2.42153574E-02   1.73672475E-03
        7861   2.38775063       2.42194422E-02   1.65114785E-03
        7871   2.40380692       2.42233034E-02   1.55525643E-03
        7881   2.41885567       2.42268741E-02   1.45019963E-03
        7891   2.43281078       2.42301095E-02   1.33705838E-03
        7901   2.44559669       2.42330097E-02   1.21684349E-03
        7911   2.45714760       2.42355615E-02   1.09049701E-03
        7921   2.46740675       2.42377706E-02   9.58895544E-04
        7931   2.47632551       2.42396090E-02   8.22855276E-04
        7941   2.48386383       2.42411494E-02   6.83138438E-04
        7951   2.48998833       2.42423452E-02   5.40460227E-04
        7961   2.49467301       2.42432505E-02   3.95496550E-04
        7971   2.49789834       2.42438763E-02   2.48892029E-04
        7981   2.49965096       2.42442228E-02   1.01268444E-04
        7991   2.49992371       2.42442675E-02  -4.67667705E-05
        8001   2.49871564       2.42440421E-02  -1.94612105E-04
        8011   2.49603152       2.42435429E-02  -3.41663341E-04
        8021   2.49188232       2.42427308E-02  -4.87304991E-04
        8031   2.48628545       2.42416449E-02  -6.30901719E-04
        8041   2.47926426       2.42402200E-02  -7.71790103E-04
        8051   2.47084951       2.42384877E-02  -9.09270369E-04
        8061   2.46107888       2.42364369E-02  -1.04259851E-03
        8071   2.44999766       2.42340211E-02  -1.17097900E-03
        8081   2.43765926       2.42312327E-02  -1.29355805E-03
        8091   2.42412639       2.42281035E-02  -1.40941818E-03
        8101   2.40947080       2.42246278E-02  -1.51757419E-03
        8111   2.39377475       2.42208596E-02  -1.61697099E-03
        8121   2.37713122       2.42168326E-02  -1.70648412E-03
        8131   2.35964489       2.42126416E-02  -1.78492372E-03
        8141   2.34143257       2.42083948E-02  -1.85104285E-03
        8151   2.32262397       2.42042504E-02  -1.90355082E-03
        8161   2.30336165       2.42003892E-02  -1.94113248E-03
        8171   2.28380132       2.41970234E-02  -1.96247478E-03
        8181   2.26411200       2.41944101E-02  -1.96630112E-03
        8191   2.24447513       2.41928063E-02  -1.95141393E-03
        8201   2.22508359       2.41924748E-02  -1.91674544E-03
        8211   2.20614028       2.41936315E-02  -1.86141569E-03
        8221   2.18785548       2.41964497E-02  -1.78479590E-03
        8231   2.17044449       2.42009964E-02  -1.68657524E-03
        8241   2.15412402       2.42071860E-02  -1.56682648E-03
        8251   2.13910794       2.42148042E-02  -1.42606546E-03
        8261   2.12560272       2.42234301E-02  -1.26529892E-03
        8271   2.11380196       2.42325366E-02  -1.08605437E-03
        8281   2.10388160       2.42414027E-02  -8.90386582E-04
        8291   2.09599423       2.42493208E-02  -6.80856348E-04
        8301   2.09026456       2.42555849E-02  -4.60478594E-04
        8311   2.08678484       2.42595635E-02  -2.32641032E-04
        8321   2.08561182       2.42609847E-02  -9.96311428E-07
        8331   2.08676481       2.42596380E-02   2.30664926E-04
        8341   2.09022498       2.42556389E-02   4.58551163E-04
        8351   2.09593582       2.42493860E-02   6.79007848E-04
        8361   2.10380507       2.42414903E-02   8.88644543E-04
        8371   2.11370850       2.42326483E-02   1.08444283E-03
        8381   2.12549376       2.42235698E-02   1.26383791E-03
        8391   2.13898516       2.42149271E-02   1.42477045E-03
        8401   2.15398908       2.42073089E-02   1.56570831E-03
        8411   2.17029929       2.42011044E-02   1.68564043E-03
        8421   2.18770194       2.41965279E-02   1.78404688E-03
        8431   2.20598030       2.41936874E-02   1.86085131E-03
        8441   2.22491908       2.41925064E-02   1.91636139E-03
        8451   2.24430752       2.41928305E-02   1.95120357E-03
        8461   2.26394296       2.41944287E-02   1.96625618E-03
        8471   2.28363252       2.41970439E-02   1.96258584E-03
        8481   2.30319476       2.42004097E-02   1.94138882E-03
        8491   2.32246041       2.42042728E-02   1.90394104E-03
        8501   2.34127355       2.42084134E-02   1.85155554E-03
        8511   2.35949159       2.42126640E-02   1.78554759E-03
        8521   2.37698460       2.42168419E-02   1.70720823E-03
        8531   2.39363575       2.42208596E-02   1.61778508E-03
        8541   2.40934038       2.42246427E-02   1.51846837E-03
        8551   2.42400527       2.42281184E-02   1.41038292E-03
        8561   2.43754816       2.42312495E-02   1.29458448E-03
        8571   2.44989705       2.42340304E-02   1.17205898E-03
        8581   2.46098948       2.42364705E-02   1.04372448E-03
        8591   2.47077155       2.42385305E-02   9.10435221E-04
        8601   2.47919822       2.42402852E-02   7.72987201E-04
        8611   2.48623133       2.42416766E-02   6.32124895E-04
        8621   2.49184060       2.42427643E-02   4.88548481E-04
        8631   2.49600220       2.42435504E-02   3.42921587E-04
        8641   2.49869895       2.42440626E-02   1.95879780E-04
        8651   2.49991989       2.42443047E-02   4.80386152E-05
        8661   2.49965978       2.42442507E-02  -9.99975964E-05
        8671   2.49791980       2.42439061E-02  -2.47627322E-04
        8681   2.49470711       2.42432952E-02  -3.94243340E-04
        8691   2.49003482       2.42423732E-02  -5.39223955E-04
        8701   2.48392248       2.42411569E-02  -6.81924692E-04
        8711   2.47639632       2.42396407E-02  -8.21669993E-04
        8721   2.46748924       2.42378153E-02  -9.57745069E-04
        8731   2.45724154       2.42356174E-02  -1.08938816E-03
        8741   2.44570160       2.42330953E-02  -1.21578353E-03
        8751   2.43292594       2.42301896E-02  -1.33605511E-03
        8761   2.41898036       2.42269170E-02  -1.44926133E-03
        8771   2.40394068       2.42233519E-02  -1.55439205E-03
        8781   2.38789248       2.42194720E-02  -1.65036693E-03
        8791   2.37093329       2.42154002E-02  -1.73603755E-03
        8801   2.35317183       2.42111813E-02  -1.81019225E-03
        8811   2.33472943       2.42069531E-02  -1.87156640E-03
        8821   2.31574035       2.42028758E-02  -1.91885780E-03
        8831   2.29635215       2.41991598E-02  -1.95074861E-03
        8841   2.27672529       2.41960324E-02  -1.96593464E-03
        8851   2.25703335       2.41937488E-02  -1.96316256E-03
        8861   2.23746204       2.41925716E-02  -1.94127520E-03
        8871   2.21820784       2.41927560E-02  -1.89926510E-03
        8881   2.19947672       2.41945051E-02  -1.83633505E-03
        8891   2.18148112       2.41979528E-02  -1.75196305E-03
        8901   2.16443753       2.42030844E-02  -1.64596899E-03
        8911   2.14856195       2.42098160E-02  -1.51857862E-03
        8921   2.13406610       2.42178403E-02  -1.37047959E-03
        8931   2.12115240       2.42267121E-02  -1.20286352E-03
        8941   2.11000872       2.42358372E-02  -1.01744814E-03
        8951   2.10080338       2.42444538E-02  -8.16474261E-04
        8961   2.09367919       2.42518857E-02  -6.02673506E-04
        8971   2.08874989       2.42573880E-02  -3.79205740E-04
        8981   2.08609509       2.42604967E-02  -1.49567582E-04
        8991   2.08575845       2.42609158E-02   8.25231982E-05
        9001   2.08774543       2.42586005E-02   3.13259574E-04
        9011   2.09202361       2.42537092E-02   5.38883731E-04
        9021   2.09852314       2.42467951E-02   7.55822286E-04
        9031   2.10714006       2.42384393E-02   9.60807432E-04
        9041   2.11773944       2.42293738E-02   1.15097582E-03
        9051   2.13015962       2.42203884E-02   1.32394012E-03
        9061   2.14421821       2.42120400E-02   1.47782976E-03
        9071   2.15971637       2.42048781E-02   1.61130202E-03
        9081   2.17644429       2.41992529E-02   1.72352709E-03
        9091   2.19418693       2.41952948E-02   1.81415095E-03
        9101   2.21272731       2.41930727E-02   1.88324263E-03
        9111   2.23185158       2.41924673E-02   1.93123228E-03
        9121   2.25135183       2.41932794E-02   1.95884448E-03
        9131   2.27102852       2.41952688E-02   1.96703197E-03
        9141   2.29069257       2.41981838E-02   1.95691455E-03
        9151   2.31016684       2.42017508E-02   1.92972261E-03
        9161   2.32928705       2.42057405E-02   1.88675011E-03
        9171   2.34790182       2.42099352E-02   1.82931416E-03
        9181   2.36587334       2.42141765E-02   1.75872410E-03
        9191   2.38307643       2.42183171E-02   1.67625723E-03
        9201   2.39939857       2.42222548E-02   1.58314174E-03
        9211   2.41473937       2.42259335E-02   1.48054492E-03
        9221   2.42900944       2.42292620E-02   1.36956736E-03
        9231   2.44213057       2.42322553E-02   1.25123956E-03
        9241   2.45403409       2.42348872E-02   1.12652255E-03
        9251   2.46466088       2.42371820E-02   9.96310846E-04
        9261   2.47396016       2.42391117E-02   8.61437176E-04
        9271   2.48188949       2.42407154E-02   7.22678145E-04
        9281   2.48841381       2.42420398E-02   5.80761232E-04
        9291   2.49350476       2.42430065E-02   4.36372677E-04
        9301   2.49714112       2.42436938E-02   2.90165102E-04
        9311   2.49930787       2.42440738E-02   1.42765872E-04
        9321   2.49999642       2.42442247E-02  -5.21448237E-06
        9331   2.49920368       2.42440831E-02  -1.53173693E-04
        9341   2.49693298       2.42436510E-02  -3.00509157E-04
        9351   2.49319363       2.42429599E-02  -4.46609396E-04
        9361   2.48800087       2.42419504E-02  -5.90845535E-04
        9371   2.48137665       2.42406167E-02  -7.32562854E-04
        9381   2.47334957       2.42389757E-02  -8.71072582E-04
        9391   2.46395516       2.42370050E-02  -1.00564386E-03
        9401   2.45323658       2.42346637E-02  -1.13549631E-03
        9411   2.44124508       2.42319796E-02  -1.25979318E-03
        9421   2.42804074       2.42289715E-02  -1.37763540E-03
        9431   2.41369247       2.42256075E-02  -1.48805697E-03
        9441   2.39827967       2.42219232E-02  -1.59002247E-03
        9451   2.38189220       2.42179874E-02  -1.68242678E-03
        9461   2.36463118       2.42138319E-02  -1.76409783E-03
        9471   2.34661007       2.42095850E-02  -1.83380360E-03
        9481   2.32795501       2.42053978E-02  -1.89026387E-03
        9491   2.30880475       2.42014304E-02  -1.93216791E-03
        9501   2.28931165       2.41979063E-02  -1.95819908E-03
        9511   2.26964092       2.41950527E-02  -1.96706667E-03
        9521   2.24997044       2.41931379E-02  -1.95754622E-03
        9531   2.23048997       2.41924282E-02  -1.92852796E-03
        9541   2.21139979       2.41931546E-02  -1.87907275E-03
        9551   2.19290853       2.41955034E-02  -1.80847466E-03
        9561   2.17523026       2.41995715E-02  -1.71632692E-03
        9571   2.15858197       2.42053084E-02  -1.60258834E-03
        9581   2.14317846       2.42125839E-02  -1.46764494E-03
        9591   2.12922907       2.42209658E-02  -1.31236180E-03
        9601   2.11693144       2.42299587E-02  -1.13811844E-03
        9611   2.10646677       2.42389813E-02  -9.46822751E-04
        9621   2.09799504       2.42472216E-02  -7.40897260E-04
        9631   2.09164882       2.42540427E-02  -5.23236347E-04
        9641   2.08753014       2.42587756E-02  -2.97132705E-04
        9651   2.08570600       2.42609605E-02  -6.61768136E-05
        9661   2.08620644       2.42603831E-02   1.65865611E-04
        9671   2.08902335       2.42570564E-02   3.95189010E-04
        9681   2.09411025       2.42513921E-02   6.18086953E-04
        9691   2.10138512       2.42438633E-02   8.31083104E-04
        9701   2.11073208       2.42351741E-02   1.03104499E-03
        9711   2.12200618       2.42260359E-02   1.21527386E-03
        9721   2.13503766       2.42172070E-02   1.38156512E-03
        9731   2.14963746       2.42092498E-02   1.52823830E-03
        9741   2.16560245       2.42026038E-02   1.65413821E-03
        9751   2.18272018       2.41975747E-02   1.75861141E-03
        9761   2.20077467       2.41942499E-02   1.84146268E-03
        9771   2.21954942       2.41926275E-02   1.90289831E-03
        9781   2.23883247       2.41925512E-02   1.94346218E-03
        9791   2.25841856       2.41938140E-02   1.96396816E-03
        9801   2.27811170       2.41961628E-02   1.96543615E-03
        9811   2.29772711       2.41993368E-02   1.94903184E-03
        9821   2.31709218       2.42030770E-02   1.91601354E-03
        9831   2.33604741       2.42071711E-02   1.86768745E-03
        9841   2.35444593       2.42113881E-02   1.80537126E-03
        9851   2.37215471       2.42156014E-02   1.73036521E-03
        9861   2.38905311       2.42196675E-02   1.64393045E-03
        9871   2.40503311       2.42234990E-02   1.54727430E-03
        9881   2.41999841       2.42270418E-02   1.44154078E-03
        9891   2.43386388       2.42302790E-02   1.32780522E-03
        9901   2.44655466       2.42331680E-02   1.20707275E-03
        9911   2.45800543       2.42356844E-02   1.08028017E-03
        9921   2.46816015       2.42378451E-02   9.48299246E-04
        9931   2.47697139       2.42396835E-02   8.11941631E-04
        9941   2.48439908       2.42411867E-02   6.71965536E-04
        9951   2.49041080       2.42423769E-02   5.29082783E-04
        9961   2.49498081       2.42432598E-02   3.83966457E-04
        9971   2.49809003       2.42438260E-02   2.37259199E-04
        9981   2.49972582       2.42441278E-02   8.95813646E-05
        9991   2.49988151       2.42441446E-02  -5.84604713E-05
