   0.00000000       0.00000000       0.00000000    
   0.00000000       1.28205130E-02   0.00000000    
   0.00000000       2.56410260E-02   0.00000000    
   0.00000000       3.84615399E-02   0.00000000    
   0.00000000       5.12820520E-02   0.00000000    
   0.00000000       6.41025677E-02   0.00000000    
   0.00000000       7.69230798E-02   0.00000000    
   0.00000000       8.97435918E-02   0.00000000    
   0.00000000      0.102564104       0.00000000    
   0.00000000      0.115384616       0.00000000    
   0.00000000      0.128205135       0.00000000    
   0.00000000      0.141025648       0.00000000    
   0.00000000      0.153846160       0.00000000    
   0.00000000      0.166666672       0.00000000    
   0.00000000      0.179487184       0.00000000    
   0.00000000      0.192307696       0.00000000    
   0.00000000      0.205128208       0.00000000    
   0.00000000      0.217948720       0.00000000    
   0.00000000      0.230769232       0.00000000    
   0.00000000      0.243589744       0.00000000    
   0.00000000      0.256410271       0.00000000    
   0.00000000      0.269230783       0.00000000    
   0.00000000      0.282051295       0.00000000    
   0.00000000      0.294871807       0.00000000    
   0.00000000      0.307692319       0.00000000    
   0.00000000      0.320512831       0.00000000    
   0.00000000      0.333333343       0.00000000    
   0.00000000      0.346153855       0.00000000    
   0.00000000      0.358974367       0.00000000    
   0.00000000      0.371794879       0.00000000    
   0.00000000      0.384615391       0.00000000    
   0.00000000      0.397435904       0.00000000    
   0.00000000      0.410256416       0.00000000    
   0.00000000      0.423076928       0.00000000    
   0.00000000      0.435897440       0.00000000    
   0.00000000      0.448717952       0.00000000    
   0.00000000      0.461538464       0.00000000    
   0.00000000      0.474358976       0.00000000    
   0.00000000      0.487179488       0.00000000    
   0.00000000      0.500000000       0.00000000    
   1.28205130E-02   0.00000000       491.130951    
   1.28205130E-02   1.28205130E-02   193.073242    
   1.28205130E-02   2.56410260E-02   79.1324005    
   1.28205130E-02   3.84615399E-02   29.1497993    
   1.28205130E-02   5.12820520E-02   4.82378435    
   1.28205130E-02   6.41025677E-02  -7.73341036    
   1.28205130E-02   7.69230798E-02  -14.2635393    
   1.28205130E-02   8.97435918E-02  -17.4425659    
   1.28205130E-02  0.102564104      -18.6480675    
   1.28205130E-02  0.115384616      -18.6458454    
   1.28205130E-02  0.128205135      -17.8862209    
   1.28205130E-02  0.141025648      -16.6443653    
   1.28205130E-02  0.153846160      -15.0922537    
   1.28205130E-02  0.166666672      -13.3380537    
   1.28205130E-02  0.179487184      -11.4489164    
   1.28205130E-02  0.192307696      -9.46465302    
   1.28205130E-02  0.205128208      -7.40628529    
   1.28205130E-02  0.217948720      -5.28147078    
   1.28205130E-02  0.230769232      -3.08801293    
   1.28205130E-02  0.243589744     -0.816136181    
   1.28205130E-02  0.256410271       1.55007446    
   1.28205130E-02  0.269230783       4.03180552    
   1.28205130E-02  0.282051295       6.65504456    
   1.28205130E-02  0.294871807       9.45041656    
   1.28205130E-02  0.307692319       12.4532490    
   1.28205130E-02  0.320512831       15.7038193    
   1.28205130E-02  0.333333343       19.2477741    
   1.28205130E-02  0.346153855       23.1366940    
   1.28205130E-02  0.358974367       27.4287949    
   1.28205130E-02  0.371794879       32.1897240    
   1.28205130E-02  0.384615391       37.4936180    
   1.28205130E-02  0.397435904       43.4241714    
   1.28205130E-02  0.410256416       50.0759697    
   1.28205130E-02  0.423076928       57.5559654    
   1.28205130E-02  0.435897440       65.9851913    
   1.28205130E-02  0.448717952       75.5005951    
   1.28205130E-02  0.461538464       86.2573395    
   1.28205130E-02  0.474358976       98.4312286    
   1.28205130E-02  0.487179488       112.221550    
   1.28205130E-02  0.500000000       127.854210    
   2.56410260E-02   0.00000000       375.728302    
   2.56410260E-02   1.28205130E-02   202.029633    
   2.56410260E-02   2.56410260E-02   94.3065643    
   2.56410260E-02   3.84615399E-02   32.6430130    
   2.56410260E-02   5.12820520E-02  -2.12124872    
   2.56410260E-02   6.41025677E-02  -21.4938927    
   2.56410260E-02   7.69230798E-02  -31.8781757    
   2.56410260E-02   8.97435918E-02  -36.8586655    
   2.56410260E-02  0.102564104      -38.5038528    
   2.56410260E-02  0.115384616      -38.0490837    
   2.56410260E-02  0.128205135      -36.2546730    
   2.56410260E-02  0.141025648      -33.5989876    
   2.56410260E-02  0.153846160      -30.3865776    
   2.56410260E-02  0.166666672      -26.8110371    
   2.56410260E-02  0.179487184      -22.9929523    
   2.56410260E-02  0.192307696      -19.0034142    
   2.56410260E-02  0.205128208      -14.8790226    
   2.56410260E-02  0.217948720      -10.6315861    
   2.56410260E-02  0.230769232      -6.25444365    
   2.56410260E-02  0.243589744      -1.72660768    
   2.56410260E-02  0.256410271       2.98462820    
   2.56410260E-02  0.269230783       7.92210150    
   2.56410260E-02  0.282051295       13.1379528    
   2.56410260E-02  0.294871807       18.6933727    
   2.56410260E-02  0.307692319       24.6587601    
   2.56410260E-02  0.320512831       31.1142521    
   2.56410260E-02  0.333333343       38.1505852    
   2.56410260E-02  0.346153855       45.8702202    
   2.56410260E-02  0.358974367       54.3887367    
   2.56410260E-02  0.371794879       63.8364716    
   2.56410260E-02  0.384615391       74.3605576    
   2.56410260E-02  0.397435904       86.1270828    
   2.56410260E-02  0.410256416       99.3237457    
   2.56410260E-02  0.423076928       114.162743    
   2.56410260E-02  0.435897440       130.884186    
   2.56410260E-02  0.448717952       149.759857    
   2.56410260E-02  0.461538464       171.097565    
   2.56410260E-02  0.474358976       195.246063    
   2.56410260E-02  0.487179488       222.600754    
   2.56410260E-02  0.500000000       253.609833    
   3.84615399E-02   0.00000000       254.158203    
   3.84615399E-02   1.28205130E-02   145.010422    
   3.84615399E-02   2.56410260E-02   63.4212265    
   3.84615399E-02   3.84615399E-02   9.23694134    
   3.84615399E-02   5.12820520E-02  -24.4579010    
   3.84615399E-02   6.41025677E-02  -44.2427635    
   3.84615399E-02   7.69230798E-02  -54.8965836    
   3.84615399E-02   8.97435918E-02  -59.6100845    
   3.84615399E-02  0.102564104      -60.4595985    
   3.84615399E-02  0.115384616      -58.7919731    
   3.84615399E-02  0.128205135      -55.4843941    
   3.84615399E-02  0.141025648      -51.1103363    
   3.84615399E-02  0.153846160      -46.0440292    
   3.84615399E-02  0.166666672      -40.5265770    
   3.84615399E-02  0.179487184      -34.7084465    
   3.84615399E-02  0.192307696      -28.6770229    
   3.84615399E-02  0.205128208      -22.4748058    
   3.84615399E-02  0.217948720      -16.1113987    
   3.84615399E-02  0.230769232      -9.57156754    
   3.84615399E-02  0.243589744      -2.82047892    
   3.84615399E-02  0.256410271       4.19294310    
   3.84615399E-02  0.269230783       11.5340147    
   3.84615399E-02  0.282051295       19.2812996    
   3.84615399E-02  0.294871807       27.5263729    
   3.84615399E-02  0.307692319       36.3741646    
   3.84615399E-02  0.320512831       45.9438477    
   3.84615399E-02  0.333333343       56.3700943    
   3.84615399E-02  0.346153855       67.8048782    
   3.84615399E-02  0.358974367       80.4194489    
   3.84615399E-02  0.371794879       94.4068909    
   3.84615399E-02  0.384615391       109.985054    
   3.84615399E-02  0.397435904       127.399879    
   3.84615399E-02  0.410256416       146.929199    
   3.84615399E-02  0.423076928       168.887115    
   3.84615399E-02  0.435897440       193.628983    
   3.84615399E-02  0.448717952       221.557068    
   3.84615399E-02  0.461538464       253.126923    
   3.84615399E-02  0.474358976       288.854706    
   3.84615399E-02  0.487179488       329.325531    
   3.84615399E-02  0.500000000       375.202667    
   5.12820520E-02   0.00000000       128.416580    
   5.12820520E-02   1.28205130E-02   60.4325752    
   5.12820520E-02   2.56410260E-02   5.13099909    
   5.12820520E-02   3.84615399E-02  -34.6585846    
   5.12820520E-02   5.12820520E-02  -60.7045021    
   5.12820520E-02   6.41025677E-02  -76.1226654    
   5.12820520E-02   7.69230798E-02  -83.8553238    
   5.12820520E-02   8.97435918E-02  -86.2254562    
   5.12820520E-02  0.102564104      -84.9325104    
   5.12820520E-02  0.115384616      -81.1748047    
   5.12820520E-02  0.128205135      -75.7805862    
   5.12820520E-02  0.141025648      -69.3139572    
   5.12820520E-02  0.153846160      -62.1526299    
   5.12820520E-02  0.166666672      -54.5427895    
   5.12820520E-02  0.179487184      -46.6372185    
   5.12820520E-02  0.192307696      -38.5214424    
   5.12820520E-02  0.205128208      -30.2317791    
   5.12820520E-02  0.217948720      -21.7676392    
   5.12820520E-02  0.230769232      -13.0999489    
   5.12820520E-02  0.243589744      -4.17668200    
   5.12820520E-02  0.256410271       5.07360697    
   5.12820520E-02  0.269230783       14.7397137    
   5.12820520E-02  0.282051295       24.9268684    
   5.12820520E-02  0.294871807       35.7566566    
   5.12820520E-02  0.307692319       47.3676834    
   5.12820520E-02  0.320512831       59.9168510    
   5.12820520E-02  0.333333343       73.5811005    
   5.12820520E-02  0.346153855       88.5597382    
   5.12820520E-02  0.358974367       105.077255    
   5.12820520E-02  0.371794879       123.386574    
   5.12820520E-02  0.384615391       143.772919    
   5.12820520E-02  0.397435904       166.558212    
   5.12820520E-02  0.410256416       192.106079    
   5.12820520E-02  0.423076928       220.827530    
   5.12820520E-02  0.435897440       253.187607    
   5.12820520E-02  0.448717952       289.712524    
   5.12820520E-02  0.461538464       330.998352    
   5.12820520E-02  0.474358976       377.720398    
   5.12820520E-02  0.487179488       430.643982    
   5.12820520E-02  0.500000000       490.636902    
   6.41025677E-02   0.00000000      0.567110360    
   6.41025677E-02   1.28205130E-02  -36.8276711    
   6.41025677E-02   2.56410260E-02  -68.6711960    
   6.41025677E-02   3.84615399E-02  -92.2978058    
   6.41025677E-02   5.12820520E-02  -107.578804    
   6.41025677E-02   6.41025677E-02  -115.688095    
   6.41025677E-02   7.69230798E-02  -118.176582    
   6.41025677E-02   8.97435918E-02  -116.503937    
   6.41025677E-02  0.102564104      -111.870132    
   6.41025677E-02  0.115384616      -105.194130    
   6.41025677E-02  0.128205135      -97.1492233    
   6.41025677E-02  0.141025648      -88.2122955    
   6.41025677E-02  0.153846160      -78.7097168    
   6.41025677E-02  0.166666672      -68.8547287    
   6.41025677E-02  0.179487184      -58.7761993    
   6.41025677E-02  0.192307696      -48.5397682    
   6.41025677E-02  0.205128208      -38.1632233    
   6.41025677E-02  0.217948720      -27.6274281    
   6.41025677E-02  0.230769232      -16.8839111    
   6.41025677E-02  0.243589744      -5.85990810    
   6.41025677E-02  0.256410271       5.53844786    
   6.41025677E-02  0.269230783       17.4243698    
   6.41025677E-02  0.282051295       29.9298038    
   6.41025677E-02  0.294871807       43.2056961    
   6.41025677E-02  0.307692319       57.4230881    
   6.41025677E-02  0.320512831       72.7747726    
   6.41025677E-02  0.333333343       89.4776993    
   6.41025677E-02  0.346153855       107.775711    
   6.41025677E-02  0.358974367       127.943253    
   6.41025677E-02  0.371794879       150.289246    
   6.41025677E-02  0.384615391       175.161865    
   6.41025677E-02  0.397435904       202.954010    
   6.41025677E-02  0.410256416       234.109390    
   6.41025677E-02  0.423076928       269.129395    
   6.41025677E-02  0.435897440       308.581268    
   6.41025677E-02  0.448717952       353.107025    
   6.41025677E-02  0.461538464       403.433533    
   6.41025677E-02  0.474358976       460.384430    
   6.41025677E-02  0.487179488       524.893127    
   6.41025677E-02  0.500000000       598.017822    
   7.69230798E-02   0.00000000      -127.291901    
   7.69230798E-02   1.28205130E-02  -139.639130    
   7.69230798E-02   2.56410260E-02  -150.690323    
   7.69230798E-02   3.84615399E-02  -158.282623    
   7.69230798E-02   5.12820520E-02  -161.624802    
   7.69230798E-02   6.41025677E-02  -160.874329    
   7.69230798E-02   7.69230798E-02  -156.658966    
   7.69230798E-02   8.97435918E-02  -149.743561    
   7.69230798E-02  0.102564104      -140.849976    
   7.69230798E-02  0.115384616      -130.582367    
   7.69230798E-02  0.128205135      -119.409866    
   7.69230798E-02  0.141025648      -107.676285    
   7.69230798E-02  0.153846160      -95.6191864    
   7.69230798E-02  0.166666672      -83.3902283    
   7.69230798E-02  0.179487184      -71.0731125    
   7.69230798E-02  0.192307696      -58.6981964    
   7.69230798E-02  0.205128208      -46.2538910    
   7.69230798E-02  0.217948720      -33.6949348    
   7.69230798E-02  0.230769232      -20.9483624    
   7.69230798E-02  0.243589744      -7.91748762    
   7.69230798E-02  0.256410271       5.51572323    
   7.69230798E-02  0.269230783       19.4895191    
   7.69230798E-02  0.282051295       34.1622734    
   7.69230798E-02  0.294871807       49.7132530    
   7.69230798E-02  0.307692319       66.3441772    
   7.69230798E-02  0.320512831       84.2815018    
   7.69230798E-02  0.333333343       103.779160    
   7.69230798E-02  0.346153855       125.122185    
   7.69230798E-02  0.358974367       148.630814    
   7.69230798E-02  0.371794879       174.665207    
   7.69230798E-02  0.384615391       203.631287    
   7.69230798E-02  0.397435904       235.986618    
   7.69230798E-02  0.410256416       272.248047    
   7.69230798E-02  0.423076928       312.999390    
   7.69230798E-02  0.435897440       358.901123    
   7.69230798E-02  0.448717952       410.700592    
   7.69230798E-02  0.461538464       469.244202    
   7.69230798E-02  0.474358976       535.490662    
   7.69230798E-02  0.487179488       610.526306    
   7.69230798E-02  0.500000000       695.582825    
   8.97435918E-02   0.00000000      -253.061295    
   8.97435918E-02   1.28205130E-02  -243.746674    
   8.97435918E-02   2.56410260E-02  -236.168411    
   8.97435918E-02   3.84615399E-02  -228.517563    
   8.97435918E-02   5.12820520E-02  -219.763504    
   8.97435918E-02   6.41025677E-02  -209.525436    
   8.97435918E-02   7.69230798E-02  -197.841446    
   8.97435918E-02   8.97435918E-02  -184.961319    
   8.97435918E-02  0.102564104      -171.203873    
   8.97435918E-02  0.115384616      -156.875488    
   8.97435918E-02  0.128205135      -142.231583    
   8.97435918E-02  0.141025648      -127.463753    
   8.97435918E-02  0.153846160      -112.700546    
   8.97435918E-02  0.166666672      -98.0139236    
   8.97435918E-02  0.179487184      -83.4277878    
   8.97435918E-02  0.192307696      -68.9260254    
   8.97435918E-02  0.205128208      -54.4592171    
   8.97435918E-02  0.217948720      -39.9500504    
   8.97435918E-02  0.230769232      -25.2971172    
   8.97435918E-02  0.243589744      -10.3774061    
   8.97435918E-02  0.256410271       4.95241690    
   8.97435918E-02  0.269230783       20.8557148    
   8.97435918E-02  0.282051295       37.5165138    
   8.97435918E-02  0.294871807       55.1408501    
   8.97435918E-02  0.307692319       73.9589157    
   8.97435918E-02  0.320512831       94.2278976    
   8.97435918E-02  0.333333343       116.235283    
   8.97435918E-02  0.346153855       140.303070    
   8.97435918E-02  0.358974367       166.792542    
   8.97435918E-02  0.371794879       196.109604    
   8.97435918E-02  0.384615391       228.711472    
   8.97435918E-02  0.397435904       265.113251    
   8.97435918E-02  0.410256416       305.896729    
   8.97435918E-02  0.423076928       351.718964    
   8.97435918E-02  0.435897440       403.323181    
   8.97435918E-02  0.448717952       461.550171    
   8.97435918E-02  0.461538464       527.352173    
   8.97435918E-02  0.474358976       601.807617    
   8.97435918E-02  0.487179488       686.138672    
   8.97435918E-02  0.500000000       781.730469    
  0.102564104       0.00000000      -374.676941    
  0.102564104       1.28205130E-02  -346.117889    
  0.102564104       2.56410260E-02  -321.719086    
  0.102564104       3.84615399E-02  -299.855682    
  0.102564104       5.12820520E-02  -279.386230    
  0.102564104       6.41025677E-02  -259.622437    
  0.102564104       7.69230798E-02  -240.220123    
  0.102564104       8.97435918E-02  -221.056473    
  0.102564104      0.102564104      -202.128677    
  0.102564104      0.115384616      -183.484131    
  0.102564104      0.128205135      -165.177231    
  0.102564104      0.141025648      -147.246689    
  0.102564104      0.153846160      -129.705307    
  0.102564104      0.166666672      -112.537094    
  0.102564104      0.179487184      -95.6981430    
  0.102564104      0.192307696      -79.1189117    
  0.102564104      0.205128208      -62.7069054    
  0.102564104      0.217948720      -46.3489342    
  0.102564104      0.230769232      -29.9126568    
  0.102564104      0.243589744      -13.2474356    
  0.102564104      0.256410271       3.81563497    
  0.102564104      0.269230783       21.4644318    
  0.102564104      0.282051295       39.9072189    
  0.102564104      0.294871807       59.3746986    
  0.102564104      0.307692319       80.1227722    
  0.102564104      0.320512831       102.435913    
  0.102564104      0.333333343       126.631012    
  0.102564104      0.346153855       153.062332    
  0.102564104      0.358974367       182.126602    
  0.102564104      0.371794879       214.269287    
  0.102564104      0.384615391       249.991623    
  0.102564104      0.397435904       289.858276    
  0.102564104      0.410256416       334.506622    
  0.102564104      0.423076928       384.656586    
  0.102564104      0.435897440       441.122284    
  0.102564104      0.448717952       504.824738    
  0.102564104      0.461538464       576.806641    
  0.102564104      0.474358976       658.248962    
  0.102564104      0.487179488       750.490234    
  0.102564104      0.500000000       855.046814    
  0.115384616       0.00000000      -490.142609    
  0.115384616       1.28205130E-02  -444.328705    
  0.115384616       2.56410260E-02  -404.734406    
  0.115384616       3.84615399E-02  -369.799896    
  0.115384616       5.12820520E-02  -338.303131    
  0.115384616       6.41025677E-02  -309.357880    
  0.115384616       7.69230798E-02  -282.360199    
  0.115384616       8.97435918E-02  -256.915649    
  0.115384616      0.102564104      -232.770264    
  0.115384616      0.115384616      -209.755066    
  0.115384616      0.128205135      -187.746460    
  0.115384616      0.141025648      -166.640427    
  0.115384616      0.153846160      -146.336899    
  0.115384616      0.166666672      -126.731049    
  0.115384616      0.179487184      -107.708778    
  0.115384616      0.192307696      -89.1445770    
  0.115384616      0.205128208      -70.9005814    
  0.115384616      0.217948720      -52.8261185    
  0.115384616      0.230769232      -34.7571373    
  0.115384616      0.243589744      -16.5153084    
  0.115384616      0.256410271       2.09312940    
  0.115384616      0.269230783       21.2791576    
  0.115384616      0.282051295       41.2732162    
  0.115384616      0.294871807       62.3279533    
  0.115384616      0.307692319       84.7215958    
  0.115384616      0.320512831       108.761871    
  0.115384616      0.333333343       134.790543    
  0.115384616      0.346153855       163.188629    
  0.115384616      0.358974367       194.382233    
  0.115384616      0.371794879       228.849380    
  0.115384616      0.384615391       267.127411    
  0.115384616      0.397435904       309.821625    
  0.115384616      0.410256416       357.614929    
  0.115384616      0.423076928       411.278564    
  0.115384616      0.435897440       471.684631    
  0.115384616      0.448717952       539.819702    
  0.115384616      0.461538464       616.800415    
  0.115384616      0.474358976       703.891724    
  0.115384616      0.487179488       802.526367    
  0.115384616      0.500000000       914.328247    
  0.128205135       0.00000000      -597.563110    
  0.128205135       1.28205130E-02  -536.319885    
  0.128205135       2.56410260E-02  -483.089996    
  0.128205135       3.84615399E-02  -436.306122    
  0.128205135       5.12820520E-02  -394.668396    
  0.128205135       6.41025677E-02  -357.145813    
  0.128205135       7.69230798E-02  -322.947083    
  0.128205135       8.97435918E-02  -291.475616    
  0.128205135      0.102564104      -262.281647    
  0.128205135      0.115384616      -235.019455    
  0.128205135      0.128205135      -209.413177    
  0.128205135      0.141025648      -185.231689    
  0.128205135      0.153846160      -162.270813    
  0.128205135      0.166666672      -140.341446    
  0.128205135      0.179487184      -119.261353    
  0.128205135      0.192307696      -98.8499985    
  0.128205135      0.205128208      -78.9246979    
  0.128205135      0.217948720      -59.2978439    
  0.128205135      0.230769232      -39.7744560    
  0.128205135      0.243589744      -20.1497993    
  0.128205135      0.256410271     -0.206968397    
  0.128205135      0.269230783       20.2858734    
  0.128205135      0.282051295       41.5785446    
  0.128205135      0.294871807       63.9422989    
  0.128205135      0.307692319       87.6737747    
  0.128205135      0.320512831       113.099472    
  0.128205135      0.333333343       140.580704    
  0.128205135      0.346153855       170.519394    
  0.128205135      0.358974367       203.364395    
  0.128205135      0.371794879       239.618591    
  0.128205135      0.384615391       279.847015    
  0.128205135      0.397435904       324.685913    
  0.128205135      0.410256416       374.852844    
  0.128205135      0.423076928       431.158173    
  0.128205135      0.435897440       494.518097    
  0.128205135      0.448717952       565.968994    
  0.128205135      0.461538464       646.683777    
  0.128205135      0.474358976       737.991089    
  0.128205135      0.487179488       841.395447    
  0.128205135      0.500000000       958.601990    
  0.141025648       0.00000000      -695.175476    
  0.141025648       1.28205130E-02  -620.297729    
  0.141025648       2.56410260E-02  -554.999573    
  0.141025648       3.84615399E-02  -497.666412    
  0.141025648       5.12820520E-02  -446.918701    
  0.141025648       6.41025677E-02  -401.610016    
  0.141025648       7.69230798E-02  -360.806763    
  0.141025648       8.97435918E-02  -323.758148    
  0.141025648      0.102564104      -289.861359    
  0.141025648      0.115384616      -258.627899    
  0.141025648      0.128205135      -229.655045    
  0.141025648      0.141025648      -202.602234    
  0.141025648      0.153846160      -177.173264    
  0.141025648      0.166666672      -153.102554    
  0.141025648      0.179487184      -130.145233    
  0.141025648      0.192307696      -108.069397    
  0.141025648      0.205128208      -86.6503830    
  0.141025648      0.217948720      -65.6661148    
  0.141025648      0.230769232      -44.8930321    
  0.141025648      0.243589744      -24.1024666    
  0.141025648      0.256410271      -3.05707431    
  0.141025648      0.269230783       18.4927673    
  0.141025648      0.282051295       40.8127899    
  0.141025648      0.294871807       64.1889191    
  0.141025648      0.307692319       88.9317627    
  0.141025648      0.320512831       115.381493    
  0.141025648      0.333333343       143.913406    
  0.141025648      0.346153855       174.943939    
  0.141025648      0.358974367       208.937408    
  0.141025648      0.371794879       246.413605    
  0.141025648      0.384615391       287.956207    
  0.141025648      0.397435904       334.222137    
  0.141025648      0.410256416       385.952209    
  0.141025648      0.423076928       443.983246    
  0.141025648      0.435897440       509.260681    
  0.141025648      0.448717952       582.854309    
  0.141025648      0.461538464       665.974915    
  0.141025648      0.474358976       759.993408    
  0.141025648      0.487179488       866.462402    
  0.141025648      0.500000000       987.141113    
  0.153846160       0.00000000      -781.376831    
  0.153846160       1.28205130E-02  -694.696228    
  0.153846160       2.56410260E-02  -618.943909    
  0.153846160       3.84615399E-02  -552.441040    
  0.153846160       5.12820520E-02  -493.730286    
  0.153846160       6.41025677E-02  -441.568726    
  0.153846160       7.69230798E-02  -394.911682    
  0.153846160       8.97435918E-02  -352.888885    
  0.153846160      0.102564104      -314.777710    
  0.153846160      0.115384616      -279.975830    
  0.153846160      0.128205135      -247.976883    
  0.153846160      0.141025648      -218.349014    
  0.153846160      0.153846160      -190.717438    
  0.153846160      0.166666672      -164.750320    
  0.153846160      0.179487184      -140.147614    
  0.153846160      0.192307696      -116.631943    
  0.153846160      0.205128208      -93.9413147    
  0.153846160      0.217948720      -71.8231888    
  0.153846160      0.230769232      -50.0290756    
  0.153846160      0.243589744      -28.3099442    
  0.153846160      0.256410271      -6.41163063    
  0.153846160      0.269230783       15.9294825    
  0.153846160      0.282051295       38.9909363    
  0.153846160      0.294871807       63.0688324    
  0.153846160      0.307692319       88.4828186    
  0.153846160      0.320512831       115.581329    
  0.153846160      0.333333343       144.747498    
  0.153846160      0.346153855       176.405518    
  0.153846160      0.358974367       211.027695    
  0.153846160      0.371794879       249.142227    
  0.153846160      0.384615391       291.341980    
  0.153846160      0.397435904       338.294128    
  0.153846160      0.410256416       390.750854    
  0.153846160      0.423076928       449.561798    
  0.153846160      0.435897440       515.687012    
  0.153846160      0.448717952       590.212646    
  0.153846160      0.461538464       674.368164    
  0.153846160      0.474358976       769.545044    
  0.153846160      0.487179488       877.319641    
  0.153846160      0.500000000       999.477295    
  0.166666672       0.00000000      -854.752808    
  0.166666672       1.28205130E-02  -758.166138    
  0.166666672       2.56410260E-02  -673.638611    
  0.166666672       3.84615399E-02  -599.423584    
  0.166666672       5.12820520E-02  -533.992493    
  0.166666672       6.41025677E-02  -476.022827    
  0.166666672       7.69230798E-02  -424.382233    
  0.166666672       8.97435918E-02  -378.107971    
  0.166666672      0.102564104      -336.384705    
  0.166666672      0.115384616      -298.520905    
  0.166666672      0.128205135      -263.927673    
  0.166666672      0.141025648      -232.099487    
  0.166666672      0.153846160      -202.597076    
  0.166666672      0.166666672      -175.033691    
  0.166666672      0.179487184      -149.063004    
  0.166666672      0.192307696      -124.369431    
  0.166666672      0.205128208      -100.659760    
  0.166666672      0.217948720      -77.6562119    
  0.166666672      0.230769232      -55.0901604    
  0.166666672      0.243589744      -32.6966095    
  0.166666672      0.256410271      -10.2089834    
  0.166666672      0.269230783       12.6458588    
  0.166666672      0.282051295       36.1526260    
  0.166666672      0.294871807       60.6126747    
  0.166666672      0.307692319       86.3493195    
  0.166666672      0.320512831       113.713478    
  0.166666672      0.333333343       143.089706    
  0.166666672      0.346153855       174.902908    
  0.166666672      0.358974367       209.625565    
  0.166666672      0.371794879       247.785660    
  0.166666672      0.384615391       289.975433    
  0.166666672      0.397435904       336.861572    
  0.166666672      0.410256416       389.195526    
  0.166666672      0.423076928       447.826080    
  0.166666672      0.435897440       513.712891    
  0.166666672      0.448717952       587.941223    
  0.166666672      0.461538464       671.739746    
  0.166666672      0.474358976       766.499084    
  0.166666672      0.487179488       873.793945    
  0.166666672      0.500000000       995.407959    
  0.179487184       0.00000000      -914.098511    
  0.179487184       1.28205130E-02  -809.576965    
  0.179487184       2.56410260E-02  -718.020752    
  0.179487184       3.84615399E-02  -637.622559    
  0.179487184       5.12820520E-02  -566.793518    
  0.179487184       6.41025677E-02  -504.147919    
  0.179487184       7.69230798E-02  -448.486237    
  0.179487184       8.97435918E-02  -398.776154    
  0.179487184      0.102564104      -354.132233    
  0.179487184      0.115384616      -313.795288    
  0.179487184      0.128205135      -277.113464    
  0.179487184      0.141025648      -243.524109    
  0.179487184      0.153846160      -212.537704    
  0.179487184      0.166666672      -183.724289    
  0.179487184      0.179487184      -156.701263    
  0.179487184      0.192307696      -131.122986    
  0.179487184      0.205128208      -106.672096    
  0.179487184      0.217948720      -83.0517502    
  0.179487184      0.230769232      -59.9787445    
  0.179487184      0.243589744      -37.1773453    
  0.179487184      0.256410271      -14.3735619    
  0.179487184      0.269230783       8.71030521    
  0.179487184      0.282051295       32.3610497    
  0.179487184      0.294871807       56.8799438    
  0.179487184      0.307692319       82.5883484    
  0.179487184      0.320512831       109.833542    
  0.179487184      0.333333343       138.994919    
  0.179487184      0.346153855       170.490891    
  0.179487184      0.358974367       204.786072    
  0.179487184      0.371794879       242.399277    
  0.179487184      0.384615391       283.912689    
  0.179487184      0.397435904       329.981171    
  0.179487184      0.410256416       381.343536    
  0.179487184      0.423076928       438.834320    
  0.179487184      0.435897440       503.397064    
  0.179487184      0.448717952       576.099670    
  0.179487184      0.461538464       658.150452    
  0.179487184      0.474358976       750.917480    
  0.179487184      0.487179488       855.949402    
  0.179487184      0.500000000       974.999939    
  0.192307696       0.00000000      -958.440430    
  0.192307696       1.28205130E-02  -848.022827    
  0.192307696       2.56410260E-02  -751.244812    
  0.192307696       3.84615399E-02  -666.252380    
  0.192307696       5.12820520E-02  -591.411133    
  0.192307696       6.41025677E-02  -525.289062    
  0.192307696       7.69230798E-02  -466.638733    
  0.192307696       8.97435918E-02  -414.378235    
  0.192307696      0.102564104      -367.572632    
  0.192307696      0.115384616      -325.414520    
  0.192307696      0.128205135      -287.206818    
  0.192307696      0.141025648      -252.345734    
  0.192307696      0.153846160      -220.305389    
  0.192307696      0.166666672      -190.624649    
  0.192307696      0.179487184      -162.894791    
  0.192307696      0.192307696      -136.749115    
  0.192307696      0.205128208      -111.853874    
  0.192307696      0.217948720      -87.8999557    
  0.192307696      0.230769232      -64.5957336    
  0.192307696      0.243589744      -41.6604691    
  0.192307696      0.256410271      -18.8182201    
  0.192307696      0.269230783       4.20788193    
  0.192307696      0.282051295       27.7013092    
  0.192307696      0.294871807       51.9577179    
  0.192307696      0.307692319       77.2906113    
  0.192307696      0.320512831       104.037384    
  0.192307696      0.333333343       132.565598    
  0.192307696      0.346153855       163.279709    
  0.192307696      0.358974367       196.628418    
  0.192307696      0.371794879       233.112778    
  0.192307696      0.384615391       273.294708    
  0.192307696      0.397435904       317.806854    
  0.192307696      0.410256416       367.363159    
  0.192307696      0.423076928       422.770447    
  0.192307696      0.435897440       484.941620    
  0.192307696      0.448717952       554.909790    
  0.192307696      0.461538464       633.844727    
  0.192307696      0.474358976       723.070618    
  0.192307696      0.487179488       824.086304    
  0.192307696      0.500000000       938.588257    
  0.205128208       0.00000000      -987.050293    
  0.205128208       1.28205130E-02  -872.829102    
  0.205128208       2.56410260E-02  -772.683655    
  0.205128208       3.84615399E-02  -684.731140    
  0.205128208       5.12820520E-02  -607.309448    
  0.205128208       6.41025677E-02  -538.958435    
  0.205128208       7.69230798E-02  -478.401306    
  0.205128208       8.97435918E-02  -424.525574    
  0.205128208      0.102564104      -376.365479    
  0.205128208      0.115384616      -333.083344    
  0.205128208      0.128205135      -293.953644    
  0.205128208      0.141025648      -258.346588    
  0.205128208      0.153846160      -225.713547    
  0.205128208      0.166666672      -195.574127    
  0.205128208      0.179487184      -167.504044    
  0.205128208      0.192307696      -141.124817    
  0.205128208      0.205128208      -116.094330    
  0.205128208      0.217948720      -92.0984650    
  0.205128208      0.230769232      -68.8437576    
  0.205128208      0.243589744      -46.0505447    
  0.205128208      0.256410271      -23.4467430    
  0.205128208      0.269230783     -0.761872470    
  0.205128208      0.282051295       22.2786026    
  0.205128208      0.294871807       45.9589653    
  0.205128208      0.307692319       70.5789642    
  0.205128208      0.320512831       96.4597931    
  0.205128208      0.333333343       123.950356    
  0.205128208      0.346153855       153.433884    
  0.205128208      0.358974367       185.335190    
  0.205128208      0.371794879       220.128677    
  0.205128208      0.384615391       258.346527    
  0.205128208      0.397435904       300.588470    
  0.205128208      0.410256416       347.531799    
  0.205128208      0.423076928       399.942810    
  0.205128208      0.435897440       458.688995    
  0.205128208      0.448717952       524.753113    
  0.205128208      0.461538464       599.248108    
  0.205128208      0.474358976       683.434082    
  0.205128208      0.487179488       778.737000    
  0.205128208      0.500000000       886.770508    
  0.217948720       0.00000000      -999.458801    
  0.217948720       1.28205130E-02  -883.559143    
  0.217948720       2.56410260E-02  -781.929688    
  0.217948720       3.84615399E-02  -692.678955    
  0.217948720       5.12820520E-02  -614.136902    
  0.217948720       6.41025677E-02  -544.833923    
  0.217948720       7.69230798E-02  -483.482391    
  0.217948720       8.97435918E-02  -428.957550    
  0.217948720      0.102564104      -380.280182    
  0.217948720      0.115384616      -336.599701    
  0.217948720      0.128205135      -297.177826    
  0.217948720      0.141025648      -261.373322    
  0.217948720      0.153846160      -228.628113    
  0.217948720      0.166666672      -198.454193    
  0.217948720      0.179487184      -170.422455    
  0.217948720      0.192307696      -144.151840    
  0.217948720      0.205128208      -119.300125    
  0.217948720      0.217948720      -95.5557938    
  0.217948720      0.230769232      -72.6302643    
  0.217948720      0.243589744      -50.2512169    
  0.217948720      0.256410271      -28.1563187    
  0.217948720      0.269230783      -6.08722830    
  0.217948720      0.282051295       16.2160091    
  0.217948720      0.294871807       39.0205612    
  0.217948720      0.307692319       62.6064796    
  0.217948720      0.320512831       87.2724838    
  0.217948720      0.333333343       113.342140    
  0.217948720      0.346153855       141.170227    
  0.217948720      0.358974367       171.149872    
  0.217948720      0.371794879       203.720154    
  0.217948720      0.384615391       239.374298    
  0.217948720      0.397435904       278.668701    
  0.217948720      0.410256416       322.232788    
  0.217948720      0.423076928       370.779816    
  0.217948720      0.435897440       425.118469    
  0.217948720      0.448717952       486.165527    
  0.217948720      0.461538464       554.960571    
  0.217948720      0.474358976       632.680420    
  0.217948720      0.487179488       720.657043    
  0.217948720      0.500000000       820.397278    
  0.230769232       0.00000000      -995.462097    
  0.230769232       1.28205130E-02  -880.019165    
  0.230769232       2.56410260E-02  -778.796814    
  0.230769232       3.84615399E-02  -689.918274    
  0.230769232       5.12820520E-02  -611.725220    
  0.230769232       6.41025677E-02  -542.758301    
  0.230769232       7.69230798E-02  -481.736877    
  0.230769232       8.97435918E-02  -427.541992    
  0.230769232      0.102564104      -379.198059    
  0.230769232      0.115384616      -335.857544    
  0.230769232      0.128205135      -296.784637    
  0.230769232      0.141025648      -261.340820    
  0.230769232      0.153846160      -228.971252    
  0.230769232      0.166666672      -199.192169    
  0.230769232      0.179487184      -171.579803    
  0.230769232      0.192307696      -145.759872    
  0.230769232      0.205128208      -121.398598    
  0.230769232      0.217948720      -98.1943436    
  0.230769232      0.230769232      -75.8703003    
  0.230769232      0.243589744      -54.1677704    
  0.230769232      0.256410271      -32.8400764    
  0.230769232      0.269230783      -11.6467152    
  0.230769232      0.282051295       9.65209961    
  0.230769232      0.294871807       31.3007984    
  0.230769232      0.307692319       53.5539017    
  0.230769232      0.320512831       76.6815643    
  0.230769232      0.333333343       100.975464    
  0.230769232      0.346153855       126.754982    
  0.230769232      0.358974367       154.373932    
  0.230769232      0.371794879       184.227844    
  0.230769232      0.384615391       216.761810    
  0.230769232      0.397435904       252.479187    
  0.230769232      0.410256416       291.950897    
  0.230769232      0.423076928       335.825317    
  0.230769232      0.435897440       384.839417    
  0.230769232      0.448717952       439.830353    
  0.230769232      0.461538464       501.748108    
  0.230769232      0.474358976       571.669739    
  0.230769232      0.487179488       650.813843    
  0.230769232      0.500000000       740.558044    
  0.243589744       0.00000000      -975.125732    
  0.243589744       1.28205130E-02  -862.258606    
  0.243589744       2.56410260E-02  -763.320557    
  0.243589744       3.84615399E-02  -676.471802    
  0.243589744       5.12820520E-02  -600.087585    
  0.243589744       6.41025677E-02  -532.736938    
  0.243589744       7.69230798E-02  -473.164978    
  0.243589744       8.97435918E-02  -420.275146    
  0.243589744      0.102564104      -373.112518    
  0.243589744      0.115384616      -330.847778    
  0.243589744      0.128205135      -292.762451    
  0.243589744      0.141025648      -258.234192    
  0.243589744      0.153846160      -226.723892    
  0.243589744      0.166666672      -197.763443    
  0.243589744      0.179487184      -170.944702    
  0.243589744      0.192307696      -145.909317    
  0.243589744      0.205128208      -122.340034    
  0.243589744      0.217948720      -99.9526520    
  0.243589744      0.230769232      -78.4887848    
  0.243589744      0.243589744      -57.7095108    
  0.243589744      0.256410271      -37.3895226    
  0.243589744      0.269230783      -17.3116531    
  0.243589744      0.282051295       2.73830390    
  0.243589744      0.294871807       22.9766350    
  0.243589744      0.307692319       43.6267548    
  0.243589744      0.320512831       64.9244232    
  0.243589744      0.333333343       87.1231842    
  0.243589744      0.346153855       110.500313    
  0.243589744      0.358974367       135.363022    
  0.243589744      0.371794879       162.055405    
  0.243589744      0.384615391       190.965927    
  0.243589744      0.397435904       222.535461    
  0.243589744      0.410256416       257.266296    
  0.243589744      0.423076928       295.731171    
  0.243589744      0.435897440       338.583557    
  0.243589744      0.448717952       386.568176    
  0.243589744      0.461538464       440.531982    
  0.243589744      0.474358976       501.436523    
  0.243589744      0.487179488       570.370422    
  0.243589744      0.500000000       648.563232    
  0.256410271       0.00000000      -938.783875    
  0.256410271       1.28205130E-02  -830.568970    
  0.256410271       2.56410260E-02  -735.754639    
  0.256410271       3.84615399E-02  -652.561157    
  0.256410271       5.12820520E-02  -579.416260    
  0.256410271       6.41025677E-02  -514.936768    
  0.256410271       7.69230798E-02  -457.910828    
  0.256410271       8.97435918E-02  -407.281219    
  0.256410271      0.102564104      -362.129089    
  0.256410271      0.115384616      -321.658783    
  0.256410271      0.128205135      -285.183197    
  0.256410271      0.141025648      -252.109558    
  0.256410271      0.153846160      -221.926666    
  0.256410271      0.166666672      -194.193100    
  0.256410271      0.179487184      -168.526199    
  0.256410271      0.192307696      -144.592636    
  0.256410271      0.205128208      -122.099625    
  0.256410271      0.217948720      -100.787491    
  0.256410271      0.230769232      -80.4226837    
  0.256410271      0.243589744      -60.7919579    
  0.256410271      0.256410271      -41.6968460    
  0.256410271      0.269230783      -22.9486809    
  0.256410271      0.282051295      -4.36385775    
  0.256410271      0.294871807       14.2406864    
  0.256410271      0.307692319       33.0520630    
  0.256410271      0.320512831       52.2661514    
  0.256410271      0.333333343       72.0925598    
  0.256410271      0.346153855       92.7600861    
  0.256410271      0.358974367       114.522461    
  0.256410271      0.371794879       137.664856    
  0.256410271      0.384615391       162.510925    
  0.256410271      0.397435904       189.430481    
  0.256410271      0.410256416       218.847626    
  0.256410271      0.423076928       251.249496    
  0.256410271      0.435897440       287.195526    
  0.256410271      0.448717952       327.326660    
  0.256410271      0.461538464       372.375153    
  0.256410271      0.474358976       423.174042    
  0.256410271      0.487179488       480.667877    
  0.256410271      0.500000000       545.922668    
  0.269230783       0.00000000      -887.032349    
  0.269230783       1.28205130E-02  -785.478760    
  0.269230783       2.56410260E-02  -696.568176    
  0.269230783       3.84615399E-02  -618.601807    
  0.269230783       5.12820520E-02  -550.079407    
  0.269230783       6.41025677E-02  -489.682922    
  0.269230783       7.69230798E-02  -436.260437    
  0.269230783       8.97435918E-02  -388.809723    
  0.269230783      0.102564104      -346.463745    
  0.269230783      0.115384616      -308.475128    
  0.269230783      0.128205135      -274.201996    
  0.269230783      0.141025648      -243.094162    
  0.269230783      0.153846160      -214.680237    
  0.269230783      0.166666672      -188.556030    
  0.269230783      0.179487184      -164.374390    
  0.269230783      0.192307696      -141.835358    
  0.269230783      0.205128208      -120.678383    
  0.269230783      0.217948720      -100.674942    
  0.269230783      0.230769232      -81.6224899    
  0.269230783      0.243589744      -63.3387833    
  0.269230783      0.256410271      -45.6572380    
  0.269230783      0.269230783      -28.4223557    
  0.269230783      0.282051295      -11.4857349    
  0.269230783      0.294871807       5.29790831    
  0.269230783      0.307692319       22.0746651    
  0.269230783      0.320512831       38.9955406    
  0.269230783      0.333333343       56.2208443    
  0.269230783      0.346153855       73.9250107    
  0.269230783      0.358974367       92.3018646    
  0.269230783      0.371794879       111.570633    
  0.269230783      0.384615391       131.982544    
  0.269230783      0.397435904       153.827957    
  0.269230783      0.410256416       177.444199    
  0.269230783      0.423076928       203.223694    
  0.269230783      0.435897440       231.622330    
  0.269230783      0.448717952       263.167877    
  0.269230783      0.461538464       298.467712    
  0.269230783      0.474358976       338.216766    
  0.269230783      0.487179488       383.204376    
  0.269230783      0.500000000       434.321350    
  0.282051295       0.00000000      -820.721130    
  0.282051295       1.28205130E-02  -727.745361    
  0.282051295       2.56410260E-02  -646.437622    
  0.282051295       3.84615399E-02  -575.198425    
  0.282051295       5.12820520E-02  -512.616516    
  0.282051295       6.41025677E-02  -457.455353    
  0.282051295       7.69230798E-02  -408.638123    
  0.282051295       8.97435918E-02  -365.233459    
  0.282051295      0.102564104      -326.440948    
  0.282051295      0.115384616      -291.575958    
  0.282051295      0.128205135      -260.055542    
  0.282051295      0.141025648      -231.384857    
  0.282051295      0.153846160      -205.143906    
  0.282051295      0.166666672      -180.976471    
  0.282051295      0.179487184      -158.579941    
  0.282051295      0.192307696      -137.696045    
  0.282051295      0.205128208      -118.103546    
  0.282051295      0.217948720      -99.6114273    
  0.282051295      0.230769232      -82.0535049    
  0.282051295      0.243589744      -65.2834702    
  0.282051295      0.256410271      -49.1709633    
  0.282051295      0.269230783      -33.5977783    
  0.282051295      0.282051295      -18.4546356    
  0.282051295      0.294871807      -3.63798642    
  0.282051295      0.307692319       10.9531422    
  0.282051295      0.320512831       25.4204998    
  0.282051295      0.333333343       39.8702774    
  0.282051295      0.346153855       54.4172173    
  0.282051295      0.358974367       69.1893234    
  0.282051295      0.371794879       84.3332825    
  0.282051295      0.384615391       100.020653    
  0.282051295      0.397435904       116.454590    
  0.282051295      0.410256416       133.877518    
  0.282051295      0.423076928       152.578705    
  0.282051295      0.435897440       172.902283    
  0.282051295      0.448717952       195.254730    
  0.282051295      0.461538464       220.111145    
  0.282051295      0.474358976       248.020935    
  0.282051295      0.487179488       279.611511    
  0.282051295      0.500000000       315.591217    
  0.294871807       0.00000000      -740.938843    
  0.294871807       1.28205130E-02  -658.343994    
  0.294871807       2.56410260E-02  -586.238586    
  0.294871807       3.84615399E-02  -523.137451    
  0.294871807       5.12820520E-02  -467.732971    
  0.294871807       6.41025677E-02  -418.883911    
  0.294871807       7.69230798E-02  -375.603271    
  0.294871807       8.97435918E-02  -337.045258    
  0.294871807      0.102564104      -302.490662    
  0.294871807      0.115384616      -271.332123    
  0.294871807      0.128205135      -243.059570    
  0.294871807      0.141025648      -217.245880    
  0.294871807      0.153846160      -193.534027    
  0.294871807      0.166666672      -171.626099    
  0.294871807      0.179487184      -151.272812    
  0.294871807      0.192307696      -132.265366    
  0.294871807      0.205128208      -114.428314    
  0.294871807      0.217948720      -97.6137619    
  0.294871807      0.230769232      -81.6966248    
  0.294871807      0.243589744      -66.5706711    
  0.294871807      0.256410271      -52.1453667    
  0.294871807      0.269230783      -38.3431511    
  0.294871807      0.282051295      -25.0970306    
  0.294871807      0.294871807      -12.3483582    
  0.294871807      0.307692319      -4.46117446E-02
  0.294871807      0.320512831       11.8630447    
  0.294871807      0.333333343       23.4225521    
  0.294871807      0.346153855       34.6842613    
  0.294871807      0.358974367       45.7049255    
  0.294871807      0.371794879       56.5525627    
  0.294871807      0.384615391       67.3121490    
  0.294871807      0.397435904       78.0922928    
  0.294871807      0.410256416       89.0325546    
  0.294871807      0.423076928       100.311302    
  0.294871807      0.435897440       112.153481    
  0.294871807      0.448717952       124.837585    
  0.294871807      0.461538464       138.701187    
  0.294871807      0.474358976       154.144257    
  0.294871807      0.487179488       171.629623    
  0.294871807      0.500000000       191.680969    
  0.307692319       0.00000000      -648.994812    
  0.307692319       1.28205130E-02  -578.453552    
  0.307692319       2.56410260E-02  -517.035034    
  0.307692319       3.84615399E-02  -463.379730    
  0.307692319       5.12820520E-02  -416.294037    
  0.307692319       6.41025677E-02  -374.744019    
  0.307692319       7.69230798E-02  -337.845917    
  0.307692319       8.97435918E-02  -304.853607    
  0.307692319      0.102564104      -275.144226    
  0.307692319      0.115384616      -248.202393    
  0.307692319      0.128205135      -223.604691    
  0.307692319      0.141025648      -201.004822    
  0.307692319      0.153846160      -180.120300    
  0.307692319      0.166666672      -160.721054    
  0.307692319      0.179487184      -142.619858    
  0.307692319      0.192307696      -125.664261    
  0.307692319      0.205128208      -109.730560    
  0.307692319      0.217948720      -94.7186813    
  0.307692319      0.230769232      -80.5485458    
  0.307692319      0.243589744      -67.1572037    
  0.307692319      0.256410271      -54.4966850    
  0.307692319      0.269230783      -42.5324326    
  0.307692319      0.282051295      -31.2419739    
  0.307692319      0.294871807      -20.6138039    
  0.307692319      0.307692319      -10.6462784    
  0.307692319      0.320512831      -1.34625709    
  0.307692319      0.333333343       7.27263832    
  0.307692319      0.346153855       15.1923532    
  0.307692319      0.358974367       22.3935661    
  0.307692319      0.371794879       28.8598766    
  0.307692319      0.384615391       34.5831070    
  0.307692319      0.397435904       39.5698509    
  0.307692319      0.410256416       43.8490944    
  0.307692319      0.423076928       47.4804840    
  0.307692319      0.435897440       50.5627327    
  0.307692319      0.448717952       53.2409401    
  0.307692319      0.461538464       55.7117920    
  0.307692319      0.474358976       58.2252541    
  0.307692319      0.487179488       61.0817223    
  0.307692319      0.500000000       64.6244583    
  0.320512831       0.00000000      -546.397766    
  0.320512831       1.28205130E-02  -489.440125    
  0.320512831       2.56410260E-02  -440.068329    
  0.320512831       3.84615399E-02  -397.052399    
  0.320512831       5.12820520E-02  -359.319489    
  0.320512831       6.41025677E-02  -325.952362    
  0.320512831       7.69230798E-02  -296.182800    
  0.320512831       8.97435918E-02  -269.379059    
  0.320512831      0.102564104      -245.030212    
  0.320512831      0.115384616      -222.728531    
  0.320512831      0.128205135      -202.152100    
  0.320512831      0.141025648      -183.048492    
  0.320512831      0.153846160      -165.221283    
  0.320512831      0.166666672      -148.518021    
  0.320512831      0.179487184      -132.821259    
  0.320512831      0.192307696      -118.041328    
  0.320512831      0.205128208      -104.111015    
  0.320512831      0.217948720      -90.9818497    
  0.320512831      0.230769232      -78.6216583    
  0.320512831      0.243589744      -67.0128784    
  0.320512831      0.256410271      -56.1517334    
  0.320512831      0.269230783      -46.0479279    
  0.320512831      0.282051295      -36.7246208    
  0.320512831      0.294871807      -28.2186012    
  0.320512831      0.307692319      -20.5804405    
  0.320512831      0.320512831      -13.8744307    
  0.320512831      0.333333343      -8.17809391    
  0.320512831      0.346153855      -3.58105969    
  0.320512831      0.358974367     -0.182886481    
  0.320512831      0.371794879       1.91026831    
  0.320512831      0.384615391       2.59053636    
  0.320512831      0.397435904       1.75491142    
  0.320512831      0.410256416     -0.686524808    
  0.320512831      0.423076928      -4.80118752    
  0.320512831      0.435897440      -10.6239729    
  0.320512831      0.448717952      -18.1483536    
  0.320512831      0.461538464      -27.3202114    
  0.320512831      0.474358976      -38.0367508    
  0.320512831      0.487179488      -50.1524429    
  0.320512831      0.500000000      -63.4928055    
  0.333333343       0.00000000      -434.831665    
  0.333333343       1.28205130E-02  -392.840820    
  0.333333343       2.56410260E-02  -356.745667    
  0.333333343       3.84615399E-02  -325.442230    
  0.333333343       5.12820520E-02  -297.979126    
  0.333333343       6.41025677E-02  -273.563110    
  0.333333343       7.69230798E-02  -251.553741    
  0.333333343       8.97435918E-02  -231.449509    
  0.333333343      0.102564104      -212.869049    
  0.333333343      0.115384616      -195.529541    
  0.333333343      0.128205135      -179.226578    
  0.333333343      0.141025648      -163.815796    
  0.333333343      0.153846160      -149.198273    
  0.333333343      0.166666672      -135.308472    
  0.333333343      0.179487184      -122.105904    
  0.333333343      0.192307696      -109.568794    
  0.333333343      0.205128208      -97.6903000    
  0.333333343      0.217948720      -86.4760742    
  0.333333343      0.230769232      -75.9433823    
  0.333333343      0.243589744      -66.1209106    
  0.333333343      0.256410271      -57.0494423    
  0.333333343      0.269230783      -48.7829132    
  0.333333343      0.282051295      -41.3899879    
  0.333333343      0.294871807      -34.9555511    
  0.333333343      0.307692319      -29.5824604    
  0.333333343      0.320512831      -25.3929234    
  0.333333343      0.333333343      -22.5295334    
  0.333333343      0.346153855      -21.1555958    
  0.333333343      0.358974367      -21.4543133    
  0.333333343      0.371794879      -23.6264553    
  0.333333343      0.384615391      -27.8861465    
  0.333333343      0.397435904      -34.4542046    
  0.333333343      0.410256416      -43.5489273    
  0.333333343      0.423076928      -55.3747101    
  0.333333343      0.435897440      -70.1090775    
  0.333333343      0.448717952      -87.8901901    
  0.333333343      0.461538464      -108.807518    
  0.333333343      0.474358976      -132.899597    
  0.333333343      0.487179488      -160.161942    
  0.333333343      0.500000000      -190.568115    
  0.346153855       0.00000000      -316.129517    
  0.346153855       1.28205130E-02  -290.346069    
  0.346153855       2.56410260E-02  -268.631256    
  0.346153855       3.84615399E-02  -249.991562    
  0.346153855       5.12820520E-02  -233.591721    
  0.346153855       6.41025677E-02  -218.767273    
  0.346153855       7.69230798E-02  -205.019470    
  0.346153855       8.97435918E-02  -191.996307    
  0.346153855      0.102564104      -179.466949    
  0.346153855      0.115384616      -167.294083    
  0.346153855      0.128205135      -155.408844    
  0.346153855      0.141025648      -143.789917    
  0.346153855      0.153846160      -132.447525    
  0.346153855      0.166666672      -121.411766    
  0.346153855      0.179487184      -110.725090    
  0.346153855      0.192307696      -100.437660    
  0.346153855      0.205128208      -90.6052704    
  0.346153855      0.217948720      -81.2887497    
  0.346153855      0.230769232      -72.5548706    
  0.346153855      0.243589744      -64.4779510    
  0.346153855      0.256410271      -57.1421776    
  0.346153855      0.269230783      -50.6443176    
  0.346153855      0.282051295      -45.0968475    
  0.346153855      0.294871807      -40.6311646    
  0.346153855      0.307692319      -37.4009323    
  0.346153855      0.320512831      -35.5852661    
  0.346153855      0.333333343      -35.3915253    
  0.346153855      0.346153855      -37.0574913    
  0.346153855      0.358974367      -40.8522949    
  0.346153855      0.371794879      -47.0756187    
  0.346153855      0.384615391      -56.0544815    
  0.346153855      0.397435904      -68.1366425    
  0.346153855      0.410256416      -83.6802750    
  0.346153855      0.423076928      -103.039665    
  0.346153855      0.435897440      -126.547455    
  0.346153855      0.448717952      -154.495804    
  0.346153855      0.461538464      -187.120102    
  0.346153855      0.474358976      -224.592117    
  0.346153855      0.487179488      -267.027649    
  0.346153855      0.500000000      -314.515198    
  0.358974367       0.00000000      -192.237534    
  0.358974367       1.28205130E-02  -183.782623    
  0.358974367       2.56410260E-02  -177.441696    
  0.358974367       3.84615399E-02  -172.301163    
  0.358974367       5.12820520E-02  -167.628922    
  0.358974367       6.41025677E-02  -162.894821    
  0.358974367       7.69230798E-02  -157.760483    
  0.358974367       8.97435918E-02  -152.049316    
  0.358974367      0.102564104      -145.708359    
  0.358974367      0.115384616      -138.770935    
  0.358974367      0.128205135      -131.324722    
  0.358974367      0.141025648      -123.487488    
  0.358974367      0.153846160      -115.390129    
  0.358974367      0.166666672      -107.165970    
  0.358974367      0.179487184      -98.9450073    
  0.358974367      0.192307696      -90.8515091    
  0.358974367      0.205128208      -83.0043564    
  0.358974367      0.217948720      -75.5187759    
  0.358974367      0.230769232      -68.5094147    
  0.358974367      0.243589744      -62.0938835    
  0.358974367      0.256410271      -56.3970032    
  0.358974367      0.269230783      -51.5553322    
  0.358974367      0.282051295      -47.7219048    
  0.358974367      0.294871807      -45.0713120    
  0.358974367      0.307692319      -43.8048401    
  0.358974367      0.320512831      -44.1556702    
  0.358974367      0.333333343      -46.3938065    
  0.358974367      0.346153855      -50.8305359    
  0.358974367      0.358974367      -57.8217392    
  0.358974367      0.371794879      -67.7692871    
  0.358974367      0.384615391      -81.1195297    
  0.358974367      0.397435904      -98.3575745    
  0.358974367      0.410256416      -119.995842    
  0.358974367      0.423076928      -146.556229    
  0.358974367      0.435897440      -178.545364    
  0.358974367      0.448717952      -216.425369    
  0.358974367      0.461538464      -260.585022    
  0.358974367      0.474358976      -311.321136    
  0.358974367      0.487179488      -368.841248    
  0.358974367      0.500000000      -433.299835    
  0.371794879       0.00000000      -65.1901321    
  0.371794879       1.28205130E-02  -75.1051941    
  0.371794879       2.56410260E-02  -85.0518188    
  0.371794879       3.84615399E-02  -94.1424561    
  0.371794879       5.12820520E-02  -101.727982    
  0.371794879       6.41025677E-02  -107.422615    
  0.371794879       7.69230798E-02  -111.078354    
  0.371794879       8.97435918E-02  -112.732033    
  0.371794879      0.102564104      -112.546204    
  0.371794879      0.115384616      -110.756531    
  0.371794879      0.128205135      -107.631622    
  0.371794879      0.141025648      -103.445183    
  0.371794879      0.153846160      -98.4595261    
  0.371794879      0.166666672      -92.9170227    
  0.371794879      0.179487184      -87.0374451    
  0.371794879      0.192307696      -81.0190201    
  0.371794879      0.205128208      -75.0418625    
  0.371794879      0.217948720      -69.2726364    
  0.371794879      0.230769232      -63.8701324    
  0.371794879      0.243589744      -58.9911575    
  0.371794879      0.256410271      -54.7966499    
  0.371794879      0.269230783      -51.4580994    
  0.371794879      0.282051295      -49.1641312    
  0.371794879      0.294871807      -48.1273460    
  0.371794879      0.307692319      -48.5914650    
  0.371794879      0.320512831      -50.8387680    
  0.371794879      0.333333343      -55.1974983    
  0.371794879      0.346153855      -62.0491295    
  0.371794879      0.358974367      -71.8348541    
  0.371794879      0.371794879      -85.0602570    
  0.371794879      0.384615391      -102.296791    
  0.371794879      0.397435904      -124.178268    
  0.371794879      0.410256416      -151.389313    
  0.371794879      0.423076928      -184.644073    
  0.371794879      0.435897440      -224.652451    
  0.371794879      0.448717952      -272.075256    
  0.371794879      0.461538464      -327.473511    
  0.371794879      0.474358976      -391.266083    
  0.371794879      0.487179488      -463.716370    
  0.371794879      0.500000000      -544.972473    
  0.384615391       0.00000000       62.9272995    
  0.384615391       1.28205130E-02   33.6037712    
  0.384615391       2.56410260E-02   6.48211956    
  0.384615391       3.84615399E-02  -17.4888439    
  0.384615391       5.12820520E-02  -37.7179184    
  0.384615391       6.41025677E-02  -53.9893188    
  0.384615391       7.69230798E-02  -66.3982697    
  0.384615391       8.97435918E-02  -75.2542572    
  0.384615391      0.102564104      -80.9878387    
  0.384615391      0.115384616      -84.0774384    
  0.384615391      0.128205135      -85.0000458    
  0.384615391      0.141025648      -84.2021027    
  0.384615391      0.153846160      -82.0857620    
  0.384615391      0.166666672      -79.0051575    
  0.384615391      0.179487184      -75.2687378    
  0.384615391      0.192307696      -71.1452942    
  0.384615391      0.205128208      -66.8714142    
  0.384615391      0.217948720      -62.6597252    
  0.384615391      0.230769232      -58.7073135    
  0.384615391      0.243589744      -55.2039642    
  0.384615391      0.256410271      -52.3403435    
  0.384615391      0.269230783      -50.3163109    
  0.384615391      0.282051295      -49.3491821    
  0.384615391      0.294871807      -49.6824455    
  0.384615391      0.307692319      -51.5949249    
  0.384615391      0.320512831      -55.4104614    
  0.384615391      0.333333343      -61.5082779    
  0.384615391      0.346153855      -70.3336258    
  0.384615391      0.358974367      -82.4082794    
  0.384615391      0.371794879      -98.3400497    
  0.384615391      0.384615391      -118.829185    
  0.384615391      0.397435904      -144.669373    
  0.384615391      0.410256416      -176.739090    
  0.384615391      0.423076928      -215.978302    
  0.384615391      0.435897440      -263.345093    
  0.384615391      0.448717952      -319.749573    
  0.384615391      0.461538464      -385.967651    
  0.384615391      0.474358976      -462.553436    
  0.384615391      0.487179488      -549.785583    
  0.384615391      0.500000000      -647.699646    
  0.397435904       0.00000000       190.011368    
  0.397435904       1.28205130E-02   140.110886    
  0.397435904       2.56410260E-02   94.8653412    
  0.397435904       3.84615399E-02   55.4228592    
  0.397435904       5.12820520E-02   22.3344707    
  0.397435904       6.41025677E-02  -4.41848803    
  0.397435904       7.69230798E-02  -25.2711372    
  0.397435904       8.97435918E-02  -40.8989220    
  0.397435904      0.102564104      -52.0734482    
  0.397435904      0.115384616      -59.5653496    
  0.397435904      0.128205135      -64.0890045    
  0.397435904      0.141025648      -66.2774200    
  0.397435904      0.153846160      -66.6763153    
  0.397435904      0.166666672      -65.7490768    
  0.397435904      0.179487184      -63.8870544    
  0.397435904      0.192307696      -61.4220009    
  0.397435904      0.205128208      -58.6387672    
  0.397435904      0.217948720      -55.7875710    
  0.397435904      0.230769232      -53.0954666    
  0.397435904      0.243589744      -50.7770195    
  0.397435904      0.256410271      -49.0444603    
  0.397435904      0.269230783      -48.1176147    
  0.397435904      0.282051295      -48.2338333    
  0.397435904      0.294871807      -49.6583443    
  0.397435904      0.307692319      -52.6953011    
  0.397435904      0.320512831      -57.6998672    
  0.397435904      0.333333343      -65.0915527    
  0.397435904      0.346153855      -75.3688202    
  0.397435904      0.358974367      -89.1246490    
  0.397435904      0.371794879      -107.062500    
  0.397435904      0.384615391      -130.010513    
  0.397435904      0.397435904      -158.930954    
  0.397435904      0.410256416      -194.919388    
  0.397435904      0.423076928      -239.184830    
  0.397435904      0.435897440      -293.000122    
  0.397435904      0.448717952      -357.610229    
  0.397435904      0.461538464      -434.094086    
  0.397435904      0.474358976      -523.194397    
  0.397435904      0.487179488      -625.172974    
  0.397435904      0.500000000      -739.795532    
  0.410256416       0.00000000       313.976593    
  0.410256416       1.28205130E-02   241.963135    
  0.410256416       2.56410260E-02   177.445541    
  0.410256416       3.84615399E-02   121.980423    
  0.410256416       5.12820520E-02   76.0514297    
  0.410256416       6.41025677E-02   39.2520409    
  0.410256416       7.69230798E-02   10.6311216    
  0.410256416       8.97435918E-02  -10.9968433    
  0.410256416      0.102564104      -26.8416672    
  0.410256416      0.115384616      -38.0215073    
  0.410256416      0.128205135      -45.5132179    
  0.410256416      0.141025648      -50.1422615    
  0.410256416      0.153846160      -52.5929909    
  0.410256416      0.166666672      -53.4277802    
  0.410256416      0.179487184      -53.1084290    
  0.410256416      0.192307696      -52.0168953    
  0.410256416      0.205128208      -50.4740829    
  0.410256416      0.217948720      -48.7563400    
  0.410256416      0.230769232      -47.1099815    
  0.410256416      0.243589744      -45.7641869    
  0.410256416      0.256410271      -44.9428596    
  0.410256416      0.269230783      -44.8758583    
  0.410256416      0.282051295      -45.8102112    
  0.410256416      0.294871807      -48.0218048    
  0.410256416      0.307692319      -51.8280602    
  0.410256416      0.320512831      -57.6021461    
  0.410256416      0.333333343      -65.7892609    
  0.410256416      0.346153855      -76.9254227    
  0.410256416      0.358974367      -91.6590195    
  0.410256416      0.371794879      -110.774780    
  0.410256416      0.384615391      -135.219360    
  0.410256416      0.397435904      -166.124542    
  0.410256416      0.410256416      -204.822662    
  0.410256416      0.423076928      -252.841583    
  0.410256416      0.435897440      -311.860260    
  0.410256416      0.448717952      -383.597260    
  0.410256416      0.461538464      -469.604004    
  0.410256416      0.474358976      -570.957214    
  0.410256416      0.487179488      -687.916321    
  0.410256416      0.500000000      -819.748474    
  0.423076928       0.00000000       432.788635    
  0.423076928       1.28205130E-02   336.319458    
  0.423076928       2.56410260E-02   250.973145    
  0.423076928       3.84615399E-02   179.001953    
  0.423076928       5.12820520E-02   120.638824    
  0.423076928       6.41025677E-02   74.7440948    
  0.423076928       7.69230798E-02   39.5404243    
  0.423076928       8.97435918E-02   13.1220846    
  0.423076928      0.102564104      -6.27488756    
  0.423076928      0.115384616      -20.1657925    
  0.423076928      0.128205135      -29.8001080    
  0.423076928      0.141025648      -36.1854134    
  0.423076928      0.153846160      -40.1256332    
  0.423076928      0.166666672      -42.2606468    
  0.423076928      0.179487184      -43.1019783    
  0.423076928      0.192307696      -43.0630722    
  0.423076928      0.205128208      -42.4843330    
  0.423076928      0.217948720      -41.6537247    
  0.423076928      0.230769232      -40.8239174    
  0.423076928      0.243589744      -40.2268867    
  0.423076928      0.256410271      -40.0869293    
  0.423076928      0.269230783      -40.6327438    
  0.423076928      0.282051295      -42.1093483    
  0.423076928      0.294871807      -44.7906189    
  0.423076928      0.307692319      -48.9930153    
  0.423076928      0.320512831      -55.0914192    
  0.423076928      0.333333343      -63.5379257    
  0.423076928      0.346153855      -74.8846130    
  0.423076928      0.358974367      -89.8111649    
  0.423076928      0.371794879      -109.158340    
  0.423076928      0.384615391      -133.967651    
  0.423076928      0.397435904      -165.525208    
  0.423076928      0.410256416      -205.405106    
  0.423076928      0.423076928      -255.498611    
  0.423076928      0.435897440      -318.002106    
  0.423076928      0.448717952      -395.314362    
  0.423076928      0.461538464      -489.767426    
  0.423076928      0.474358976      -603.114136    
  0.423076928      0.487179488      -735.786560    
  0.423076928      0.500000000      -886.245789    
  0.435897440       0.00000000       544.496887    
  0.435897440       1.28205130E-02   419.552826    
  0.435897440       2.56410260E-02   311.125702    
  0.435897440       3.84615399E-02   222.415421    
  0.435897440       5.12820520E-02   152.757767    
  0.435897440       6.41025677E-02   99.5451202    
  0.435897440       7.69230798E-02   59.6644058    
  0.435897440       8.97435918E-02   30.2196350    
  0.435897440      0.102564104       8.78582764    
  0.435897440      0.115384616      -6.56666851    
  0.435897440      0.128205135      -17.3360062    
  0.435897440      0.141025648      -24.6736526    
  0.435897440      0.153846160      -29.4634876    
  0.435897440      0.166666672      -32.3872032    
  0.435897440      0.179487184      -33.9757729    
  0.435897440      0.192307696      -34.6490822    
  0.435897440      0.205128208      -34.7464485    
  0.435897440      0.217948720      -34.5503197    
  0.435897440      0.230769232      -34.3050728    
  0.435897440      0.243589744      -34.2325134    
  0.435897440      0.256410271      -34.5452423    
  0.435897440      0.269230783      -35.4588318    
  0.435897440      0.282051295      -37.2038383    
  0.435897440      0.294871807      -40.0383186    
  0.435897440      0.307692319      -44.2619591    
  0.435897440      0.320512831      -50.2325706    
  0.435897440      0.333333343      -58.3864326    
  0.435897440      0.346153855      -69.2639618    
  0.435897440      0.358974367      -83.5426559    
  0.435897440      0.371794879      -102.079803    
  0.435897440      0.384615391      -125.967682    
  0.435897440      0.397435904      -156.603546    
  0.435897440      0.410256416      -195.773941    
  0.435897440      0.423076928      -245.745575    
  0.435897440      0.435897440      -309.335266    
  0.435897440      0.448717952      -389.890839    
  0.435897440      0.461538464      -491.037201    
  0.435897440      0.474358976      -615.945312    
  0.435897440      0.487179488      -765.870056    
  0.435897440      0.500000000      -938.196411    
  0.448717952       0.00000000       647.267639    
  0.448717952       1.28205130E-02   486.269287    
  0.448717952       2.56410260E-02   351.561371    
  0.448717952       3.84615399E-02   246.776169    
  0.448717952       5.12820520E-02   168.431717    
  0.448717952       6.41025677E-02   111.014229    
  0.448717952       7.69230798E-02   69.3524475    
  0.448717952       8.97435918E-02   39.3062286    
  0.448717952      0.102564104       17.7652302    
  0.448717952      0.115384616       2.44929457    
  0.448717952      0.128205135      -8.30358791    
  0.448717952      0.141025648      -15.7097111    
  0.448717952      0.153846160      -20.6674614    
  0.448717952      0.166666672      -23.8489094    
  0.448717952      0.179487184      -25.7648163    
  0.448717952      0.192307696      -26.8110332    
  0.448717952      0.205128208      -27.3020782    
  0.448717952      0.217948720      -27.4960403    
  0.448717952      0.230769232      -27.6135445    
  0.448717952      0.243589744      -27.8528709    
  0.448717952      0.256410271      -28.4026928    
  0.448717952      0.269230783      -29.4535141    
  0.448717952      0.282051295      -31.2088299    
  0.448717952      0.294871807      -33.8968735    
  0.448717952      0.307692319      -37.7839470    
  0.448717952      0.320512831      -43.1904755    
  0.448717952      0.333333343      -50.5112724    
  0.448717952      0.346153855      -60.2421455    
  0.448717952      0.358974367      -73.0156937    
  0.448717952      0.371794879      -89.6504974    
  0.448717952      0.384615391      -111.219757    
  0.448717952      0.397435904      -139.147369    
  0.448717952      0.410256416      -175.341568    
  0.448717952      0.423076928      -222.374420    
  0.448717952      0.435897440      -283.702728    
  0.448717952      0.448717952      -363.876434    
  0.448717952      0.461538464      -468.545135    
  0.448717952      0.474358976      -603.759766    
  0.448717952      0.487179488      -773.552307    
  0.448717952      0.500000000      -974.747437    
  0.461538464       0.00000000       739.413513    
  0.461538464       1.28205130E-02   526.695374    
  0.461538464       2.56410260E-02   362.074432    
  0.461538464       3.84615399E-02   244.696167    
  0.461538464       5.12820520E-02   163.178604    
  0.461538464       6.41025677E-02   106.727646    
  0.461538464       7.69230798E-02   67.4249268    
  0.461538464       8.97435918E-02   39.8876305    
  0.461538464      0.102564104       20.5195637    
  0.461538464      0.115384616       6.90220499    
  0.461538464      0.128205135      -2.61793447    
  0.461538464      0.141025648      -9.19413090    
  0.461538464      0.153846160      -13.6477337    
  0.461538464      0.166666672      -16.5761623    
  0.461538464      0.179487184      -18.4235668    
  0.461538464      0.192307696      -19.5281525    
  0.461538464      0.205128208      -20.1547890    
  0.461538464      0.217948720      -20.5182209    
  0.461538464      0.230769232      -20.8001900    
  0.461538464      0.243589744      -21.1627331    
  0.461538464      0.256410271      -21.7591457    
  0.461538464      0.269230783      -22.7437057    
  0.461538464      0.282051295      -24.2810974    
  0.461538464      0.294871807      -26.5563946    
  0.461538464      0.307692319      -29.7864838    
  0.461538464      0.320512831      -34.2341080    
  0.461538464      0.333333343      -40.2260361    
  0.461538464      0.346153855      -48.1776581    
  0.461538464      0.358974367      -58.6274567    
  0.461538464      0.371794879      -72.2867355    
  0.461538464      0.384615391      -90.1134796    
  0.461538464      0.397435904      -113.424660    
  0.461538464      0.410256416      -144.070511    
  0.461538464      0.423076928      -184.707809    
  0.461538464      0.435897440      -239.224823    
  0.461538464      0.448717952      -313.367004    
  0.461538464      0.461538464      -415.507019    
  0.461538464      0.474358976      -556.996277    
  0.461538464      0.487179488      -749.831787    
  0.461538464      0.500000000      -995.298767    
  0.474358976       0.00000000       819.423584    
  0.474358976       1.28205130E-02   519.024231    
  0.474358976       2.56410260E-02   325.344818    
  0.474358976       3.84615399E-02   206.755539    
  0.474358976       5.12820520E-02   132.858856    
  0.474358976       6.41025677E-02   85.2928467    
  0.474358976       7.69230798E-02   53.7319717    
  0.474358976       8.97435918E-02   32.2998009    
  0.474358976      0.102564104       17.5231915    
  0.474358976      0.115384616       7.25789833    
  0.474358976      0.128205135      0.123774908    
  0.474358976      0.141025648      -4.80114841    
  0.474358976      0.153846160      -8.15317631    
  0.474358976      0.166666672      -10.3844404    
  0.474358976      0.179487184      -11.8251362    
  0.474358976      0.192307696      -12.7232180    
  0.474358976      0.205128208      -13.2707071    
  0.474358976      0.217948720      -13.6218615    
  0.474358976      0.230769232      -13.9062538    
  0.474358976      0.243589744      -14.2387266    
  0.474358976      0.256410271      -14.7274551    
  0.474358976      0.269230783      -15.4810600    
  0.474358976      0.282051295      -16.6154594    
  0.474358976      0.294871807      -18.2611256    
  0.474358976      0.307692319      -20.5714951    
  0.474358976      0.320512831      -23.7334423    
  0.474358976      0.333333343      -27.9810982    
  0.474358976      0.346153855      -33.6149940    
  0.474358976      0.358974367      -41.0297508    
  0.474358976      0.371794879      -50.7555275    
  0.474358976      0.384615391      -63.5227699    
  0.474358976      0.397435904      -80.3672638    
  0.474358976      0.410256416      -102.807968    
  0.474358976      0.423076928      -133.161530    
  0.474358976      0.435897440      -175.121689    
  0.474358976      0.448717952      -234.859955    
  0.474358976      0.461538464      -323.119659    
  0.474358976      0.474358976      -458.886353    
  0.474358976      0.487179488      -673.479797    
  0.474358976      0.500000000      -999.513245    
  0.487179488       0.00000000       885.983154    
  0.487179488       1.28205130E-02   404.633118    
  0.487179488       2.56410260E-02   213.525055    
  0.487179488       3.84615399E-02   124.122284    
  0.487179488       5.12820520E-02   76.2085190    
  0.487179488       6.41025677E-02   47.8529205    
  0.487179488       7.69230798E-02   29.9103241    
  0.487179488       8.97435918E-02   18.0564060    
  0.487179488      0.102564104       10.0155039    
  0.487179488      0.115384616       4.48242140    
  0.487179488      0.128205135      0.656283915    
  0.487179488      0.141025648      -1.98106098    
  0.487179488      0.153846160      -3.77938032    
  0.487179488      0.166666672      -4.98328638    
  0.487179488      0.179487184      -5.76932478    
  0.487179488      0.192307696      -6.26887560    
  0.487179488      0.205128208      -6.58296251    
  0.487179488      0.217948720      -6.79226732    
  0.487179488      0.230769232      -6.96424627    
  0.487179488      0.243589744      -7.15846491    
  0.487179488      0.256410271      -7.43088722    
  0.487179488      0.269230783      -7.83762646    
  0.487179488      0.282051295      -8.43855858    
  0.487179488      0.294871807      -9.30115318    
  0.487179488      0.307692319      -10.5049286    
  0.487179488      0.320512831      -12.1470709    
  0.487179488      0.333333343      -14.3499117    
  0.487179488      0.346153855      -17.2714806    
  0.487179488      0.358974367      -21.1210155    
  0.487179488      0.371794879      -26.1828423    
  0.487179488      0.384615391      -32.8548164    
  0.487179488      0.397435904      -41.7136650    
  0.487179488      0.410256416      -53.6325684    
  0.487179488      0.423076928      -70.0086365    
  0.487179488      0.435897440      -93.2404404    
  0.487179488      0.448717952      -127.831413    
  0.487179488      0.461538464      -183.225235    
  0.487179488      0.474358976      -281.949860    
  0.487179488      0.487179488      -485.687866    
  0.487179488      0.500000000      -987.321777    
  0.500000000       0.00000000       937.999939    
  0.500000000       1.28205130E-02   0.00000000    
  0.500000000       2.56410260E-02   0.00000000    
  0.500000000       3.84615399E-02   0.00000000    
  0.500000000       5.12820520E-02   0.00000000    
  0.500000000       6.41025677E-02   0.00000000    
  0.500000000       7.69230798E-02   0.00000000    
  0.500000000       8.97435918E-02   0.00000000    
  0.500000000      0.102564104       0.00000000    
  0.500000000      0.115384616       0.00000000    
  0.500000000      0.128205135       0.00000000    
  0.500000000      0.141025648       0.00000000    
  0.500000000      0.153846160       0.00000000    
  0.500000000      0.166666672       0.00000000    
  0.500000000      0.179487184       0.00000000    
  0.500000000      0.192307696       0.00000000    
  0.500000000      0.205128208       0.00000000    
  0.500000000      0.217948720       0.00000000    
  0.500000000      0.230769232       0.00000000    
  0.500000000      0.243589744       0.00000000    
  0.500000000      0.256410271       0.00000000    
  0.500000000      0.269230783       0.00000000    
  0.500000000      0.282051295       0.00000000    
  0.500000000      0.294871807       0.00000000    
  0.500000000      0.307692319       0.00000000    
  0.500000000      0.320512831       0.00000000    
  0.500000000      0.333333343       0.00000000    
  0.500000000      0.346153855       0.00000000    
  0.500000000      0.358974367       0.00000000    
  0.500000000      0.371794879       0.00000000    
  0.500000000      0.384615391       0.00000000    
  0.500000000      0.397435904       0.00000000    
  0.500000000      0.410256416       0.00000000    
  0.500000000      0.423076928       0.00000000    
  0.500000000      0.435897440       0.00000000    
  0.500000000      0.448717952       0.00000000    
  0.500000000      0.461538464       0.00000000    
  0.500000000      0.474358976       0.00000000    
  0.500000000      0.487179488       0.00000000    
  0.500000000      0.500000000       0.00000000    
