   5.00000007E-02   1.99500000    
  0.100000001       1.98501253    
  0.150000006       1.97006249    
  0.200000003       1.95018733    
  0.250000000       1.92543662    
  0.300000012       1.89587235    
  0.349999994       1.86156845    
  0.400000006       1.82261062    
  0.450000018       1.77909625    
  0.500000000       1.73113418    
  0.550000012       1.67884421    
  0.600000024       1.62235713    
  0.650000036       1.56181419    
  0.699999988       1.49736667    
  0.750000000       1.42917573    
  0.800000012       1.35741186    
  0.850000024       1.28225446    
  0.900000036       1.20389140    
  0.949999988       1.12251866    
   1.00000000       1.03833961    
   1.05000007      0.951564729    
   1.10000002      0.862410903    
   1.14999998      0.771101058    
   1.20000005      0.677863479    
   1.25000000      0.582931221    
   1.30000007      0.486541659    
   1.35000002      0.388935745    
   1.39999998      0.290357500    
   1.45000005      0.191053361    
   1.50000000       9.12715793E-02
   1.55000007      -8.73839110E-03
   1.60000002     -0.108726516    
   1.64999998     -0.208442822    
   1.70000005     -0.307638019    
   1.75000000     -0.406064123    
   1.80000007     -0.503475070    
   1.85000002     -0.599627316    
   1.89999998     -0.694280505    
   1.95000005     -0.787198007    
   2.00000000     -0.878147483    
   2.04999995     -0.966901600    
   2.10000014      -1.05323851    
   2.15000010      -1.13694227    
   2.20000005      -1.21780372    
   2.25000000      -1.29562068    
   2.29999995      -1.37019849    
   2.35000014      -1.44135082    
   2.40000010      -1.50889981    
   2.45000005      -1.57267654    
   2.50000000      -1.63252163    
   2.54999995      -1.68828535    
   2.60000014      -1.73982835    
   2.65000010      -1.78702176    
   2.70000005      -1.82974768    
   2.75000000      -1.86789918    
   2.79999995      -1.90138102    
   2.85000014      -1.93010938    
   2.90000010      -1.95401239    
   2.95000005      -1.97303045    
   3.00000000      -1.98711586    
   3.04999995      -1.99623346    
   3.10000014      -2.00036049    
   3.15000010      -1.99948668    
   3.20000005      -1.99361420    
   3.25000000      -1.98275757    
   3.29999995      -1.96694410    
   3.35000014      -1.94621325    
   3.40000010      -1.92061687    
   3.45000005      -1.89021897    
   3.50000000      -1.85509551    
   3.54999995      -1.81533432    
   3.60000014      -1.77103484    
   3.65000010      -1.72230768    
   3.70000005      -1.66927481    
   3.75000000      -1.61206877    
   3.79999995      -1.55083251    
   3.85000014      -1.48571920    
   3.90000010      -1.41689157    
   3.95000005      -1.34452176    
   4.00000000      -1.26879060    
   4.05000019      -1.18988752    
   4.09999990      -1.10800970    
   4.15000010      -1.02336180    
   4.20000029     -0.936155498    
   4.25000000     -0.846608818    
   4.30000019     -0.754945636    
   4.34999990     -0.661395073    
   4.40000010     -0.566191018    
   4.45000029     -0.469571501    
   4.50000000     -0.371778041    
   4.55000019     -0.273055136    
   4.59999990     -0.173649609    
   4.65000010      -7.38099515E-02
   4.70000029       2.62142345E-02
   4.75000000      0.126172885    
   4.80000019      0.225816101    
   4.84999990      0.324894786    
   4.90000010      0.423161238    
   4.95000029      0.520369768    
   5.00000000      0.616277397    
   5.05000019      0.710644305    
   5.09999990      0.803234637    
   5.15000010      0.893816829    
   5.20000029      0.982164502    
   5.25000000       1.06805682    
   5.30000019       1.15127897    
   5.34999990       1.23162293    
   5.40000010       1.30888784    
   5.45000029       1.38288045    
   5.50000000       1.45341587    
   5.55000019       1.52031779    
   5.59999990       1.58341897    
   5.65000010       1.64256155    
   5.70000029       1.69759774    
   5.75000000       1.74838996    
   5.80000019       1.79481113    
   5.84999990       1.83674526    
   5.90000010       1.87408757    
   5.95000029       1.90674472    
   6.00000000       1.93463492    
   6.05000019       1.95768857    
   6.09999990       1.97584796    
   6.15000010       1.98906779    
   6.20000029       1.99731493    
   6.25000000       2.00056887    
   6.30000019       1.99882126    
   6.34999990       1.99207664    
   6.40000010       1.98035181    
   6.45000029       1.96367610    
   6.50000000       1.94209123    
   6.55000019       1.91565108    
   6.59999990       1.88442183    
   6.65000010       1.84848154    
   6.70000029       1.80791998    
   6.75000000       1.76283872    
   6.80000019       1.71335030    
   6.84999990       1.65957856    
   6.90000010       1.60165787    
   6.95000029       1.53973293    
   7.00000000       1.47395873    
   7.05000019       1.40449965    
   7.09999990       1.33152926    
   7.15000010       1.25523007    
   7.20000029       1.17579281    
   7.25000000       1.09341609    
   7.30000019       1.00830579    
   7.34999990      0.920674741    
   7.40000010      0.830742002    
   7.45000029      0.738732398    
   7.50000000      0.644876003    
   7.55000019      0.549407423    
   7.59999990      0.452565312    
   7.65000010      0.354591787    
   7.70000029      0.255731761    
   7.75000000      0.156232417    
   7.80000019       5.63424826E-02
   7.84999990      -4.36883122E-02
   7.90000010     -0.143609881    
   7.95000029     -0.243172437    
   8.00000000     -0.342127055    
   8.05000019     -0.440226376    
   8.10000038     -0.537225127    
   8.15000057     -0.632880807    
   8.19999981     -0.726954281    
   8.25000000     -0.819210351    
   8.30000019     -0.909418404    
   8.35000038     -0.997352898    
   8.40000057      -1.08279407    
   8.44999981      -1.16552818    
   8.50000000      -1.24534845    
   8.55000019      -1.32205546    
   8.60000038      -1.39545727    
   8.65000057      -1.46537042    
   8.69999981      -1.53162014    
   8.75000000      -1.59404087    
   8.80000019      -1.65247643    
   8.85000038      -1.70678079    
   8.90000057      -1.75681829    
   8.94999981      -1.80246365    
   9.00000000      -1.84360290    
   9.05000019      -1.88013315    
   9.10000038      -1.91196311    
   9.15000057      -1.93901312    
   9.19999981      -1.96121562    
   9.25000000      -1.97851503    
   9.30000019      -1.99086821    
   9.35000038      -1.99824417    
   9.40000057      -2.00062442    
   9.44999981      -1.99800324    
   9.50000000      -1.99038708    
   9.55000019      -1.97779489    
   9.60000038      -1.96025825    
   9.65000057      -1.93782091    
   9.69999981      -1.91053903    
   9.75000000      -1.87848079    
   9.80000019      -1.84172642    
   9.85000038      -1.80036771    
   9.90000057      -1.75450802    
   9.94999981      -1.70426214    
   10.0000000      -1.64975560    
   10.0500002      -1.59112465    
   10.1000004      -1.52851593    
   10.1500006      -1.46208584    
   10.1999998      -1.39200056    
   10.2500000      -1.31843531    
   10.3000002      -1.24157393    
   10.3500004      -1.16160858    
   10.4000006      -1.07873929    
   10.4499998     -0.993173122    
   10.5000000     -0.905124009    
   10.5500002     -0.814812064    
   10.6000004     -0.722463131    
   10.6500006     -0.628308058    
   10.6999998     -0.532582164    
   10.7500000     -0.435524821    
   10.8000002     -0.337378681    
   10.8500004     -0.238389105    
   10.9000006     -0.138803542    
   10.9499998      -3.88709754E-02
   11.0000000       6.11587688E-02
   11.0500002      0.161035612    
   11.1000004      0.260509878    
   11.1500006      0.359332860    
   11.1999998      0.457257509    
   11.2500000      0.554039001    
   11.3000002      0.649435401    
   11.3500004      0.743208230    
   11.4000006      0.835123003    
   11.4499998      0.924950004    
   11.5000000       1.01246464    
   11.5500002       1.09744811    
   11.6000004       1.17968798    
   11.6500006       1.25897861    
   11.6999998       1.33512175    
   11.7500000       1.40792716    
   11.8000002       1.47721267    
   11.8500004       1.54280519    
   11.9000006       1.60454071    
   11.9499998       1.66226482    
   12.0000000       1.71583331    
   12.0500002       1.76511216    
   12.1000004       1.80997825    
   12.1500006       1.85031939    
   12.1999998       1.88603473    
   12.2500000       1.91703498    
   12.3000002       1.94324267    
   12.3500004       1.96459222    
   12.4000006       1.98103034    
   12.4499998       1.99251592    
   12.5000000       1.99902022    
   12.5500002       2.00052691    
   12.6000004       1.99703228    
   12.6500006       1.98854506    
   12.6999998       1.97508645    
   12.7500000       1.95669019    
   12.8000002       1.93340218    
   12.8500004       1.90528071    
   12.9000006       1.87239599    
   12.9499998       1.83483028    
   13.0000000       1.79267752    
   13.0500002       1.74604309    
   13.1000004       1.69504356    
   13.1500006       1.63980639    
   13.1999998       1.58046973    
   13.2500000       1.51718187    
   13.3000002       1.45010102    
   13.3500004       1.37939501    
   13.4000006       1.30524039    
   13.4499998       1.22782278    
   13.5000000       1.14733553    
   13.5500002       1.06397998    
   13.6000004      0.977964461    
   13.6500006      0.889504075    
   13.6999998      0.798819900    
   13.7500000      0.706138670    
   13.8000002      0.611692071    
   13.8500004      0.515716255    
   13.9000006      0.418451160    
   13.9499998      0.320139945    
   14.0000000      0.221028388    
   14.0500002      0.121364251    
   14.1000004       2.13967040E-02
   14.1500006      -7.86243379E-02
   14.1999998     -0.178448826    
   14.2500000     -0.277827203    
   14.3000002     -0.376511008    
   14.3500004     -0.474253535    
   14.4000006     -0.570810437    
   14.4499998     -0.665940285    
   14.5000000     -0.759405315    
   14.5500002     -0.850971818    
   14.6000004     -0.940410852    
   14.6500006      -1.02749884    
   14.6999998      -1.11201811    
   14.7500000      -1.19375730    
   14.8000002      -1.27251220    
   14.8500004      -1.34808576    
   14.9000006      -1.42028916    
   14.9499998      -1.48894179    
   15.0000000      -1.55387211    
   15.0500002      -1.61491776    
   15.1000004      -1.67192602    
   15.1500006      -1.72475457    
   15.1999998      -1.77327120    
   15.2500000      -1.81735468    
   15.3000002      -1.85689473    
   15.3500004      -1.89179254    
   15.4000006      -1.92196083    
   15.4499998      -1.94732428    
   15.5000000      -1.96781933    
   15.5500002      -1.98339486    
   15.6000004      -1.99401188    
   15.6500006      -1.99964392    
   15.6999998      -2.00027680    
   15.7500000      -1.99590909    
   15.8000002      -1.98655152    
   15.8500004      -1.97222757    
   15.9000006      -1.95297313    
   15.9499998      -1.92883623    
   16.0000000      -1.89987719    
   16.0500011      -1.86616850    
   16.1000004      -1.82779443    
   16.1499996      -1.78485084    
   16.2000008      -1.73744512    
   16.2500000      -1.68569577    
   16.3000011      -1.62973213    
   16.3500004      -1.56969428    
   16.3999996      -1.50573218    
   16.4500008      -1.43800569    
   16.5000000      -1.36668420    
   16.5500011      -1.29194605    
   16.6000004      -1.21397805    
   16.6499996      -1.13297510    
   16.7000008      -1.04913962    
   16.7500000     -0.962681353    
   16.8000011     -0.873816371    
   16.8500004     -0.782766819    
   16.8999996     -0.689760387    
   16.9500008     -0.595029533    
   17.0000000     -0.498811126    
   17.0500011     -0.401345670    
   17.1000004     -0.302876860    
   17.1499996     -0.203650862    
   17.2000008     -0.103915729    
   17.2500000      -3.92080843E-03
   17.3000011       9.60839167E-02
   17.3500004      0.195848435    
   17.3999996      0.295123339    
   17.4500008      0.393660426    
   17.5000000      0.491213351    
   17.5500011      0.587538242    
   17.6000004      0.682394266    
   17.6499996      0.775544345    
   17.7000008      0.866755545    
   17.7500000      0.955799878    
   17.8000011       1.04245472    
   17.8500004       1.12650335    
   17.8999996       1.20773578    
   17.9500008       1.28594887    
   18.0000000       1.36094713    
   18.0500011       1.43254292    
   18.1000004       1.50055742    
   18.1499996       1.56482053    
   18.2000008       1.62517154    
   18.2500000       1.68145967    
   18.3000011       1.73354411    
   18.3500004       1.78129470    
   18.3999996       1.82459211    
   18.4500008       1.86332798    
   18.5000000       1.89740551    
   18.5500011       1.92673957    
   18.6000004       1.95125675    
   18.6499996       1.97089577    
   18.7000008       1.98560762    
   18.7500000       1.99535537    
   18.8000011       2.00011468    
   18.8500004       1.99987376    
   18.8999996       1.99463320    
   18.9500008       1.98440599    
   19.0000000       1.96921778    
   19.0500011       1.94910657    
   19.1000004       1.92412257    
   19.1499996       1.89432824    
   19.2000008       1.85979819    
   19.2500000       1.82061863    
   19.3000011       1.77688754    
   19.3500004       1.72871423    
   19.3999996       1.67621911    
   19.4500008       1.61953342    
   19.5000000       1.55879891    
   19.5500011       1.49416733    
   19.6000004       1.42580032    
   19.6499996       1.35386884    
   19.7000008       1.27855277    
   19.7500000       1.20004022    
   19.8000011       1.11852765    
   19.8500004       1.03421879    
   19.8999996      0.947324336    
   19.9500008      0.858061552    
   20.0000000      0.766653597    
   20.0500011      0.673328996    
   20.1000004      0.578321099    
   20.1499996      0.481867403    
   20.2000008      0.384209037    
   20.2500000      0.285590142    
   20.3000011      0.186257273    
   20.3500004       8.64587650E-02
   20.3999996      -1.35558844E-02
   20.4500008     -0.113536648    
   20.5000000     -0.213233560    
   20.5500011     -0.312397391    
   20.6000004     -0.410780221    
   20.6499996     -0.508136094    
   20.7000008     -0.604221642    
   20.7500000     -0.698796630    
   20.8000011     -0.791624606    
   20.8500004     -0.882473528    
   20.8999996     -0.971116304    
   20.9500008      -1.05733132    
   21.0000000      -1.14090300    
   21.0500011      -1.22162235    
   21.1000004      -1.29928768    
   21.1499996      -1.37370479    
   21.2000008      -1.44468760    
   21.2500000      -1.51205873    
   21.3000011      -1.57564974    
   21.3500004      -1.63530159    
   21.3999996      -1.69086516    
   21.4500008      -1.74220157    
   21.5000000      -1.78918254    
   21.5500011      -1.83169055    
   21.6000004      -1.86961925    
   21.6499996      -1.90287399    
   21.7000008      -1.93137145    
   21.7500000      -1.95504057    
   21.8000011      -1.97382212    
   21.8500004      -1.98766899    
   21.8999996      -1.99654675    
   21.9500008      -2.00043321    
   22.0000000      -1.99931848    
   22.0500011      -1.99320555    
   22.1000004      -1.98210955    
   22.1499996      -1.96605825    
   22.2000008      -1.94509184    
   22.2500000      -1.91926265    
   22.3000011      -1.88863540    
   22.3500004      -1.85328650    
   22.3999996      -1.81330442    
   22.4500008      -1.76878905    
   22.5000000      -1.71985173    
   22.5500011      -1.66661477    
   22.6000004      -1.60921121    
   22.6499996      -1.54778469    
   22.7000008      -1.48248863    
   22.7500000      -1.41348636    
   22.8000011      -1.34095037    
   22.8500004      -1.26506209    
   22.8999996      -1.18601108    
   22.9500008      -1.10399508    
   23.0000000      -1.01921916    
   23.0500011     -0.931895137    
   23.1000004     -0.842241347    
   23.1499996     -0.750481963    
   23.2000008     -0.656846404    
   23.2500000     -0.561568737    
   23.3000011     -0.464887112    
   23.3500004     -0.367043257    
   23.3999996     -0.268281817    
   23.4500008     -0.168849662    
   23.5000000      -6.89953789E-02
   23.5500011       3.10313851E-02
   23.6000004      0.130980566    
   23.6499996      0.230602294    
   23.7000008      0.329647511    
   23.7500000      0.427868605    
   23.8000011      0.525020063    
   23.8500004      0.620858967    
   23.8999996      0.715145707    
   23.9500008      0.807644606    
   24.0000000      0.898124337    
   24.0500011      0.986358762    
   24.1000004       1.07212734    
   24.1499996       1.15521562    
   24.2000008       1.23541582    
   24.2500000       1.31252742    
   24.3000011       1.38635778    
   24.3500004       1.45672226    
   24.3999996       1.52344489    
   24.4500008       1.58635890    
   24.5000000       1.64530706    
   24.5500011       1.70014191    
   24.6000004       1.75072646    
   24.6499996       1.79693413    
   24.7000008       1.83864951    
   24.7500000       1.87576818    
   24.8000011       1.90819752    
   24.8500004       1.93585634    
   24.8999996       1.95867550    
   24.9500008       1.97659802    
   25.0000000       1.98957896    
   25.0500011       1.99758601    
   25.1000004       2.00059915    
   25.1499996       1.99861073    
   25.2000008       1.99162579    
   25.2500000       1.97966182    
   25.3000011       1.96274865    
   25.3500004       1.94092858    
   25.3999996       1.91425622    
   25.4500008       1.88279819    
   25.5000000       1.84663320    
   25.5500011       1.80585158    
   25.6000004       1.76055539    
   25.6499996       1.71085775    
   25.7000008       1.65688300    
   25.7500000       1.59876609    
   25.8000011       1.53665221    
   25.8500004       1.47069669    
   25.8999996       1.40106440    
   25.9500008       1.32792950    
   26.0000000       1.25147474    
   26.0500011       1.17189133    
   26.1000004       1.08937824    
   26.1499996       1.00414169    
   26.2000008      0.916394711    
   26.2500000      0.826356769    
   26.3000011      0.734252930    
   26.3500004      0.640313447    
   26.3999996      0.544773221    
   26.4500008      0.447871029    
   26.5000000      0.349849164    
   26.5500011      0.250952691    
   26.6000004      0.151428834    
   26.6499996       5.15264049E-02
   26.7000008      -4.85048443E-02
   26.7500000     -0.148414820    
   26.8000011     -0.247953773    
   26.8500004     -0.346872836    
   26.8999996     -0.444924712    
   26.9500008     -0.541864276    
   27.0000000     -0.637449205    
   27.0500011     -0.731440485    
   27.1000004     -0.823603153    
   27.1499996     -0.913706839    
   27.2000008      -1.00152624    
   27.2500000      -1.08684182    
   27.3000011      -1.16944027    
   27.3500004      -1.24911511    
   27.3999996      -1.32566726    
   27.4500008      -1.39890516    
   27.5000000      -1.46864581    
   27.5500011      -1.53471482    
   27.6000004      -1.59694707    
   27.6499996      -1.65518701    
   27.7000008      -1.70928895    
   27.7500000      -1.75911772    
   27.8000011      -1.80454862    
   27.8500004      -1.84546816    
   27.8999996      -1.88177407    
   27.9500008      -1.91337550    
   28.0000000      -1.94019353    
   28.0500011      -1.96216106    
   28.1000004      -1.97922313    
   28.1499996      -1.99133718    
   28.2000008      -1.99847293    
   28.2500000      -2.00061250    
   28.3000011      -1.99775052    
   28.3500004      -1.98989415    
   28.3999996      -1.97706306    
   28.4500008      -1.95928931    
   28.5000000      -1.93661737    
   28.5500011      -1.90910387    
   28.6000004      -1.87681758    
   28.6499996      -1.83983922    
   28.7000008      -1.79826128    
   28.7500000      -1.75218773    
   28.8000011      -1.70173371    
   28.8500004      -1.64702535    
   28.8999996      -1.58819938    
   28.9500008      -1.52540290    
   29.0000000      -1.45879292    
   29.0500011      -1.38853598    
   29.1000004      -1.31480765    
   29.1499996      -1.23779237    
   29.2000008      -1.15768254    
   29.2500000      -1.07467854    
   29.3000011     -0.988987863    
   29.3500004     -0.900824726    
   29.3999996     -0.810409486    
   29.4500008     -0.717968225    
   29.5000000     -0.623732090    
   29.5500011     -0.527936578    
   29.6000004     -0.430821240    
   29.6499996     -0.332628846    
   29.7000008     -0.233604878    
   29.7500000     -0.133996904    
   29.8000011      -3.40539366E-02
   29.8500004       6.59741610E-02
   29.8999996      0.165837318    
   29.9500008      0.265285879    
   30.0000000      0.364071250    
   30.0500011      0.461946428    
   30.1000004      0.558666706    
   30.1499996      0.653990328    
   30.2000008      0.747678995    
   30.2500000      0.839498460    
   30.3000011      0.929219186    
   30.3500004       1.01661682    
   30.3999996       1.10147297    
   30.4500008       1.18357539    
   30.5000000       1.26271892    
   30.5500011       1.33870566    
   30.6000004       1.41134560    
   30.6499996       1.48045719    
   30.7000008       1.54586768    
   30.7500000       1.60741341    
   30.8000011       1.66494060    
   30.8500004       1.71830547    
   30.8999996       1.76737463    
   30.9500008       1.81202531    
   31.0000000       1.85214591    
   31.0500011       1.88763618    
   31.1000004       1.91840732    
   31.1499996       1.94438243    
   31.2000008       1.96549666    
   31.2500000       1.98169708    
   31.3000011       1.99294329    
   31.3500004       1.99920714    
   31.3999996       2.00047302    
   31.4500008       1.99673772    
   31.5000000       1.98801053    
   31.5500011       1.97431326    
   31.6000004       1.95568025    
   31.6499996       1.93215799    
   31.7000008       1.90380538    
   31.7500000       1.87069321    
   31.8000011       1.83290434    
   31.8500004       1.79053319    
   31.8999996       1.74368572    
   31.9500008       1.69247901    
   32.0000000       1.63704121    
   32.0499992       1.57751071    
   32.1000023       1.51403654    
   32.1500015       1.44677722    
   32.2000008       1.37590098    
   32.2500000       1.30158496    
   32.2999992       1.22401500    
   32.3500023       1.14338493    
   32.4000015       1.05989647    
   32.4500008      0.973758221    
   32.5000000      0.885185599    
   32.5499992      0.794400036    
   32.6000023      0.701628447    
   32.6500015      0.607102811    
   32.7000008      0.511059403    
   32.7500000      0.413738340    
   32.7999992      0.315382928    
   32.8500023      0.216239065    
   32.9000015      0.116554610    
   32.9500008       1.65787637E-02
   33.0000000      -8.34385231E-02
   33.0499992     -0.183247209    
   33.1000023     -0.282597780    
   33.1500015     -0.381241858    
   33.2000008     -0.478932828    
   33.2500000     -0.575426459    
   33.2999992     -0.670481563    
   33.3500023     -0.763860464    
   33.4000015     -0.855329692    
   33.4500008     -0.944660604    
   33.5000000      -1.03162980    
   33.5499992      -1.11601996    
   33.6000023      -1.19762015    
   33.6500015      -1.27622628    
   33.7000008      -1.35164177    
   33.7500000      -1.42367816    
   33.7999992      -1.49215531    
   33.8500023      -1.55690217    
   33.9000015      -1.61775672    
   33.9500008      -1.67456686    
   34.0000000      -1.72719061    
   34.0499992      -1.77549636    
   34.1000023      -1.81936336    
   34.1500015      -1.85868204    
   34.2000008      -1.89335394    
   34.2500000      -1.92329252    
   34.2999992      -1.94842279    
   34.3500023      -1.96868205    
   34.4000015      -1.98401964    
   34.4500008      -1.99439716    
   34.5000000      -1.99978864    
   34.5499992      -2.00018072    
   34.6000023      -1.99557233    
   34.6500015      -1.98597503    
   34.7000008      -1.97141278    
   34.7500000      -1.95192194    
   34.7999992      -1.92755127    
   34.8500023      -1.89836180    
   34.9000015      -1.86442637    
   34.9500008      -1.82582986    
   35.0000000      -1.78266883    
   35.0499992      -1.73505116    
   35.1000023      -1.68309581    
   35.1500015      -1.62693274    
   35.2000008      -1.56670237    
   35.2500000      -1.50255525    
   35.2999992      -1.43465173    
   35.3500023      -1.36316156    
   35.4000015      -1.28826344    
   35.4500008      -1.21014464    
   35.5000000      -1.12900054    
   35.5499992      -1.04503393    
   35.6000023     -0.958454728    
   35.6500015     -0.869479418    
   35.7000008     -0.778330386    
   35.7500000     -0.685235560    
   35.7999992     -0.590427637    
   35.8500023     -0.494143635    
   35.9000015     -0.396624267    
   35.9500008     -0.298113346    
   36.0000000     -0.198857129    
   36.0499992      -9.91037712E-02
   36.1000023       8.97347927E-04
   36.1500015      0.100896232    
   36.2000008      0.200642869    
   36.2500000      0.299887896    
   36.2999992      0.398383200    
   36.3500023      0.495882571    
   36.4000015      0.592142224    
   36.4500008      0.686921537    
   36.5000000      0.779983521    
   36.5499992      0.871095538    
   36.6000023      0.960029840    
   36.6500015       1.04656410    
   36.7000008       1.13048196    
   36.7500000       1.21157360    
   36.7999992       1.28963625    
   36.8500023       1.36447477    
   36.9000015       1.43590212    
   36.9500008       1.50373971    
   37.0000000       1.56781805    
   37.0499992       1.62797678    
   37.1000023       1.68406558    
   37.1500015       1.73594415    
   37.2000008       1.78348291    
   37.2500000       1.82656300    
   37.2999992       1.86507666    
   37.3500023       1.89892757    
   37.4000015       1.92803121    
   37.4500008       1.95231473    
   37.5000000       1.97171748    
   37.5499992       1.98619092    
   37.6000023       1.99569893    
   37.6500015       2.00021768    
   37.7000008       1.99973583    
   37.7500000       1.99425471    
   37.7999992       1.98378789    
   37.8500023       1.96836162    
   37.9000015       1.94801450    
   37.9500008       1.92279732    
   38.0000000       1.89277315    
   38.0499992       1.85801709    
   38.1000023       1.81861591    
   38.1500015       1.77466822    
   38.2000008       1.72628391    
   38.2500000       1.67358387    
   38.2999992       1.61669981    
   38.3500023       1.55577409    
   38.4000015       1.49095893    
   38.4500008       1.42241633    
   38.5000000       1.35031772    
   38.5499992       1.27484322    
   38.6000023       1.19618165    
   38.6500015       1.11452961    
   38.7000008       1.03009129    
   38.7500000      0.943077743    
   38.7999992      0.853706479    
   38.8500023      0.762200952    
   38.9000015      0.668789923    
   38.9500008      0.573706925    
   39.0000000      0.477189660    
   39.0499992      0.379479408    
   39.1000023      0.280820459    
   39.1500015      0.181459457    
   39.2000008       8.16448107E-02
   39.2500000      -1.83739439E-02
   39.2999992     -0.118346758    
   39.3500023     -0.218023717    
   39.4000015     -0.317155600    
   39.4500008     -0.415494591    
   39.5000000     -0.512794852    
   39.5499992     -0.608813107    
   39.6000023     -0.703309357    
   39.6500015     -0.796047330    
   39.7000008     -0.886795163    
   39.7500000     -0.975326002    
   39.7999992      -1.06141853    
   39.8500023      -1.14485753    
   39.9000015      -1.22543442    
   39.9500008      -1.30294776    
   40.0000000      -1.37720370    
   40.0499992      -1.44801664    
   40.1000023      -1.51520956    
   40.1500015      -1.57861435    
   40.2000008      -1.63807261    
   40.2500000      -1.69343567    
   40.2999992      -1.74456525    
   40.3500023      -1.79133332    
   40.4000015      -1.83362305    
   40.4500008      -1.87132883    
   40.5000000      -1.90435624    
   40.5499992      -1.93262279    
   40.6000023      -1.95605779    
   40.6500015      -1.97460258    
   40.7000008      -1.98821092    
   40.7500000      -1.99684870    
   40.7999992      -2.00049448    
   40.8500023      -1.99913895    
   40.9000015      -1.99278557    
   40.9500008      -1.98145020    
   41.0000000      -1.96516120    
   41.0499992      -1.94395924    
   41.1000023      -1.91789746    
   41.1500015      -1.88704085    
   41.2000008      -1.85146666    
   41.2500000      -1.81126380    
   41.2999992      -1.76653278    
   41.3500023      -1.71738541    
   41.4000015      -1.66394460    
   41.4500008      -1.60634398    
   41.5000000      -1.54472744    
   41.5499992      -1.47924912    
   41.6000023      -1.41007268    
   41.6500015      -1.33737111    
   41.7000008      -1.26132607    
   41.7500000      -1.18212771    
   41.7999992      -1.09997404    
   41.8500023      -1.01507044    
   41.9000015     -0.927629113    
   41.9500008     -0.837868750    
   42.0000000     -0.746013701    
   42.0499992     -0.652293622    
   42.1000023     -0.556942821    
   42.1500015     -0.460199654    
   42.2000008     -0.362305969    
   42.2500000     -0.263506532    
   42.2999992     -0.164048314    
   42.3500023      -6.41799793E-02
   42.4000015       3.58488113E-02
   42.4500008      0.135787979    
   42.5000000      0.235387683    
   42.5499992      0.334398925    
   42.6000023      0.432574153    
   42.6500015      0.529667974    
   42.7000008      0.625437617    
   42.7500000      0.719643652    
   42.7999992      0.812050581    
   42.8500023      0.902427375    
   42.9000015      0.990548074    
   42.9500008       1.07619238    
   43.0000000       1.15914631    
   43.0499992       1.23920226    
   43.1000023       1.31616020    
   43.1500015       1.38982785    
   43.2000008       1.46002090    
   43.2500000       1.52656388    
   43.2999992       1.58929050    
   43.3500023       1.64804387    
   43.4000015       1.70267713    
   43.4500008       1.75305367    
   43.5000000       1.79904759    
   43.5499992       1.84054387    
   43.6000023       1.87743878    
   43.6500015       1.90964007    
   43.7000008       1.93706727    
   43.7500000       1.95965183    
   43.7999992       1.97733724    
   43.8500023       1.99007928    
   43.9000015       1.99784613    
   43.9500008       2.00061846    
   44.0000000       1.99838912    
   44.0499992       1.99116385    
   44.1000023       1.97896063    
   44.1500015       1.96181011    
   44.2000008       1.93975508    
   44.2500000       1.91285062    
   44.2999992       1.88116407    
   44.3500023       1.84477460    
   44.4000015       1.80377316    
   44.4500008       1.75826228    
   44.5000000       1.70835578    
   44.5499992       1.65417838    
   44.6000023       1.59586549    
   44.6500015       1.53356290    
   44.7000008       1.46742642    
   44.7500000       1.39762139    
   44.7999992       1.32432234    
   44.8500023       1.24771249    
   44.9000015       1.16798329    
   44.9500008       1.08533418    
   45.0000000      0.999971747    
   45.0499992      0.912109375    
   45.1000023      0.821966708    
   45.1500015      0.729769170    
   45.2000008      0.635747194    
   45.2500000      0.540135860    
   45.2999992      0.443174183    
   45.3500023      0.345104545    
   45.4000015      0.246172160    
   45.4500008      0.146624342    
   45.5000000       4.67099622E-02
   45.5499992      -5.33211902E-02
   45.6000023     -0.153219044    
   45.6500015     -0.252733827    
   45.7000008     -0.351616800    
   45.7500000     -0.449620724    
   45.7999992     -0.546500564    
   45.8500023     -0.642014146    
   45.9000015     -0.735922694    
   45.9500008     -0.827991486    
   46.0000000     -0.917990267    
   46.0499992      -1.00569403    
   46.1000023      -1.09088361    
   46.1500015      -1.17334604    
   46.2000008      -1.25287509    
   46.2500000      -1.32927191    
   46.2999992      -1.40234554    
   46.3500023      -1.47191334    
   46.4000015      -1.53780138    
   46.4500008      -1.59984493    
   46.5000000      -1.65788877    
   46.5499992      -1.71178794    
   46.6000023      -1.76140761    
   46.6500015      -1.80662382    
   46.7000008      -1.84732342    
   46.7500000      -1.88340473    
   46.7999992      -1.91477752    
   46.8500023      -1.94136333    
   46.9000015      -1.96309578    
   46.9500008      -1.97992051    
   47.0000000      -1.99179542    
   47.0499992      -1.99869084    
   47.1000023      -2.00058961    
   47.1500015      -1.99748683    
   47.2000008      -1.98939025    
   47.2500000      -1.97632027    
   47.2999992      -1.95830953    
   47.3500023      -1.93540299    
   47.4000015      -1.90765786    
   47.4500008      -1.87514365    
   47.5000000      -1.83794153    
   47.5499992      -1.79614460    
   47.6000023      -1.74985731    
   47.6500015      -1.69919538    
   47.7000008      -1.64428544    
   47.7500000      -1.58526480    
   47.7999992      -1.52228105    
   47.8500023      -1.45549154    
   47.9000015      -1.38506329    
   47.9500008      -1.31117237    
   48.0000000      -1.23400354    
   48.0499992      -1.15374970    
   48.1000023      -1.07061148    
   48.1500015     -0.984796762    
   48.2000008     -0.896520019    
   48.2500000     -0.806002021    
   48.2999992     -0.713468969    
   48.3500023     -0.619152248    
   48.4000015     -0.523287654    
   48.4500008     -0.426114857    
   48.5000000     -0.327876747    
   48.5499992     -0.228818953    
   48.6000023     -0.129189104    
   48.6500015      -2.92362943E-02
   48.7000008       7.07896128E-02
   48.7500000      0.170638546    
   48.7999992      0.270060897    
   48.8500023      0.368808091    
   48.9000015      0.466633260    
   48.9500008      0.563291848    
   49.0000000      0.658542216    
   49.0499992      0.752146184    
   49.1000023      0.843869805    
   49.1500015      0.933483779    
   49.2000008       1.02076399    
   49.2500000       1.10549235    
   49.2999992       1.18745697    
   49.3500023       1.26645291    
   49.4000015       1.34228277    
   49.4500008       1.41475689    
   49.5000000       1.48369408    
   49.5499992       1.54892206    
   49.6000023       1.61027777    
   49.6500015       1.66760778    
   49.7000008       1.72076881    
   49.7500000       1.76962781    
   49.7999992       1.81406283    
   49.8500023       1.85396266    
   49.9000015       1.88922763    
   49.9500008       1.91976953    
   50.0000000       1.94551194    
   50.0499992       1.96639061    
   50.1000023       1.98235333    
   50.1500015       1.99336016    
   50.2000008       1.99938357    
   50.2500000       2.00040841    
   50.2999992       1.99643230    
   50.3500023       1.98746514    
   50.4000015       1.97352934    
   50.4500008       1.95465970    
   50.5000000       1.93090343    
   50.5499992       1.90231991    
   50.6000023       1.86898053    
   50.6500015       1.83096874    
   50.7000008       1.78837955    
   50.7500000       1.74131942    
   50.7999992       1.68990588    
   50.8500023       1.63426769    
   50.9000015       1.57454371    
   50.9500008       1.51088345    
   51.0000000       1.44344592    
   51.0499992       1.37239981    
   51.1000023       1.29792273    
   51.1500015       1.22020078    
   51.2000008       1.13942838    
   51.2500000       1.05580735    
   51.2999992      0.969546854    
   51.3500023      0.880862474    
   51.4000015      0.789975941    
   51.4500008      0.697114468    
   51.5000000      0.602510214    
   51.5499992      0.506399691    
   51.6000023      0.409023166    
   51.6500015      0.310624093    
   51.7000008      0.211448461    
   51.7500000      0.111744210    
   51.7999992       1.17605999E-02
   51.8500023      -8.82524103E-02
   51.9000015     -0.188044786    
   51.9500008     -0.287367046    
   52.0000000     -0.385970891    
   52.0499992     -0.483609796    
   52.1000023     -0.580039680    
   52.1500015     -0.675019503    
   52.2000008     -0.768311739    
   52.2500000     -0.859683216    
   52.2999992     -0.948905468    
   52.3500023      -1.03575552    
   52.4000015      -1.12001610    
   52.4500008      -1.20147669    
   52.5000000      -1.27993357    
   52.5499992      -1.35519063    
   52.6000023      -1.42705965    
   52.6500015      -1.49536109    
   52.7000008      -1.55992413    
   52.7500000      -1.62058735    
   52.7999992      -1.67719913    
   52.8500023      -1.72961783    
   52.9000015      -1.77771246    
   52.9500008      -1.82136285    
   53.0000000      -1.86045980    
   53.0499992      -1.89490569    
   53.1000023      -1.92461431    
   53.1500015      -1.94951141    
   53.2000008      -1.96953464    
   53.2500000      -1.98463404    
   53.2999992      -1.99477184    
   53.3500023      -1.99992275    
   53.4000015      -2.00007391    
   53.4500008      -1.99522483    
   53.5000000      -1.98538768    
   53.5499992      -1.97058713    
   53.6000023      -1.95086002    
   53.6500015      -1.92625582    
   53.7000008      -1.89683592    
   53.7500000      -1.86267400    
   53.7999992      -1.82385540    
   53.8500023      -1.78047717    
   53.9000015      -1.73264766    
   53.9500008      -1.68048656    
   54.0000000      -1.62412429    
   54.0499992      -1.56370163    
   54.1000023      -1.49936974    
   54.1500015      -1.43128943    
   54.2000008      -1.35963094    
   54.2500000      -1.28457332    
   54.2999992      -1.20630431    
   54.3500023      -1.12501955    
   54.4000015      -1.04092216    
   54.4500008     -0.954222560    
   54.5000000     -0.865137339    
   54.5499992     -0.773889303    
   54.6000023     -0.680706561    
   54.6500015     -0.585822046    
   54.7000008     -0.489472955    
   54.7500000     -0.391900182    
   54.7999992     -0.293347657    
   54.8500023     -0.194061756    
   54.9000015      -9.42907110E-02
   54.9500008       5.71606308E-03
   55.0000000      0.105708547    
   55.0499992      0.205436766    
   55.1000023      0.304651380    
   55.1500015      0.403104365    
   55.2000008      0.500549614    
   55.2500000      0.596743464    
   55.2999992      0.691445470    
   55.3500023      0.784418881    
   55.4000015      0.875431240    
   55.4500008      0.964255035    
   55.5000000       1.05066812    
   55.5499992       1.13445461    
   55.6000023       1.21540499    
   55.6500015       1.29331684    
   55.7000008       1.36799538    
   55.7500000       1.43925393    
   55.7999992       1.50691438    
   55.8500023       1.57080746    
   55.9000015       1.63077354    
   55.9500008       1.68666267    
   56.0000000       1.73833513    
   56.0499992       1.78566182    
   56.1000023       1.82852435    
   56.1500015       1.86681557    
   56.2000008       1.90043974    
   56.2500000       1.92931283    
   56.2999992       1.95336258    
   56.3500023       1.97252893    
   56.4000015       1.98676395    
   56.4500008       1.99603212    
   56.5000000       2.00031018    
   56.5499992       1.99958742    
   56.6000023       1.99386573    
   56.6500015       1.98315942    
   56.7000008       1.96749520    
   56.7500000       1.94691217    
   56.7999992       1.92146194    
   56.8500023       1.89120805    
   56.9000015       1.85622609    
   56.9500008       1.81660354    
   57.0000000       1.77243948    
   57.0499992       1.72384441    
   57.1000023       1.67093968    
   57.1500015       1.61385763    
   57.2000008       1.55274093    
   57.2500000       1.48774230    
   57.2999992       1.41902435    
   57.3500023       1.34675884    
   57.4000015       1.27112651    
   57.4500008       1.19231629    
   57.5000000       1.11052525    
   57.5499992       1.02595794    
   57.6000023      0.938825727    
   57.6500015      0.849346459    
   57.7000008      0.757743835    
   57.7500000      0.664246857    
   57.7999992      0.569089234    
   57.8500023      0.472508907    
   57.9000015      0.374747306    
   57.9500008      0.276048839    
   58.0000000      0.176660240    
   58.0499992       7.68299922E-02
   58.1000023      -2.31923237E-02
   58.1500015     -0.123156659    
   58.2000008     -0.222813100    
   58.2500000     -0.321912497    
   58.2999992     -0.420207113    
   58.3500023     -0.517451227    
   58.4000015     -0.613401711    
   58.4500008     -0.707818687    
   58.5000000     -0.800466120    
   58.5499992     -0.891112387    
   58.6000023     -0.979530871    
   58.6500015      -1.06550050    
   58.7000008      -1.14880633    
   58.7500000      -1.22924018    
   58.7999992      -1.30660093    
   58.8500023      -1.38069522    
   58.9000015      -1.45133781    
   58.9500008      -1.51835203    
   59.0000000      -1.58157039    
   59.0499992      -1.64083481    
   59.1000023      -1.69599712    
   59.1500015      -1.74691939    
   59.2000008      -1.79347444    
   59.2500000      -1.83554578    
   59.2999992      -1.87302828    
   59.3500023      -1.90582812    
   59.4000015      -1.93386340    
   59.4500008      -1.95706403    
   59.5000000      -1.97537208    
   59.5499992      -1.98874164    
   59.6000023      -1.99713933    
   59.6500015      -2.00054431    
   59.7000008      -1.99894786    
   59.7500000      -1.99235404    
   59.7999992      -1.98077929    
   59.8500023      -1.96425259    
   59.9000015      -1.94281530    
   59.9500008      -1.91652095    
   60.0000000      -1.88543534    
   60.0499992      -1.84963608    
   60.1000023      -1.80921268    
   60.1500015      -1.76426625    
   60.2000008      -1.71490920    
   60.2500000      -1.66126490    
   60.2999992      -1.60346746    
   60.3500023      -1.54166126    
   60.4000015      -1.47600091    
   60.4500008      -1.40665054    
   60.5000000      -1.33378363    
   60.5499992      -1.25758219    
   60.6000023      -1.17823684    
   60.6500015      -1.09594595    
   60.7000008      -1.01091516    
   60.7500000     -0.923357069    
   60.7999992     -0.833490610    
   60.8500023     -0.741540372    
   60.9000015     -0.647736311    
   60.9500008     -0.552312911    
   61.0000000     -0.455508709    
   61.0499992     -0.357565761    
   61.1000023     -0.258728892    
   61.1500015     -0.159245193    
   61.2000008      -5.93633801E-02
   61.2500000       4.06668410E-02
   61.2999992      0.140595391    
   61.3500023      0.240172446    
   61.4000015      0.339149088    
   61.4500008      0.437277853    
   61.5000000      0.534313440    
   61.5499992      0.630013227    
   61.6000023      0.724137962    
   61.6500015      0.816452384    
   61.7000008      0.906725645    
   61.7500000      0.994732082    
   61.7999992       1.08025169    
   61.8500023       1.16307068    
   61.9000015       1.24298203    
   61.9500008       1.31978595    
   62.0000000       1.39329040    
   62.0499992       1.46331155    
   62.1000023       1.52967441    
   62.1500015       1.59221315    
   62.2000008       1.65077138    
   62.2500000       1.70520258    
   62.2999992       1.75537086    
   62.3500023       1.80115068    
   62.4000015       1.84242761    
   62.4500008       1.87909853    
   62.5000000       1.91107166    
   62.5499992       1.93826711    
   62.6000023       1.96061695    
   62.6500015       1.97806513    
   62.7000008       1.99056816    
   62.7500000       1.99809480    
   62.7999992       2.00062633    
   62.8500023       1.99815619    
   62.9000015       1.99069071    
   62.9500008       1.97824848    
   63.0000000       1.96086061    
   63.0499992       1.93857062    
   63.1000023       1.91143417    
   63.1500015       1.87951910    
   63.2000008       1.84290528    
   63.2500000       1.80168414    
   63.2999992       1.75595880    
   63.3500023       1.70584357    
   63.4000015       1.65146375    
   63.4500008       1.59295523    
   63.5000000       1.53046441    
   63.5499992       1.46414733    
   63.6000023       1.39416993    
   63.6500015       1.32070708    
   63.7000008       1.24394250    
   63.7500000       1.16406810    
   63.7999992       1.08128345    
   63.8500023      0.995795608    
   63.9000015      0.907818317    
   63.9500008      0.817571461    
   64.0000000      0.725280643    
   64.0500031      0.631176651    
   64.0999985      0.535494685    
   64.1500015      0.438474000    
   64.2000046      0.340357125    
   64.2500000      0.241389364    
   64.3000031      0.141818136    
   64.3499985       4.18923646E-02
   64.4000015      -5.81381321E-02
   64.4500046     -0.158023283    
   64.5000000     -0.257513374    
   64.5500031     -0.356359690    
   64.5999985     -0.454315096    
   64.6500015     -0.551134706    
   64.7000046     -0.646576464    
   64.7500000     -0.740401804    
   64.8000031     -0.832376122    
   64.8499985     -0.922269523    
   64.9000015      -1.00985718    
   64.9500046      -1.09492028    
   65.0000000      -1.17724609    
   65.0500031      -1.25662875    
   65.0999985      -1.33286989    
   65.1500015      -1.40577877    
   65.2000046      -1.47517323    
   65.2500000      -1.54087973    
   65.3000031      -1.60273409    
   65.3499985      -1.66058159    
   65.4000015      -1.71427763    
   65.4500046      -1.76368797    
   65.5000000      -1.80868912    
   65.5500031      -1.84916854    
   65.5999985      -1.88502502    
   65.6500015      -1.91616893    
   65.7000046      -1.94252241    
   65.7500000      -1.96401966    
   65.8000031      -1.98060679    
   65.8499985      -1.99224246    
   65.9000015      -1.99889743    
   65.9500046      -2.00055528    
   66.0000000      -1.99721169    
   66.0500031      -1.98887503    
   66.0999985      -1.97556615    
   66.1500015      -1.95731843    
   66.2000046      -1.93417740    
   66.2500000      -1.90620089    
   66.3000031      -1.87345886    
   66.3499985      -1.83603323    
   66.4000015      -1.79401755    
   66.4500046      -1.74751675    
   66.5000000      -1.69664717    
   66.5500031      -1.64153600    
   66.5999985      -1.58232105    
   66.6500015      -1.51915026    
   66.7000046      -1.45218158    
   66.7500000      -1.38158250    
   66.8000031      -1.30752945    
   66.8499985      -1.23020756    
   66.9000015      -1.14981008    
   66.9500046      -1.06653810    
   67.0000000     -0.980599761    
   67.0500031     -0.892209947    
   67.0999985     -0.801589608    
   67.1500015     -0.708965302    
   67.2000046     -0.614568591    
   67.2500000     -0.518635452    
   67.3000031     -0.421405733    
   67.3499985     -0.323122501    
   67.4000015     -0.224031448    
   67.4500046     -0.124380320    
   67.5000000      -2.44182423E-02
   67.5500031       7.56048858E-02
   67.5999985      0.175439000    
   67.6500015      0.274834514    
   67.7000046      0.373542964    
   67.7500000      0.471317530    
   67.8000031      0.567913830    
   67.8499985      0.663090348    
   67.9000015      0.756609142    
   67.9500046      0.848236382    
   68.0000000      0.937743068    
   68.0500031       1.02490532    
   68.0999985       1.10950541    
   68.1500015       1.19133174    
   68.2000046       1.27017975    
   68.2500000       1.34585226    
   68.3000031       1.41816008    
   68.3499985       1.48692250    
   68.4000015       1.55196762    
   68.4500046       1.61313283    
   68.5000000       1.67026520    
   68.5500031       1.72322190    
   68.5999985       1.77187061    
   68.6500015       1.81608963    
   68.7000046       1.85576844    
   68.7500000       1.89080787    
   68.8000031       1.92112017    
   68.8499985       1.94662976    
   68.9000015       1.96727276    
   68.9500046       1.98299754    
   69.0000000       1.99376488    
   69.0500031       1.99954772    
   69.0999985       2.00033164    
   69.1500015       1.99611485    
   69.2000046       1.98690772    
   69.2500000       1.97273338    
   69.3000031       1.95362723    
   69.3499985       1.92963696    
   69.4000015       1.90082264    
   69.4500046       1.86725628    
   69.5000000       1.82902169    
   69.5500031       1.78621459    
   69.5999985       1.73894191    
   69.6500015       1.68732190    
   69.7000046       1.63148355    
   69.7500000       1.57156658    
   69.8000031       1.50772071    
   69.8499985       1.44010544    
   69.9000015       1.36888993    
   69.9500046       1.29425216    
   70.0000000       1.21637881    
   70.0500031       1.13546455    
   70.0999985       1.05171156    
   70.1500015      0.965329349    
   70.2000046      0.876533806    
   70.2500000      0.785546899    
   70.3000031      0.692596138    
   70.3499985      0.597913861    
   70.4000015      0.501736820    
   70.4500046      0.404305458    
   70.5000000      0.305863321    
   70.5500031      0.206656516    
   70.5999985      0.106933080    
   70.6500015       6.94230944E-03
   70.7000046      -9.30658132E-02
   70.7500000     -0.192841262    
   70.8000031     -0.292134613    
   70.8499985     -0.390697628    
   70.9000015     -0.488283902    
   70.9500046     -0.584649444    
   71.0000000     -0.679553390    
   71.0500031     -0.772758424    
   71.0999985     -0.864031613    
   71.1500015     -0.953144670    
   71.2000046      -1.03987491    
   71.2500000      -1.12400544    
   71.3000031      -1.20532596    
   71.3499985      -1.28363323    
   71.4000015      -1.35873139    
   71.4500046      -1.43043268    
   71.5000000      -1.49855793    
   71.5500031      -1.56293678    
   71.5999985      -1.62340832    
   71.6500015      -1.67982125    
   71.7000046      -1.73203468    
   71.7500000      -1.77991796    
   71.8000031      -1.82335150    
   71.8499985      -1.86222661    
   71.9000015      -1.89644623    
   71.9500046      -1.92592466    
   72.0000000      -1.95058835    
   72.0500031      -1.97037554    
   72.0999985      -1.98523676    
   72.1500015      -1.99513495    
   72.2000046      -2.00004530    
   72.2500000      -1.99995553    
   72.3000031      -1.99486589    
   72.3499985      -1.98478901    
   72.4000015      -1.96975017    
   72.4500046      -1.94978702    
   72.5000000      -1.92494941    
   72.5500031      -1.89529932    
   72.5999985      -1.86091101    
   72.6500015      -1.82187045    
   72.7000046      -1.77827525    
   72.7500000      -1.73023427    
   72.8000031      -1.67786777    
   72.8499985      -1.62130654    
   72.9000015      -1.56069207    
   72.9500046      -1.49617589    
   73.0000000      -1.42791927    
   73.0500031      -1.35609281    
   73.0999985      -1.28087616    
   73.1500015      -1.20245731    
   73.2000046      -1.12103236    
   73.2500000      -1.03680480    
   73.3000031     -0.949985206    
   73.3499985     -0.860790670    
   73.4000015     -0.769444168    
   73.4500046     -0.676174045    
   73.5000000     -0.581213474    
   73.5500031     -0.484799862    
   73.5999985     -0.387174249    
   73.6500015     -0.288580716    
   73.7000046     -0.189265713    
   73.7500000      -8.94775465E-02
   73.8000031       1.05343163E-02
   73.8499985      0.110519849    
   73.9000015      0.210229084    
   73.9500046      0.309412748    
   74.0000000      0.407822877    
   74.0500031      0.505213439    
   74.0999985      0.601341009    
   74.1500015      0.695965171    
   74.2000046      0.788849473    
   74.2500000      0.879761636    
   74.3000031      0.968474388    
   74.3499985       1.05476594    
   74.4000015       1.13842058    
   74.4500046       1.21922922    
   74.5000000       1.29698968    
   74.5500031       1.37150776    
   74.5999985       1.44259703    
   74.6500015       1.51007986    
   74.7000046       1.57378745    
   74.7500000       1.63356054    
   74.8000031       1.68924975    
   74.8499985       1.74071586    
   74.9000015       1.78783011    
   74.9500046       1.83047485    
   75.0000000       1.86854339    
   75.0500031       1.90194058    
   75.0999985       1.93058288    
   75.1500015       1.95439875    
   75.2000046       1.97332859    
   75.2500000       1.98732519    
   75.3000031       1.99635339    
   75.3499985       2.00039077    
   75.4000015       1.99942720    
   75.4500046       1.99346507    
   75.5000000       1.98251927    
   75.5500031       1.96661711    
   75.5999985       1.94579840    
   75.6500015       1.92011523    
   75.7000046       1.88963175    
   75.7500000       1.85442424    
   75.8000031       1.81458068    
   75.8499985       1.77020061    
   75.9000015       1.72139502    
   75.9500046       1.66828597    
   76.0000000       1.61100614    
   76.0500031       1.54969883    
   76.0999985       1.48451734    
   76.1500015       1.41562450    
   76.2000046       1.34319258    
   76.2500000       1.26740265    
   76.3000031       1.18844426    
   76.3499985       1.10651481    
   76.4000015       1.02181900    
   76.4500046      0.934568644    
   76.5000000      0.844981909    
   76.5500031      0.753282666    
   76.5999985      0.659700274    
   76.6500015      0.564468622    
   76.7000046      0.467825770    
   76.7500000      0.370013356    
   76.8000031      0.271275908    
   76.8499985      0.171860278    
   76.9000015       7.20150024E-02
   76.9500046      -2.80103087E-02
   77.0000000     -0.127965599    
   77.0500031     -0.227600962    
   77.0999985     -0.326667339    
   77.1500015     -0.424917042    
   77.2000046     -0.522104442    
   77.2500000     -0.617986560    
   77.3000031     -0.712323725    
   77.3499985     -0.804880083    
   77.4000015     -0.895424247    
   77.4500046     -0.983729839    
   77.5000000      -1.06957614    
   77.5500031      -1.15274847    
   77.5999985      -1.23303890    
   77.6500015      -1.31024683    
   77.7000046      -1.38417912    
   77.7500000      -1.45465088    
   77.8000031      -1.52148604    
   77.8499985      -1.58451748    
   77.9000015      -1.64358771    
   77.9500046      -1.69854891    
   78.0000000      -1.74926376    
   78.0500031      -1.79560542    
   78.0999985      -1.83745813    
   78.1500015      -1.87471712    
   78.2000046      -1.90728939    
   78.2500000      -1.93509340    
   78.3000031      -1.95805967    
   78.3499985      -1.97613072    
   78.4000015      -1.98926151    
   78.4500046      -1.99741912    
   78.5000000      -2.00058317    
   78.5500031      -1.99874580    
   78.5999985      -1.99191153    
   78.6500015      -1.98009753    
   78.7000046      -1.96333325    
   78.7500000      -1.94166064    
   78.8000031      -1.91513395    
   78.8499985      -1.88381934    
   78.9000015      -1.84779525    
   78.9500046      -1.80715168    
   79.0000000      -1.76199019    
   79.0500031      -1.71242368    
   79.0999985      -1.65857613    
   79.1500015      -1.60058212    
   79.2000046      -1.53858674    
   79.2500000      -1.47274482    
   79.3000031      -1.40322101    
   79.3499985      -1.33018923    
   79.4000015      -1.25383198    
   79.4500046      -1.17434013    
   79.5000000      -1.09191239    
   79.5500031      -1.00675488    
   79.5999985     -0.919080496    
   79.6500015     -0.829108417    
   79.7000046     -0.737063587    
   79.7500000     -0.643176079    
   79.8000031     -0.547680616    
   79.8499985     -0.450815946    
   79.9000015     -0.352824241    
   79.9500046     -0.253950477    
   80.0000000     -0.154441833    
   80.0500031      -5.45470864E-02
   80.0999985       4.54840288E-02
   80.1500015      0.145401433    
   80.2000046      0.244955331    
   80.2500000      0.343896836    
   80.3000031      0.441978604    
   80.3499985      0.538955450    
   80.4000015      0.634584904    
   80.4500046      0.728627861    
   80.5000000      0.820849240    
   80.5500031      0.911018491    
   80.5999985      0.998910248    
   80.6500015       1.08430469    
   80.7000046       1.16698837    
   80.7500000       1.24675465    
   80.8000031       1.32340395    
   80.8499985       1.39674473    
   80.9000015       1.46659374    
   80.9500046       1.53277624    
   81.0000000       1.59512675    
   81.0500031       1.65348947    
   81.0999985       1.70771849    
   81.1500015       1.75767815    
   81.2000046       1.80324364    
   81.2500000       1.84430099    
   81.3000031       1.88074768    
   81.3499985       1.91249251    
   81.4000015       1.93945611    
   81.4500046       1.96157098    
   81.5000000       1.97878194    
   81.5500031       1.99104595    
   81.5999985       1.99833238    
   81.6500015       2.00062299    
   81.7000046       1.99791205    
   81.7500000       1.99020624    
   81.8000031       1.97752500    
   81.8499985       1.95989990    
   81.9000015       1.93737507    
   81.9500046       1.91000676    
   82.0000000       1.87786353    
   82.0500031       1.84102559    
   82.0999985       1.79958510    
   82.1500015       1.75364566    
   82.2000046       1.70332205    
   82.2500000       1.64874017    
   82.3000031       1.59003639    
   82.3499985       1.52735758    
   82.4000015       1.46086037    
   82.4500046       1.39071095    
   82.5000000       1.31708479    
   82.5500031       1.24016595    
   82.5999985       1.16014671    
   82.6500015       1.07722712    
   82.7000046      0.991614401    
   82.7500000      0.903522670    
   82.8000031      0.813172102    
   82.8499985      0.720788598    
   82.9000015      0.626603127    
   82.9500046      0.530851185    
   83.0000000      0.433772087    
   83.0500031      0.335608572    
   83.0999985      0.236606032    
   83.1500015      0.137011975    
   83.2000046       3.70753929E-02
   83.2500000      -6.29538745E-02
   83.3000031     -0.162825763    
   83.3499985     -0.262290597    
   83.4000015     -0.361099690    
   83.4500046     -0.459006041    
   83.5000000     -0.555764854    
   83.5500031     -0.651134253    
   83.5999985     -0.744875848    
   83.6500015     -0.836755216    
   83.7000046     -0.926542699    
   83.7500000      -1.01401389    
   83.8000031      -1.09895003    
   83.8499985      -1.18113875    
   83.9000015      -1.26037467    
   83.9500046      -1.33645964    
   84.0000000      -1.40920341    
   84.0500031      -1.47842419    
   84.0999985      -1.54394889    
   84.1500015      -1.60561371    
   84.2000046      -1.66326451    
   84.2500000      -1.71675718    
   84.3000031      -1.76595795    
   84.3499985      -1.81074381    
   84.4000015      -1.85100281    
   84.4500046      -1.88663435    
   84.5000000      -1.91754925    
   84.5500031      -1.94367027    
   84.5999985      -1.96493208    
   84.6500015      -1.98128164    
   84.7000046      -1.99267793    
   84.7500000      -1.99909258    
   84.8000031      -2.00050950    
   84.8499985      -1.99692512    
   84.9000015      -1.98834848    
   84.9500046      -1.97480094    
   85.0000000      -1.95631635    
   85.0500031      -1.93294096    
   85.0999985      -1.90473330    
   85.1500015      -1.87176371    
   85.2000046      -1.83411479    
   85.2500000      -1.79188061    
   85.3000031      -1.74516666    
   85.3499985      -1.69408977    
   85.4000015      -1.63877773    
   85.4500046      -1.57936871    
   85.5000000      -1.51601124    
   85.5500031      -1.44886374    
   85.5999985      -1.37809408    
   85.6500015      -1.30387926    
   85.7000046      -1.22640467    
   85.7500000      -1.14586413    
   85.8000031      -1.06245887    
   85.8499985     -0.976397514    
   85.9000015     -0.887895167    
   85.9500046     -0.797173083    
   86.0000000     -0.704458058    
   86.0500031     -0.609981894    
   86.0999985     -0.513980746    
   86.1500015     -0.416694641    
   86.2000046     -0.318366826    
   86.2500000     -0.219243079    
   86.3000031     -0.119571224    
   86.3499985      -1.96004435E-02
   86.4000015       8.04193467E-02
   86.4500046      0.180238098    
   86.5000000      0.279606253    
   86.5500031      0.378275394    
   86.5999985      0.475998849    
   86.6500015      0.572532296    
   86.7000046      0.667634428    
   86.7500000      0.761067450    
   86.8000031      0.852597833    
   86.8499985      0.941996694    
   86.9000015       1.02904058    
   86.9500046       1.11351180    
   87.0000000       1.19519925    
   87.0500031       1.27389872    
   87.0999985       1.34941351    
   87.1500015       1.42155468    
   87.2000046       1.49014199    
   87.2500000       1.55500400    
   87.3000031       1.61597848    
   87.3499985       1.67291296    
   87.4000015       1.72566521    
   87.4500046       1.77410328    
   87.5000000       1.81810606    
   87.5500031       1.85756361    
   87.5999985       1.89237726    
   87.6500015       1.92245996    
   87.7000046       1.94773650    
   87.7500000       1.96814370    
   87.8000031       1.98363054    
   87.8499985       1.99415827    
   87.9000015       1.99970067    
   87.9500046       2.00024390    
   88.0000000       1.99578643    
   88.0500031       1.98633945    
   88.0999985       1.97192669    
   88.1500015       1.95258403    
   88.2000046       1.92835999    
   88.2500000       1.89931500    
   88.3000031       1.86552179    
   88.3499985       1.82706475    
   88.4000015       1.78403997    
   88.4500046       1.73655510    
   88.5000000       1.68472886    
   88.5500031       1.62869084    
   88.5999985       1.56858110    
   88.6500015       1.50454986    
   88.7000046       1.43675733    
   88.7500000       1.36537290    
   88.8000031       1.29057503    
   88.8499985       1.21255064    
   88.9000015       1.13149488    
   88.9500046       1.04761040    
   89.0000000      0.961106896    
   89.0500031      0.872200608    
   89.0999985      0.781113863    
   89.1500015      0.688074350    
   89.2000046      0.593314648    
   89.2500000      0.497071624    
   89.3000031      0.399585932    
   89.3499985      0.301101267    
   89.4000015      0.201863855    
   89.4500046      0.102121785    
   89.5000000       2.12441385E-03
   89.5500031      -9.78782699E-02
   89.5999985     -0.197636262    
   89.6500015     -0.296900153    
   89.7000046     -0.395421803    
   89.7500000     -0.492954910    
   89.8000031     -0.589255631    
   89.8499985     -0.684083223    
   89.9000015     -0.777200580    
   89.9500046     -0.868374944    
   90.0000000     -0.957378387    
   90.0500031      -1.04398835    
   90.0999985      -1.12798834    
   90.1500015      -1.20916831    
   90.2000046      -1.28732538    
   90.2500000      -1.36226416    
   90.3000031      -1.43379724    
   90.3499985      -1.50174594    
   90.4000015      -1.56594026    
   90.4500046      -1.62621963    
   90.5000000      -1.68243349    
   90.5500031      -1.73444128    
   90.5999985      -1.78211296    
   90.6500015      -1.82532930    
   90.7000046      -1.86398244    
   90.7500000      -1.89797556    
   90.8000031      -1.92722380    
   90.8499985      -1.95165396    
   90.9000015      -1.97120500    
   90.9500046      -1.98582792    
   91.0000000      -1.99548638    
   91.0500031      -2.00015616    
   91.0999985      -1.99982548    
   91.1500015      -1.99449527    
   91.2000046      -1.98417878    
   91.2500000      -1.96890187    
   91.3000031      -1.94870269    
   91.3499985      -1.92363179    
   91.4000015      -1.89375174    
   91.4500046      -1.85913730    
   91.5000000      -1.81987500    
   91.5500031      -1.77606308    
   91.5999985      -1.72781098    
   91.6500015      -1.67523932    
   91.7000046      -1.61847961    
   91.7500000      -1.55767369    
   91.8000031      -1.49297357    
   91.8499985      -1.42454100    
   91.9000015      -1.35254705    
   91.9500046      -1.27717173    
   92.0000000      -1.19860351    
   92.0500031      -1.11703885    
   92.0999985      -1.03268158    
   92.1500015     -0.945742607    
   92.2000046     -0.856439233    
   92.2500000     -0.764994740    
   92.3000031     -0.671637774    
   92.3499985     -0.576601744    
   92.4000015     -0.480124205    
   92.4500046     -0.382446349    
   92.5000000     -0.283812374    
   92.5500031     -0.184468865    
   92.5999985      -8.46641809E-02
   92.6500015       1.53521672E-02
   92.7000046      0.115330130    
   92.7500000      0.215019763    
   92.8000031      0.314171851    
   92.8499985      0.412538528    
   92.9000015      0.509873867    
   92.9500046      0.605934501    
   93.0000000      0.700480282    
   93.0500031      0.793274879    
   93.0999985      0.884086251    
   93.1500015      0.972687423    
   93.2000046       1.05885684    
   93.2500000       1.14237916    
   93.3000031       1.22304559    
   93.3499985       1.30065429    
   93.4000015       1.37501144    
   93.4500046       1.44593108    
   93.5000000       1.51323581    
   93.5500031       1.57675743    
   93.5999985       1.63633716    
   93.6500015       1.69182611    
   93.7000046       1.74308550    
   93.7500000       1.78998721    
   93.8000031       1.83241391    
   93.8499985       1.87025952    
   93.9000015       1.90342951    
   93.9500046       1.93184090    
   94.0000000       1.95542276    
   94.0500031       1.97411609    
   94.0999985       1.98787403    
   94.1500015       1.99666238    
   94.2000046       2.00045896    
   94.2500000       1.99925447    
   94.3000031       1.99305177    
   94.3499985       1.98186648    
   94.4000015       1.96572649    
   94.4500046       1.94467223    
   94.5000000       1.91875625    
   94.5500031       1.88804340    
   94.5999985       1.85261047    
   94.6500015       1.81254601    
   94.7000046       1.76795018    
   94.7500000       1.71893454    
   94.8000031       1.66562152    
   94.8499985       1.60814440    
   94.9000015       1.54664695    
   94.9500046       1.48128283    
   95.0000000       1.41221559    
   95.0500031       1.33961773    
   95.0999985       1.26367092    
   95.1500015       1.18456483    
   95.2000046       1.10249734    
   95.2500000       1.01767361    
   95.3000031      0.930305719    
   95.3499985      0.840612113    
   95.4000015      0.748816967    
   95.4500046      0.655149758    
   95.5000000      0.559844673    
   95.5500031      0.463139981    
   95.5999985      0.365277439    
   95.6500015      0.266501695    
   95.7000046      0.167059705    
   95.7500000       6.72000647E-02
   95.8000031      -3.28275710E-02
   95.8499985     -0.132773131    
   95.9000015     -0.232386768    
   95.9500046     -0.331419438    
   96.0000000     -0.429623544    
   96.0500031     -0.526753604    
   96.0999985     -0.622566760    
   96.1500015     -0.716823518    
   96.2000046     -0.809288204    
   96.2500000     -0.899729669    
   96.3000031     -0.987921834    
   96.3499985      -1.07364416    
   96.4000015      -1.15668237    
   96.4500046      -1.23682892    
   96.5000000      -1.31388342    
   96.5500031      -1.38765323    
   96.5999985      -1.45795381    
   96.6500015      -1.52460957    
   96.7000046      -1.58745372    
   96.7500000      -1.64632928    
   96.8000031      -1.70108902    
   96.8499985      -1.75159609    
   96.9000015      -1.79772413    
   96.9500046      -1.83935785    
   97.0000000      -1.87639320    
   97.0500031      -1.90873754    
   97.0999985      -1.93631005    
   97.1500015      -1.95904183    
   97.2000046      -1.97687602    
   97.2500000      -1.98976791    
   97.3000031      -1.99768543    
   97.3499985      -2.00060868    
   97.4000015      -1.99853051    
   97.4500046      -1.99145591    
   97.5000000      -1.97940278    
   97.5500031      -1.96240115    
   97.5999985      -1.94049346    
   97.6500015      -1.91373456    
   97.7000046      -1.88219130    
   97.7500000      -1.84594262    
   97.8000031      -1.80507898    
   97.8499985      -1.75970268    
   97.9000015      -1.70992708    
   97.9500046      -1.65587676    
   98.0000000      -1.59768665    
   98.0500031      -1.53550243    
   98.0999985      -1.46947944    
   98.1500015      -1.39978266    
   98.2000046      -1.32658648    
   98.2500000      -1.25007379    
   98.3000031      -1.17043591    
   98.3499985      -1.08787203    
   98.4000015      -1.00258839    
   98.4500046     -0.914798319    
   98.5000000     -0.824721277    
   98.5500031     -0.732582390    
   98.5999985     -0.638612092    
   98.6500015     -0.543045223    
   98.7000046     -0.446120739    
   98.7500000     -0.348080963    
   98.8000031     -0.249170989    
   98.8499985     -0.149638087    
   98.9000015      -4.97310832E-02
   98.9500046       5.03002480E-02
   99.0000000      0.150205821    
   99.0500031      0.249735892    
   99.0999985      0.348641634    
   99.1500015      0.446675748    
   99.2000046      0.543593168    
   99.2500000      0.639151633    
   99.3000031      0.733112216    
   99.3499985      0.825240016    
   99.4000015      0.915304720    
   99.4500046       1.00308108    
   99.5000000       1.08834982    
   99.5500031       1.17089772    
   99.5999985       1.25051832    
   99.6500015       1.32701266    
   99.7000046       1.40018940    
   99.7500000       1.46986568    
   99.8000031       1.53586733    
   99.8499985       1.59802926    
   99.9000015       1.65619612    
   99.9500046       1.71022248    
   100.000000       1.75997329    
