  0.150000006       1.93374872       1.97754216       4.37934399E-02
  0.300000012       1.82617700       1.91067302       8.44960213E-02
  0.450000018       1.68057919       1.80089414      0.120314956    
  0.600000024       1.50101805       1.65067124      0.149653196    
  0.750000000       1.29221785       1.46337771      0.171159863    
  0.900000036       1.05944538       1.24321985      0.183774471    
   1.05000007      0.808381379      0.995141983      0.186760604    
   1.20000005      0.544985533      0.724715412      0.179729879    
   1.35000002      0.275358468      0.438013315      0.162654847    
   1.50000000       5.60382009E-03  0.141474396      0.135870576    
   1.65000010     -0.258306980     -0.158241972      0.100065008    
   1.80000007     -0.510663986     -0.454404324       5.62596619E-02
   1.95000005     -0.746139109     -0.740361750       5.77735901E-03
   2.10000014     -0.959895730      -1.00969243      -4.97967005E-02
   2.25000000      -1.14768469      -1.25634730     -0.108662605    
   2.40000010      -1.30592561      -1.47478759     -0.168861985    
   2.55000019      -1.43177092      -1.66010725     -0.228336334    
   2.70000005      -1.52315283      -1.80814433     -0.284991503    
   2.85000014      -1.57881176      -1.91557455     -0.336762786    
   3.00000000      -1.59830666      -1.97998500     -0.381678343    
   3.15000010      -1.58200622      -1.99992931     -0.417923093    
   3.30000019      -1.53106296      -1.97495949     -0.443896532    
   3.45000005      -1.44737053      -1.90563643     -0.458265901    
   3.60000014      -1.33350515      -1.79351676     -0.460011601    
   3.75000024      -1.19265378      -1.64111841     -0.448464632    
   3.90000010      -1.02852988      -1.45186448     -0.423334599    
   4.05000019     -0.845279694      -1.23000443     -0.384724736    
   4.20000029     -0.647380888     -0.980521142     -0.333140254    
   4.35000038     -0.439536333     -0.709017396     -0.269481063    
   4.50000000     -0.226564780     -0.421591610     -0.195026830    
   4.65000010      -1.32918507E-02 -0.124696836     -0.111404985    
   4.80000019      0.195556894      0.174998343      -2.05585510E-02
   4.95000029      0.395458370      0.470763445       7.53050745E-02
   5.10000038      0.582187474      0.755956173      0.173768699    
   5.25000000      0.751904130       1.02417099      0.272266865    
   5.40000010      0.901229501       1.26938593      0.368156433    
   5.55000019       1.02731073       1.48609316      0.458782434    
   5.70000029       1.12787247       1.66942585      0.541553378    
   5.85000038       1.20125413       1.81526685      0.614012718    
   6.00000000       1.24643350       1.92034054      0.673907042    
   6.15000010       1.26303482       1.98228788      0.719253063    
   6.30000019       1.25132298       1.99971724      0.748394251    
   6.45000029       1.21218348       1.97223723      0.760053754    
   6.60000038       1.14708924       1.90046489      0.753375649    
   6.75000048       1.05805457       1.78601229      0.727957726    
   6.90000010      0.947579145       1.63145006      0.683870912    
   7.05000019      0.818581700       1.44024861      0.621666908    
   7.20000029      0.674326181       1.21670222      0.542376041    
   7.35000038      0.518341899      0.965831220      0.447489321    
   7.50000048      0.354339719      0.693269730      0.338930011    
   7.65000010      0.186125666      0.405139834      0.219014168    
   7.80000019       1.75148249E-02  0.107910462       9.03956369E-02
   7.95000029     -0.147753358     -0.191742361      -4.39890027E-02
   8.10000038     -0.306096077     -0.487089038     -0.180992961    
   8.25000000     -0.454163104     -0.771495879     -0.317332774    
   8.40000057     -0.588905632      -1.03857827     -0.449672639    
   8.55000019     -0.707637131      -1.28233480     -0.574697673    
   8.70000076     -0.808084726      -1.49729431     -0.689209580    
   8.85000038     -0.888430476      -1.67862654     -0.790196061    
   9.00000000     -0.947341323      -1.82226050     -0.874919176    
   9.15000057     -0.983988047      -1.92497122     -0.940983176    
   9.30000019     -0.998052359      -1.98445070     -0.986398339    
   9.45000076     -0.989722669      -1.99936390      -1.00964117    
   9.60000038     -0.959678650      -1.96937561      -1.00969696    
   9.75000000     -0.909065485      -1.89515960     -0.986094117    
   9.90000057     -0.839458108      -1.77838182     -0.938923717    
   10.0500002     -0.752816856      -1.62166619     -0.868849337    
   10.2000008     -0.651435614      -1.42853022     -0.777094603    
   10.3500004     -0.537883580      -1.20331395     -0.665430367    
   10.5000000     -0.414942503     -0.951073885     -0.536131382    
   10.6500006     -0.285540223     -0.677473068     -0.391932845    
   10.8000002     -0.152682900     -0.388659447     -0.235976547    
   10.9500008      -1.93865448E-02  -9.11155045E-02  -7.17289597E-02
   11.1000004      0.111389816      0.208472818       9.70830023E-02
   11.2500000      0.236808389      0.503379285      0.266570896    
   11.4000006      0.354212701      0.786982775      0.432770073    
   11.5500002      0.461182356       1.05291057      0.591728210    
   11.7000008      0.555581391       1.29519379      0.739612401    
   11.8500004      0.635599256       1.50838840      0.872789145    
   12.0000000      0.699783623       1.68770790      0.987924278    
   12.1500006      0.747064650       1.82912612       1.08206153    
   12.3000002      0.776770175       1.92946529       1.15269518    
   12.4500008      0.788631737       1.98647332       1.19784164    
   12.6000004      0.782781601       1.99886918       1.21608758    
   12.7500010      0.759741127       1.96637452       1.20663333    
   12.9000006      0.720400393       1.88971972       1.16931939    
   13.0500002      0.665990412       1.77062607       1.10463572    
   13.2000008      0.598048449       1.61176705       1.01371861    
   13.3500004      0.518377185       1.41671228      0.898335099    
   13.5000010      0.428998947       1.18983984      0.760840893    
   13.6500006      0.332106024      0.936247587      0.604141593    
   13.8000002      0.230008513      0.661629379      0.431620866    
   13.9500008      0.125080556      0.372150630      0.247070074    
   14.1000004       1.97064057E-02   7.43160099E-02   5.46096042E-02
   14.2500010      -8.37725624E-02 -0.225189477     -0.141416907    
   14.4000006     -0.183108687     -0.519635797     -0.336527109    
   14.5500002     -0.276195735     -0.802412331     -0.526216626    
   14.7000008     -0.361112297      -1.06717002     -0.706057727    
   14.8500004     -0.436160296      -1.30795979     -0.871799469    
   15.0000010     -0.499897540      -1.51937711      -1.01947951    
   15.1500006     -0.551163971      -1.69667113      -1.14550710    
   15.3000002     -0.589101195      -1.83586168      -1.24676049    
   15.4500008     -0.613164723      -1.93382359      -1.32065892    
   15.6000004     -0.623129010      -1.98835528      -1.36522627    
   15.7500010     -0.619085550      -1.99823308      -1.37914753    
   15.9000006     -0.601433694      -1.96323490      -1.36180115    
   16.0500011     -0.570865035      -1.88414621      -1.31328118    
   16.2000008     -0.528341711      -1.76274431      -1.23440266    
   16.3500004     -0.475069046      -1.60175502      -1.12668598    
   16.5000000     -0.412463605      -1.40479410     -0.992330492    
   16.6500015     -0.342117012      -1.17628157     -0.834164560    
   16.8000011     -0.265757054     -0.921355128     -0.655598044    
   16.9500008     -0.185206294     -0.645737171     -0.460530877    
   17.1000004     -0.102339715     -0.355617404     -0.253277689    
   17.2500000      -1.90420300E-02  -5.75112589E-02  -3.84692289E-02
   17.4000015       6.28341734E-02  0.241890222      0.179056048    
   17.5500011      0.141508758      0.535855591      0.394346833    
   17.7000008      0.215311795      0.817786872      0.602475047    
   17.8500004      0.282718092       1.08135247      0.798634410    
   18.0000000      0.342377722       1.32063341      0.978255689    
   18.1500015      0.393142074       1.53025830       1.13711619    
   18.3000011      0.434084713       1.70551431       1.27142954    
   18.4500008      0.464517027       1.84246826       1.37795126    
   18.6000004      0.483998179       1.93804455       1.45404637    
   18.7500000      0.492339432       1.99009681       1.49775743    
   18.9000015      0.489602655       1.99745584       1.50785315    
   19.0500011      0.476093501       1.95995605       1.48386252    
   19.2000008      0.452349186       1.87844014       1.42609096    
   19.3500004      0.419121504       1.75473881       1.33561730    
   19.5000000      0.377355456       1.59162998       1.21427453    
   19.6500015      0.328164071       1.39277399       1.06460989    
   19.8000011      0.272799999       1.16264176      0.889841795    
   19.9500008      0.212624803      0.906399250      0.693774462    
   20.1000004      0.149076343      0.629801095      0.480724752    
   20.2500000       8.36353153E-02  0.339059025      0.255423725    
   20.4000015       1.77915320E-02   4.06986363E-02   2.29071043E-02
   20.5500011      -4.69892323E-02 -0.258571982     -0.211582750    
   20.7000008     -0.109297156     -0.552035689     -0.442738533    
   20.8500004     -0.167808324     -0.833101869     -0.665293574    
   21.0000000     -0.221312121      -1.09545851     -0.874146402    
   21.1500015     -0.268735498      -1.33321655      -1.06448102    
   21.3000011     -0.309163690      -1.54103029      -1.23186660    
   21.4500008     -0.341856956      -1.71423602      -1.37237906    
   21.6000004     -0.366263032      -1.84894383      -1.48268080    
   21.7500000     -0.382025242      -1.94212866      -1.56010342    
   21.9000015     -0.388986051      -1.99169791      -1.60271192    
   22.0500011     -0.387186199      -1.99653733      -1.60935116    
   22.2000008     -0.376859277      -1.95653903      -1.57967973    
   22.3500004     -0.358422458      -1.87260139      -1.51417899    
   22.5000000     -0.332463086      -1.74660933      -1.41414618    
   22.6500015     -0.299721926      -1.58139002      -1.28166807    
   22.8000011     -0.261073470      -1.38065815      -1.11958468    
   22.9500008     -0.217503548      -1.14891982     -0.931416273    
   23.1000004     -0.170085043     -0.891379297     -0.721294284    
   23.2500000     -0.119952306     -0.613820493     -0.493868172    
   23.4000015      -6.82745948E-02 -0.322472930     -0.254198343    
   23.5500011      -1.62295178E-02  -2.38869470E-02  -7.65742920E-03
   23.7000008       3.50232534E-02  0.275235474      0.240212217    
   23.8500004       8.43672305E-02  0.568176746      0.483809531    
   24.0000000      0.130752861      0.848358035      0.717605174    
   24.1500015      0.173219264       1.10949028      0.936271012    
   24.3000011      0.210913524       1.34570253       1.13478899    
   24.4500008      0.243107215       1.55169320       1.30858600    
   24.6000004      0.269209683       1.72283649       1.45362687    
   24.7500019      0.288778186       1.85529017       1.56651199    
   24.9000015      0.301524252       1.94607627       1.64455199    
   25.0500011      0.307316840       1.99315798       1.68584108    
   25.2000008      0.306181580       1.99547791       1.68929636    
   25.3500004      0.298296899       1.95298386       1.65468693    
   25.5000019      0.283986539       1.86662889       1.58264232    
   25.6500015      0.263709277       1.73835444       1.47464514    
   25.8000011      0.238045797       1.57104051       1.33299470    
   25.9500008      0.207683086       1.36844468       1.16076159    
   26.1000004      0.173396915       1.13511658      0.961719632    
   26.2500019      0.136032686      0.876292944      0.740260243    
   26.4000015       9.64852124E-02  0.597792923      0.501307726    
   26.5500011       5.56778237E-02  0.305867791      0.250189960    
   26.7000008       1.45413019E-02   7.07357051E-03  -7.46773137E-03
   26.8500004      -2.60068960E-02 -0.291879505     -0.265872598    
   27.0000019      -6.50826097E-02 -0.584281266     -0.519198656    
   27.1500015     -0.101853833     -0.863557637     -0.761703789    
   27.3000011     -0.135557950      -1.12344050     -0.987882555    
   27.4500008     -0.165517077      -1.35809338      -1.19257629    
   27.6000004     -0.191151187      -1.56224656      -1.37109542    
   27.7500019     -0.211988777      -1.73131716      -1.51932836    
   27.9000015     -0.227674931      -1.86150396      -1.63382900    
   28.0500011     -0.237976521      -1.94988549      -1.71190894    
   28.2000008     -0.242784753      -1.99447715      -1.75169241    
   28.3500004     -0.242114767      -1.99427736      -1.75216258    
   28.5000019     -0.236102581      -1.94928968      -1.71318710    
   28.6500015     -0.224999398      -1.86052573      -1.63552630    
   28.8000011     -0.209163532      -1.72997856      -1.52081501    
   28.9500008     -0.189050063      -1.56058013      -1.37153006    
   29.1000004     -0.165198654      -1.35613453      -1.19093585    
   29.2500019     -0.138219729      -1.12123001     -0.983010292    
   29.4000015     -0.108779423     -0.861148059     -0.752368629    
   29.5500011      -7.75835738E-02 -0.581726670     -0.504143119    
   29.7000008      -4.53612655E-02 -0.289241046     -0.243879780    
   29.8500004      -1.28481574E-02   9.74030606E-03   2.25884635E-02
   30.0000019       1.92299411E-02  0.308506668      0.289276719    
   30.1500015       5.01728877E-02  0.600340843      0.550167978    
   30.3000011       7.93211535E-02  0.878692746      0.799371600    
   30.4500008      0.106069513       1.13731122       1.03124166    
   30.6000004      0.129879221       1.37038827       1.24050903    
   30.7500019      0.150288492       1.57269180       1.42240334    
   30.9000015      0.166920960       1.73967350       1.57275248    
   31.0500011      0.179492176       1.86758614       1.68809390    
   31.2000008      0.187813848       1.95355690       1.76574302    
   31.3500004      0.191795856       1.99565530       1.80385947    
   31.5000019      0.191446096       1.99293554       1.80148947    
   31.6500015      0.186868146       1.94545865       1.75859046    
   31.8000011      0.178256840       1.85429120       1.67603433    
   31.9500008      0.165891945       1.72148049       1.55558848    
   32.1000023      0.150130078       1.55000687       1.39987683    
   32.2500000      0.131395131       1.34372842       1.21233332    
   32.4000015      0.110167421       1.10726738      0.997099936    
   32.5500031       8.69717747E-02  0.845938861      0.758967102    
   32.7000008       6.23649582E-02  0.565619349      0.503254414    
   32.8500023       3.69226336E-02  0.272590071      0.235667437    
   33.0000000       1.12262275E-02  -2.65534949E-02  -3.77797224E-02
   33.1500015      -1.41500868E-02 -0.325108260     -0.310958177    
   33.3000031      -3.86519134E-02 -0.616361618     -0.577709675    
   33.4500008      -6.17564693E-02 -0.893765748     -0.832009256    
   33.6000023      -8.29834566E-02  -1.15110469      -1.06812119    
   33.7500000     -0.101904750      -1.38258624      -1.28068149    
   33.9000015     -0.118152708      -1.58302355      -1.46487081    
   34.0500031     -0.131426960      -1.74790871      -1.61648178    
   34.2000008     -0.141499609      -1.87353623      -1.73203659    
   34.3500023     -0.148218602      -1.95709109      -1.80887246    
   34.5000000     -0.151509464      -1.99669242      -1.84518290    
   34.6500015     -0.151375234      -1.99145317      -1.84007788    
   34.8000031     -0.147894651      -1.94148910      -1.79359448    
   34.9500008     -0.141218752      -1.84792554      -1.70670676    
   35.1000023     -0.131565943      -1.71285880      -1.58129287    
   35.2500000     -0.119215667      -1.53932905      -1.42011333    
   35.4000015     -0.104500853      -1.33122468      -1.22672379    
   35.5500031      -8.77994001E-02  -1.09322321      -1.00542378    
   35.7000008      -6.95247874E-02 -0.830676734     -0.761151969    
   35.8500023      -5.01161590E-02 -0.549468338     -0.499352187    
   36.0000000      -3.00280452E-02 -0.255927384     -0.225899339    
   36.1500015      -9.71994549E-03   4.33686189E-02   5.30885644E-02
   36.3000031       1.03539396E-02  0.341690630      0.331336677    
   36.4500008       2.97546349E-02  0.632331610      0.602576971    
   36.6000023       4.80677783E-02  0.908779025      0.860711217    
   36.7500000       6.49122298E-02   1.16481066       1.09989846    
   36.9000015       7.99477845E-02   1.39468932       1.31474149    
   37.0500031       9.28817838E-02   1.59324563       1.50036383    
   37.2000008      0.103474542       1.75601673       1.65254223    
   37.3500023      0.111543484       1.87935531       1.76781178    
   37.5000000      0.116965905       1.96048534       1.84351945    
   37.6500015      0.119680382       1.99758863       1.87790823    
   37.8000031      0.119686767       1.98982954       1.87014282    
   37.9500008      0.117044821       1.93738425       1.82033944    
   38.1000023      0.111871593       1.84142780       1.72955620    
   38.2500000      0.104337551       1.70411992       1.59978235    
   38.4000015       9.46616158E-02   1.52853751       1.43387592    
   38.5500031       8.31052661E-02   1.31862664       1.23552132    
   38.7000008       6.99657947E-02   1.07910824       1.00914240    
   38.8500023       5.55689447E-02  0.815349042      0.759780109    
   39.0000000       4.02610824E-02  0.533285856      0.493024766    
   39.1500015       2.44010631E-02  0.239239037      0.214837968    
   39.3000031       8.35202076E-03  -6.01806790E-02  -6.85326979E-02
   39.4500008      -7.52676465E-03 -0.358241349     -0.350714594    
   39.6000023      -2.28877235E-02 -0.648264110     -0.625376403    
   39.7500000      -3.74024361E-02 -0.923721254     -0.886318803    
   39.9000015      -5.07684723E-02  -1.17844033      -1.12767184    
   40.0500031      -6.27155080E-02  -1.40669370      -1.34397817    
   40.2000008      -7.30105937E-02  -1.60335064      -1.53034008    
   40.3500023      -8.14624950E-02  -1.76400435      -1.68254185    
   40.5000000      -8.79249796E-02  -1.88503897      -1.79711401    
   40.6500015      -9.22990665E-02  -1.96374249      -1.87144339    
   40.8000031      -9.45341811E-02  -1.99834359      -1.90380943    
   40.9500008      -9.46281850E-02  -1.98806620      -1.89343798    
   41.1000023      -9.26263705E-02  -1.93314052      -1.84051418    
   41.2500000      -8.86193961E-02  -1.83480287      -1.74618351    
   41.4000015      -8.27402771E-02  -1.69525659      -1.61251628    
   41.5500031      -7.51605183E-02  -1.51763785      -1.44247735    
   41.7000008      -6.60854504E-02  -1.30594122      -1.23985577    
   41.8500023      -5.57489470E-02  -1.06491053      -1.00916159    
   42.0000000      -4.44076210E-02 -0.799970627     -0.755563021    
   42.1500015      -3.23346369E-02 -0.517058313     -0.484723687    
   42.3000031      -1.98133104E-02 -0.222533792     -0.202720478    
   42.4500008      -7.13060610E-03   7.69808590E-02   8.41114670E-02
   42.6000023       5.42928837E-03  0.374774218      0.369344920    
   42.7500000       1.75911896E-02  0.664143622      0.646552444    
   42.9000015       2.90948078E-02  0.938604951      0.909510136    
   43.0500031       3.97001803E-02   1.19198680       1.15228665    
   43.2000008       4.91925254E-02   1.41859329       1.36940074    
   43.3500023       5.73864356E-02   1.61334670       1.55596030    
   43.5000000       6.41293451E-02   1.77186358       1.70773423    
   43.6500015       6.93041533E-02   1.89059198       1.82128787    
   43.8000031       7.28310570E-02   1.96686077       1.89402974    
   43.9500008       7.46684819E-02   1.99895704       1.92428851    
   44.1000023       7.48131424E-02   1.98616147       1.91134834    
   44.2500000       7.32992887E-02   1.92876220       1.85546291    
   44.4000015       7.01971129E-02   1.82804525       1.75784814    
   44.5500031       6.56103864E-02   1.68627346       1.62066305    
   44.7000008       5.96734397E-02   1.50663590       1.44696248    
   44.8500023       5.25475033E-02   1.29315770       1.24061024    
   45.0000000       4.44165505E-02   1.05064392       1.00622737    
   45.1500015       3.54827233E-02  0.784528732      0.749046028    
   45.3000031       2.59614494E-02  0.500794232      0.474832773    
   45.4500008       1.60763934E-02  0.205820397      0.189743996    
   45.6000023       6.05432130E-03  -9.37832221E-02  -9.98375416E-02
   45.7500000      -3.87998857E-03 -0.391273141     -0.387393147    
   45.9000015      -1.35086719E-02 -0.679983377     -0.666474700    
   46.0500031      -2.26254463E-02 -0.953422308     -0.930796862    
   46.2000008      -3.10399197E-02  -1.20544291      -1.17440295    
   46.3500023      -3.85814495E-02  -1.43039799      -1.39181650    
   46.5000000      -4.51024845E-02  -1.62322438      -1.57812190    
   46.6500015      -5.04813194E-02  -1.77960122      -1.72911990    
   46.8000031      -5.46242073E-02  -1.89601123      -1.84138703    
   46.9500008      -5.74668311E-02  -1.96983874      -1.91237187    
   47.1000023      -5.89750558E-02  -1.99942946      -1.94045436    
   47.2500000      -5.91450371E-02  -1.98411727      -1.92497218    
   47.4000015      -5.80026172E-02  -1.92424548      -1.86624289    
   47.5500031      -5.56021072E-02  -1.82115829      -1.76555622    
   47.7000008      -5.20244539E-02  -1.67717516      -1.62515068    
   47.8500023      -4.73748557E-02  -1.49552250      -1.44814765    
   48.0000000      -4.17799093E-02  -1.28028870      -1.23850882    
   48.1500015      -3.53843197E-02  -1.03629673      -1.00091243    
   48.3000031      -2.83473078E-02 -0.769031286     -0.740683973    
   48.4500008      -2.08387673E-02 -0.484502167     -0.463663399    
   48.6000023      -1.30352601E-02 -0.189084858     -0.176049590    
   48.7500038      -5.11597376E-03  0.110578954      0.115694925    
   48.9000015       2.74130888E-03  0.407751888      0.405010581    
   49.0500031       1.03641097E-02  0.695775032      0.685410917    
   49.2000008       1.75889544E-02  0.968165576      0.950576603    
   49.3500023       2.42647901E-02   1.21881986       1.19455504    
   49.5000038       3.02560534E-02   1.44210160       1.41184556    
   49.6500015       3.54453251E-02   1.63299179       1.59754646    
   49.8000031       3.97355333E-02   1.78721297       1.74747741    
   49.9500008       4.30516414E-02   1.90129411       1.85824251    
   50.1000023       4.53418270E-02   1.97267878       1.92733693    
   50.2500038       4.65781167E-02   1.99976039       1.95318222    
   50.4000015       4.67564687E-02   1.98193192       1.93517542    
   50.5500031       4.58963439E-02   1.91959262       1.87369633    
   50.7000008       4.40397486E-02   1.81414580       1.77010608    
   50.8500023       4.12498042E-02   1.66795433       1.62670457    
   51.0000038       3.76088917E-02   1.48430324       1.44669437    
   51.1500015       3.32163945E-02   1.26732326       1.23410690    
   51.3000031       2.81861275E-02   1.02187622      0.993690073    
   51.4500008       2.26435009E-02  0.753486574      0.730843067    
   51.6000023       1.67224854E-02  0.468168408      0.451445937    
   51.7500038       1.05624609E-02  0.172335953      0.161773488    
   51.9000015       4.30501020E-03 -0.127359256     -0.131664261    
   52.0500031      -1.90925924E-03 -0.424201787     -0.422292531    
   52.2000008      -7.94380531E-03 -0.711510360     -0.703566551    
   52.3500023      -1.36690829E-02 -0.982847035     -0.969177961    
   52.5000038      -1.89652592E-02  -1.23211062      -1.21314538    
   52.6500015      -2.37246417E-02  -1.45369792      -1.42997324    
   52.8000031      -2.78538018E-02  -1.64264369      -1.61478984    
   52.9500008      -3.12753208E-02  -1.79469502      -1.76341975    
   53.1000023      -3.39291468E-02  -1.90644491      -1.87251580    
   53.2500038      -3.57735492E-02  -1.97537935      -1.93960583    
   53.4000015      -3.67856212E-02  -1.99994993      -1.96316433    
   53.5500031      -3.69613878E-02  -1.97960639      -1.94264495    
   53.7000008      -3.63154598E-02  -1.91480637      -1.87849092    
   53.8500023      -3.48803066E-02  -1.80700195      -1.77212167    
   54.0000038      -3.27051431E-02  -1.65861535      -1.62591016    
   54.1500015      -2.98544671E-02  -1.47298431      -1.44312990    
   54.3000031      -2.64062993E-02  -1.25426817      -1.22786188    
   54.4500008      -2.24501491E-02  -1.00739002     -0.984939873    
   54.6000023      -1.80847906E-02 -0.737881541     -0.719796777    
   54.7500038      -1.34158647E-02 -0.451801568     -0.438385695    
   54.9000015      -8.55339132E-03 -0.155582473     -0.147029087    
   55.0500031      -3.60923959E-03  0.144138157      0.147747397    
   55.2000008       1.30539015E-03  0.440614253      0.439308852    
   55.3500023       6.08240999E-03  0.727202535      0.721120119    
   55.5000038       1.06191672E-02  0.997459054      0.986839890    
   55.6500015       1.48205981E-02   1.24530840       1.23048782    
   55.8000031       1.86011605E-02   1.46519685       1.44659567    
   55.9500008       2.18865164E-02   1.65217507       1.63028860    
   56.1000023       2.46149302E-02   1.80205357       1.77743864    
   56.2500038       2.67383531E-02   1.91146088       1.88472247    
   56.4000015       2.82231886E-02   1.97793901       1.94971585    
   56.5500031       2.90507097E-02   1.99999821       1.97094750    
   56.7000008       2.92171482E-02   1.97714198       1.94792485    
   56.8500023       2.87334472E-02   1.90988255       1.88114905    
   57.0000038       2.76246909E-02   1.79973030       1.77210557    
   57.1500015       2.59292405E-02   1.64916360       1.62323439    
   57.3000031       2.36975905E-02   1.46155608       1.43785846    
   57.4500008       2.09909789E-02   1.24113047       1.22013950    
   57.6000023       1.78798009E-02  0.992826045      0.974946260    
   57.7500038       1.44418441E-02  0.722224355      0.707782507    
   57.9000015       1.07604060E-02  0.435410231      0.424649835    
   58.0500031       6.92232884E-03  0.138810396      0.131888062    
   58.2000008       3.01599875E-03 -0.160899282     -0.163915277    
   58.3500023      -8.70643184E-04 -0.457003027     -0.456132382    
   58.5000038      -4.65203635E-03 -0.742843270     -0.738191247    
   58.6500015      -8.24684277E-03  -1.01199389      -1.00374699    
   58.8000031      -1.15796514E-02  -1.25842404      -1.24684441    
   58.9500008      -1.45825166E-02  -1.47658694      -1.46200442    
   59.1000023      -1.71962976E-02  -1.66159403      -1.64439774    
   59.2500038      -1.93717685E-02  -1.80928469      -1.78991294    
   59.4000015      -2.10704915E-02  -1.91633964      -1.89526916    
   59.5500031      -2.22654287E-02  -1.98036015      -1.95809472    
   59.7000008      -2.29412857E-02  -1.99990511      -1.97696388    
   59.8500023      -2.30945926E-02  -1.97453678      -1.95144224    
   60.0000038      -2.27335189E-02  -1.90482366      -1.88209009    
   60.1500015      -2.18774322E-02  -1.79233479      -1.77045739    
   60.3000031      -2.05562245E-02  -1.63959086      -1.61903465    
   60.4500008      -1.88094210E-02  -1.45002973      -1.43122029    
   60.6000023      -1.66850854E-02  -1.22789907      -1.21121395    
   60.7500038      -1.42385727E-02 -0.978191853     -0.963953257    
   60.9000015      -1.15311425E-02 -0.706523240     -0.694992125    
   61.0500031      -8.62847175E-03 -0.418980658     -0.410352200    
   61.2000008      -5.59910387E-03 -0.122036107     -0.116437003    
   61.3500023      -2.51286966E-03  0.177656621      0.180169493    
   61.5000038       5.60687156E-04  0.473359495      0.472798795    
   61.6500015       3.55384150E-03  0.758424461      0.754870594    
   61.8000031       6.40214514E-03   1.02646387       1.02006173    
   61.9500008       9.04578157E-03   1.27144480       1.26239896    
   62.1000023       1.14307860E-02   1.48787785       1.47644711    
   62.2500038       1.35101099E-02   1.67089558       1.65738547    
   62.4000015       1.52445082E-02   1.81638467       1.80114019    
   62.5500031       1.66032370E-02   1.92108512       1.90448189    
   62.7000008       1.75645445E-02   1.98264015       1.96507561    
   62.8500023       1.81159507E-02   1.99967062       1.98155463    
   63.0000038       1.82543267E-02   1.97179186       1.95353758    
   63.1500015       1.79857463E-02   1.89963245       1.88164675    
   63.3000031       1.73251554E-02   1.78480923       1.76748407    
   63.4500008       1.62958428E-02   1.62990665       1.61361086    
   63.6000023       1.49287414E-02   1.43839562       1.42346692    
   63.7500038       1.32615715E-02   1.21458077       1.20131922    
   63.9000015       1.13378596E-02  0.963495135      0.952157259    
   64.0500031       9.20584518E-03  0.690765023      0.681559205    
   64.2000046       6.91730948E-03  0.402521461      0.395604163    
   64.3500061       4.52635158E-03  0.105237968      0.100711614    
   64.5000000       2.08813883E-03 -0.194393814     -0.196481958    
   64.6500015      -3.42334853E-04 -0.489675075     -0.489332736    
   64.8000031      -2.71146442E-03 -0.773959041     -0.771247566    
   64.9500046      -4.96818777E-03  -1.04086125      -1.03589308    
   65.1000061      -7.06505915E-03  -1.28438747      -1.27732241    
   65.2500000      -8.95921979E-03  -1.49905837      -1.49009919    
   65.4000015      -1.06132440E-02  -1.68007481      -1.66946161    
   65.5500031      -1.19958483E-02  -1.82335949      -1.81136370    
   65.7000046      -1.30824456E-02  -1.92569470      -1.91261220    
   65.8500061      -1.38555421E-02  -1.98478198      -1.97092640    
   66.0000000      -1.43049676E-02  -1.99929488      -1.98498988    
   66.1500015      -1.44279394E-02  -1.96890891      -1.95448101    
   66.3000031      -1.42289586E-02  -1.89430463      -1.88007569    
   66.4500046      -1.37195503E-02  -1.77715743      -1.76343787    
   66.6000061      -1.29178539E-02  -1.62009835      -1.60718048    
   66.7500000      -1.18480735E-02  -1.42666519      -1.41481709    
   66.9000015      -1.05398102E-02  -1.20118272      -1.19064295    
   67.0500031      -9.02728643E-03 -0.948723733     -0.939696431    
   67.2000046      -7.34848669E-03 -0.674957991     -0.667609513    
   67.3500061      -5.54423500E-03 -0.386033803     -0.380489558    
   67.5000000      -3.65722738E-03  -8.84552449E-02  -8.47980157E-02
   67.6500015      -1.73104671E-03  0.211124852      0.212855905    
   67.8000031       1.90821942E-04  0.505963445      0.505772650    
   67.9500046       2.06595054E-03  0.789438963      0.787373006    
   68.1000061       3.85388453E-03   1.05518508       1.05133116    
   68.2500000       5.51699288E-03   1.29722178       1.29170477    
   68.4000015       7.02123903E-03   1.51013815       1.50311697    
   68.5500031       8.33685510E-03   1.68913937       1.68080246    
   68.7000046       9.43890400E-03   1.83020544       1.82076657    
   68.8500061       1.03077274E-02   1.93016815       1.91986048    
   69.0000000       1.09292613E-02   1.98678076       1.97585154    
   69.1500015       1.12952245E-02   1.99877775       1.98748255    
   69.3000031       1.14031741E-02   1.96588552       1.95448232    
   69.4500046       1.12564294E-02   1.88884282       1.87758636    
   69.6000061       1.08638713E-02   1.76937997       1.75851607    
   69.7500000       1.02396244E-02   1.61018896       1.59994936    
   69.9000015       9.40262619E-03   1.41482866       1.40542603    
   70.0500031       8.37610289E-03   1.18769372       1.17931759    
   70.2000046       7.18696043E-03  0.933885157      0.926698208    
   70.3500061       5.86510729E-03  0.659103215      0.653238118    
   70.5000000       4.44272626E-03  0.369533867      0.365091145    
   70.6500015       2.95351353E-03   7.16510266E-02   6.86975121E-02
   70.8000031       1.43189740E-03 -0.227840975     -0.229272872    
   70.9500046      -8.77378043E-05 -0.522216082     -0.522128344    
   71.1000061      -1.57181267E-03 -0.804863036     -0.803291202    
   71.2500000      -2.98827724E-03  -1.06942129      -1.06643307    
   71.4000015      -4.30728681E-03  -1.30997610      -1.30566883    
   71.5500031      -5.50181279E-03  -1.52111113      -1.51560926    
   71.7000046      -6.54817931E-03  -1.69808459      -1.69153643    
   71.8500061      -7.42651196E-03  -1.83692181      -1.82949531    
   72.0000000      -8.12109467E-03  -1.93450117      -1.92638004    
   72.1500015      -8.62062350E-03  -1.98864090      -1.98002028    
   72.3000031      -8.91836174E-03  -1.99811912      -1.98920071    
   72.4500046      -9.01218597E-03  -1.96272302      -1.95371079    
   72.6000061      -8.90453067E-03  -1.88324749      -1.87434292    
   72.7500000      -8.60223640E-03  -1.76148462      -1.75288236    
   72.9000015      -8.11629649E-03  -1.60015678      -1.59204054    
   73.0500031      -7.46152643E-03  -1.40289199      -1.39543045    
   73.2000046      -6.65614847E-03  -1.17412066      -1.16746449    
   73.3500061      -5.72131434E-03 -0.918980598     -0.913259268    
   73.5000000      -4.68057208E-03 -0.643216252     -0.638535678    
   73.6500015      -3.55929229E-03 -0.352992803     -0.349433511    
   73.8000031      -2.38406612E-03  -5.48417419E-02  -5.24576753E-02
   73.9500046      -1.18208968E-03  0.244540989      0.245723084    
   74.1000061       1.94500899E-05  0.538431704      0.538412273    
   74.2500000       1.19397778E-03  0.820216298      0.819022298    
   74.4000015       2.31610332E-03   1.08359492       1.08127880    
   74.5500031       3.36215785E-03   1.32263780       1.31927562    
   74.7000046       4.31067916E-03   1.53197646       1.52766573    
   74.8500061       5.14283869E-03   1.70690966       1.70176685    
   75.0000000       5.84279792E-03   1.84350252       1.83765972    
   75.1500015       6.39799424E-03   1.93870151       1.93230355    
   75.3000031       6.79934584E-03   1.99036050       1.98356116    
   75.4500046       7.04137655E-03   1.99731934       1.99027801    
   75.6000061       7.12225540E-03   1.95942187       1.95229959    
   75.7500000       7.04375841E-03   1.87752426       1.87048054    
   75.9000015       6.81114802E-03   1.75345767       1.74664652    
   76.0500031       6.43298030E-03   1.59001136       1.58357835    
   76.2000046       5.92084322E-03   1.39085615       1.38493526    
   76.3500061       5.28903166E-03   1.16046464       1.15517557    
   76.5000000       4.55417298E-03  0.904024661      0.899470508    
   76.6500015       3.73480609E-03  0.627269447      0.623534620    
   76.8000031       2.85092997E-03  0.336426795      0.333575875    
   76.9500046       1.92352838E-03   3.80285792E-02   3.61050516E-02
   77.1000061       9.74083960E-04 -0.261223704     -0.262197793    
   77.2500000       2.40917434E-05 -0.554594696     -0.554618776    
   77.4000015      -9.05416789E-04 -0.835525513     -0.834620118    
   77.5500031      -1.79432845E-03  -1.09769189      -1.09589756    
   77.7000046      -2.62387330E-03  -1.33520591      -1.33258200    
   77.8500061      -3.37701035E-03  -1.54273355      -1.53935659    
   78.0000000      -4.03876603E-03  -1.71560621      -1.71156740    
   78.1500015      -4.59652022E-03  -1.84995890      -1.84536242    
   78.3000031      -5.04023256E-03  -1.94276464      -1.93772435    
   78.4500046      -5.36260847E-03  -1.99193931      -1.98657668    
   78.6000061      -5.55919949E-03  -1.99637830      -1.99081910    
   78.7500000      -5.62843867E-03  -1.95598519      -1.95035672    
   78.9000015      -5.57161169E-03  -1.87166309      -1.86609149    
   79.0500031      -5.39276423E-03  -1.74530673      -1.73991394    
   79.2000046      -5.09855337E-03  -1.57975364      -1.57465506    
   79.3500061      -4.69804136E-03  -1.37872195      -1.37402391    
   79.5000000      -4.20244131E-03  -1.14673901      -1.14253652    
   79.6500015      -3.62482201E-03 -0.888991296     -0.885366499    
   79.8000031      -2.97977892E-03 -0.611278296     -0.608298540    
   79.9500046      -2.28307582E-03 -0.319837004     -0.317553937    
   80.1000061      -1.55127072E-03  -2.12127287E-02  -1.96614582E-02
   80.2500000      -8.01332120E-04  0.277872831      0.278674155    
   80.4000015      -5.02542825E-05  0.570733070      0.570783317    
   80.5500031       6.85319246E-04  0.850775659      0.850090325    
   80.7000046       1.38945621E-03   1.11171126       1.11032176    
   80.8500061       2.04727240E-03   1.34767973       1.34563243    
   81.0000000       2.64523784E-03   1.55337191       1.55072665    
   81.1500015       3.17144603E-03   1.72418940       1.72101796    
   81.3000031       3.61584150E-03   1.85628450       1.85266864    
   81.4500046       3.97040136E-03   1.94669056       1.94272017    
   81.6000061       4.22926852E-03   1.99337721       1.98914790    
   81.7500000       4.38883202E-03   1.99529707       1.99090827    
   81.9000015       4.44775820E-03   1.95240724       1.94795942    
   82.0500031       4.40696999E-03   1.86566973       1.86126280    
   82.2000046       4.26957570E-03   1.73703229       1.73276269    
   82.3500061       4.04075254E-03   1.56938410       1.56534338    
   82.5000000       3.72758601E-03   1.36650145       1.36277390    
   82.6500015       3.33887129E-03   1.13291991       1.12958109    
   82.8000031       2.88488064E-03  0.873894989      0.871010125    
   82.9500046       2.37710285E-03  0.595243871      0.592866778    
   83.1000061       1.82796293E-03  0.303224593      0.301396638    
   83.2500000       1.25052640E-03   4.41063661E-03   3.16011021E-03
   83.4000015       6.58195466E-04 -0.294517457     -0.295175642    
   83.5500031       6.44054962E-05 -0.586831152     -0.586895585    
   83.7000046      -5.17672976E-04 -0.865965664     -0.865447998    
   83.8500061      -1.07542006E-03  -1.12565207      -1.12457669    
   84.0000000      -1.59703335E-03  -1.36004698      -1.35844994    
   84.1500015      -2.07177084E-03  -1.56391025      -1.56183851    
   84.3000031      -2.49016588E-03  -1.73265064      -1.73016047    
   84.4500046      -2.84420745E-03  -1.86247873      -1.85963452    
   84.6000061      -3.12748551E-03  -1.95047867      -1.94735122    
   84.7500000      -3.33529804E-03  -1.99467313      -1.99133778    
   84.9000015      -3.46471649E-03  -1.99407399      -1.99060929    
   85.0500031      -3.51461163E-03  -1.94869125      -1.94517660    
   85.2000046      -3.48563865E-03  -1.85954428      -1.85605860    
   85.3500061      -3.38018360E-03  -1.72863507      -1.72525489    
   85.5000000      -3.20227165E-03  -1.55891323      -1.55571091    
   85.6500015      -2.95744231E-03  -1.35417318      -1.35121572    
   85.8000031      -2.65259319E-03  -1.11902070      -1.11636806    
   85.9500046      -2.29579699E-03 -0.858736932     -0.856441140    
   86.1000061      -1.89609756E-03 -0.579167366     -0.577271283    
   86.2500000      -1.46328786E-03 -0.286605835     -0.285142541    
   86.4000015      -1.00767659E-03   1.24070244E-02   1.34147014E-02
   86.5500031      -5.39849047E-04  0.311141223      0.311681062    
   86.7000046      -7.04266422E-05  0.602887750      0.602958202    
   86.8500061       3.90168920E-04  0.881094396      0.880704224    
   87.0000000       8.31941783E-04   1.13950062       1.13866866    
   87.1500015       1.24553381E-03   1.37232935       1.37108386    
   87.3000031       1.62241713E-03   1.57433784       1.57271540    
   87.4500046       1.95506518E-03   1.74098945       1.73903441    
   87.6000061       2.23709620E-03   1.86854136       1.86630428    
   87.7500000       2.46338989E-03   1.95412576       1.95166242    
   87.9000015       2.63017253E-03   1.99582922       1.99319911    
   88.0500031       2.73507019E-03   1.99270976       1.98997474    
   88.2000046       2.77713127E-03   1.94483745       1.94206035    
   88.3500061       2.75681494E-03   1.85328734       1.85053051    
   88.5000000       2.67595099E-03   1.72012341       1.71744740    
   88.6500015       2.53766798E-03   1.54832268       1.54578495    
   88.8000031       2.34629586E-03   1.34174919       1.33940291    
   88.9500046       2.10724352E-03   1.10504234       1.10293508    
   89.1000061       1.82685489E-03  0.843518138      0.841691256    
   89.2500000       1.51224853E-03  0.563064575      0.561552346    
   89.4000015       1.17114233E-03  0.269951731      0.268780589    
   89.5500031       8.11669743E-04  -2.92238090E-02  -3.00354790E-02
   89.7000046       4.42190823E-04 -0.327743024     -0.328185201    
   89.8500061       7.11020839E-05 -0.618901670     -0.618972778    
   90.0000000      -2.93350196E-04 -0.896147251     -0.895853877    
   90.1500015      -6.43249019E-04  -1.15328133      -1.15263808    
   90.3000031      -9.71174450E-04  -1.38451469      -1.38354349    
   90.4500046      -1.27035705E-03  -1.58465421      -1.58338380    
   90.6000061      -1.53481285E-03  -1.74920511      -1.74767029    
   90.7500000      -1.75945892E-03  -1.87446654      -1.87270713    
   90.9000015      -1.94020534E-03  -1.95763791      -1.95569766    
   91.0500031      -2.07402417E-03  -1.99684417      -1.99477017    
   91.2000046      -2.15899269E-03  -1.99120474      -1.98904574    
   91.3500061      -2.19431170E-03  -1.94084609      -1.93865180    
   91.5000000      -2.18029809E-03  -1.84690535      -1.84472501    
   91.6500015      -2.11835327E-03  -1.71148252      -1.70936418    
   91.8000031      -2.01090821E-03  -1.53762269      -1.53561175    
   91.9500046      -1.86134689E-03  -1.32923043      -1.32736909    
   92.1000061      -1.67391030E-03  -1.09098589      -1.08931196    
   92.2500000      -1.45358359E-03 -0.828253627     -0.826800048    
   92.4000015      -1.20596914E-03 -0.546907365     -0.545701385    
   92.5500031      -9.37149511E-04 -0.253278524     -0.252341360    
   92.7000046      -6.53541705E-04   4.60385270E-02   4.66920696E-02
   92.8500061      -3.61747952E-04  0.344321638      0.344683379    
   93.0000000      -6.84055558E-05  0.634857416      0.634925842    
   93.1500015       2.19960697E-04  0.911150396      0.910930455    
   93.3000031       4.97080502E-04   1.16698050       1.16648340    
   93.4500046       7.57071190E-04   1.39660215       1.39584506    
   93.6000061       9.94559145E-04   1.59485853       1.59386396    
   93.7500000       1.20478752E-03   1.75728977       1.75608504    
   93.9000015       1.38370798E-03   1.88026452       1.87888086    
   94.0500031       1.52805424E-03   1.96101177       1.95948374    
   94.2000046       1.63539744E-03   1.99771798       1.99608254    
   94.3500061       1.70418108E-03   1.98955882       1.98785460    
   94.5000000       1.73373637E-03   1.93672144       1.93498766    
   94.6500015       1.72427727E-03   1.84038699       1.83866274    
   94.8000031       1.67687610E-03   1.70272052       1.70104361    
   94.9500046       1.59342110E-03   1.52681386       1.52522039    
   95.1000061       1.47655641E-03   1.31661761       1.31514108    
   95.2500000       1.32960686E-03   1.07686520       1.07553554    
   95.4000015       1.15648948E-03  0.812916696      0.811760187    
   95.5500031       9.61613609E-04  0.530711532      0.529749930    
   95.7000046       7.49772415E-04  0.236587435      0.235837668    
   95.8500061       5.26028336E-04  -6.28499910E-02  -6.33760169E-02
   96.0000000       2.95595324E-04 -0.360860884     -0.361156493    
   96.1500015       6.37198682E-05 -0.650782764     -0.650846481    
   96.3000031      -1.64435653E-04 -0.926089108     -0.925924659    
   96.4500046      -3.83905368E-04  -1.18059707      -1.18021321    
   96.6000061      -5.90025447E-04  -1.40859079      -1.40800083    
   96.7500076      -7.78530608E-04  -1.60495007      -1.60417151    
   96.9000015      -9.45639680E-04  -1.76525772      -1.76431203    
   97.0500031      -1.08812866E-03  -1.88592970      -1.88484156    
   97.2000046      -1.20338937E-03  -1.96424687      -1.96304345    
   97.3500061      -1.28947408E-03  -1.99845052      -1.99716103    
   97.5000076      -1.34512340E-03  -1.98777235      -1.98642719    
   97.6500015      -1.36977946E-03  -1.93245602      -1.93108618    
   97.8000031      -1.36358233E-03  -1.83373845      -1.83237481    
   97.9500046      -1.32735178E-03  -1.69383812      -1.69251072    
   98.1000061      -1.26255385E-03  -1.51589715      -1.51463461    
   98.2500076      -1.17125420E-03  -1.30391169      -1.30274045    
   98.4000015      -1.05605926E-03  -1.06265545      -1.06159937    
   98.5500031      -9.20046470E-04 -0.797522306     -0.796602249    
   98.7000046      -7.66685815E-04 -0.514478087     -0.513711393    
   98.8500061      -5.99754276E-04 -0.219879597     -0.219279841    
   99.0000076      -4.23245656E-04   7.96570107E-02   8.00802559E-02
   99.1500015      -2.41277245E-04  0.377389669      0.377630949    
   99.3000031      -5.79960470E-05  0.666662037      0.666720033    
   99.4500046       1.22513622E-04  0.940962315      0.940839827    
   99.6000061       2.96319078E-04   1.19413018       1.19383383    
   99.7500076       4.59723116E-04   1.42047989       1.42002022    
   99.9000015       6.09340321E-04   1.61491907       1.61430967    
