  0.100000001       1.97019947       1.99000835       1.98088884E-02
  0.200000003       1.92114151       1.96013319       3.89916897E-02
  0.300000012       1.85350513       1.91067302       5.71678877E-02
  0.400000006       1.76814687       1.84212196       7.39750862E-02
  0.500000000       1.66609073       1.75516510       8.90743732E-02
  0.600000024       1.54851627       1.65067124      0.102154970    
  0.699999988       1.41674519       1.52968442      0.112939239    
  0.800000012       1.27222705       1.39341342      0.121186376    
  0.900000036       1.11652327       1.24321985      0.126696587    
   1.00000000      0.951290846       1.08060455      0.129313707    
   1.10000002      0.778264821      0.907192171      0.128927350    
   1.20000005      0.599240243      0.724715412      0.125475168    
   1.30000007      0.416053832      0.534997523      0.118943691    
   1.39999998      0.230565280      0.339934319      0.109369040    
   1.50000000       4.46385592E-02  0.141474396       9.68358368E-02
   1.60000002     -0.139876589      -5.83990924E-02   8.14774930E-02
   1.70000005     -0.321162909     -0.257689089       6.34738207E-02
   1.80000007     -0.497453272     -0.454404324       4.30489480E-02
   1.89999998     -0.667047799     -0.646579087       2.04687119E-02
   2.00000000     -0.828329980     -0.832293689      -3.96370888E-03
   2.10000014     -0.979781985      -1.00969243      -2.99104452E-02
   2.20000005      -1.11999869      -1.17700231      -5.70036173E-02
   2.29999995      -1.24770045      -1.33255196      -8.48515034E-02
   2.40000010      -1.36174464      -1.47478759     -0.113042951    
   2.50000000      -1.46113563      -1.60228717     -0.141151547    
   2.60000014      -1.54503298      -1.71377766     -0.168744683    
   2.70000005      -1.61275864      -1.80814433     -0.195385695    
   2.79999995      -1.66380167      -1.88444459     -0.220642924    
   2.90000010      -1.69782197      -1.94191635     -0.244094372    
   3.00000000      -1.71465158      -1.97998500     -0.265333414    
   3.10000014      -1.71429491      -1.99827027     -0.283975363    
   3.20000005      -1.69692707      -1.99658954     -0.299662471    
   3.29999995      -1.66289008      -1.97495961     -0.312069535    
   3.40000010      -1.61268795      -1.93359637     -0.320908427    
   3.50000000      -1.54698026      -1.87291336     -0.325933099    
   3.60000014      -1.46657383      -1.79351676     -0.326942921    
   3.70000005      -1.37241340      -1.69620001     -0.323786616    
   3.79999995      -1.26557064      -1.58193552     -0.316364884    
   3.90000010      -1.14723253      -1.45186448     -0.304631948    
   4.00000000      -1.01868820      -1.30728722     -0.288599014    
   4.09999990     -0.881315410      -1.14964807     -0.268332660    
   4.20000029     -0.736565590     -0.980521142     -0.243955553    
   4.30000019     -0.585949063     -0.801598012     -0.215648949    
   4.40000010     -0.431019247     -0.614665568     -0.183646321    
   4.50000000     -0.273356915     -0.421591610     -0.148234695    
   4.59999990     -0.114554107     -0.224305242     -0.109751135    
   4.70000029       4.38016206E-02  -2.47767549E-02  -6.85783774E-02
   4.80000019      0.200143009      0.174998343      -2.51446664E-02
   4.90000010      0.352938414      0.373024940       2.00865269E-02
   5.00000000      0.500706673      0.567324400       6.66177273E-02
   5.09999990      0.642031312      0.755955338      0.113924026    
   5.20000029      0.775573909      0.937033832      0.161459923    
   5.30000019      0.900086641       1.10874903      0.208662391    
   5.40000010       1.01442385       1.26938593      0.254962087    
   5.50000000       1.11755204       1.41733956      0.299787521    
   5.59999990       1.20855963       1.55113161      0.342571974    
   5.70000029       1.28666413       1.66942585      0.382761717    
   5.80000019       1.35121906       1.77103925      0.419820189    
   5.90000010       1.40171885       1.85495698      0.453238130    
   6.00000000       1.43780255       1.92034054      0.482537985    
   6.09999990       1.45925570       1.96653688      0.507281184    
   6.20000029       1.46601140       1.99308419      0.527072787    
   6.30000019       1.45814919       1.99971724      0.541568041    
   6.40000010       1.43589294       1.98636985      0.550476909    
   6.50000000       1.39960706       1.95317531      0.553568244    
   6.59999990       1.34979165       1.90046525      0.550673604    
   6.70000029       1.28707612       1.82876611      0.541689992    
   6.80000019       1.21221161       1.73879480      0.526583195    
   6.90000010       1.12606239       1.63145006      0.505387664    
   7.00000000       1.02959609       1.50780451      0.478208423    
   7.09999990      0.923873067       1.36909342      0.445220351    
   7.20000029      0.810034931       1.21670222      0.406667292    
   7.30000019      0.689292550       1.05215466      0.362862110    
   7.40000010      0.562913179      0.877094507      0.314181328    
   7.50000000      0.432207346      0.693270624      0.261063278    
   7.59999990      0.298515558      0.502519846      0.204004288    
   7.70000029      0.163194507      0.306747168      0.143552661    
   7.80000019       2.76035368E-02  0.107910462       8.03069249E-02
   7.90000010     -0.106908888      -9.20044407E-02   1.49044469E-02
   8.00000000     -0.239018455     -0.291000068      -5.19816130E-02
   8.10000038     -0.367437899     -0.487089038     -0.119651139    
   8.19999981     -0.490929455     -0.678309381     -0.187379926    
   8.30000019     -0.608316600     -0.862754047     -0.254437447    
   8.40000057     -0.718495131      -1.03857827     -0.320083141    
   8.50000000     -0.820443392      -1.20402384     -0.383580446    
   8.60000038     -0.913231611      -1.35744071     -0.444209099    
   8.69999981     -0.996030211      -1.49729300     -0.501262784    
   8.80000019      -1.06811702      -1.62218630     -0.554069281    
   8.90000057      -1.12888348      -1.73087096     -0.601987481    
   9.00000000      -1.17783928      -1.82226050     -0.644421220    
   9.10000038      -1.21461642      -1.89544344     -0.680827022    
   9.19999981      -1.23897135      -1.94968712     -0.710715771    
   9.30000019      -1.25078619      -1.98445070     -0.733664513    
   9.40000057      -1.25006890      -1.99938607     -0.749317169    
   9.50000000      -1.23695147      -1.99434435     -0.757392883    
   9.60000038      -1.21168780      -1.96937561     -0.757687807    
   9.69999981      -1.17464983      -1.92472982     -0.750079989    
   9.80000019      -1.12632263      -1.86085236     -0.734529734    
   9.90000057      -1.06729853      -1.77838182     -0.711083293    
   10.0000000     -0.998269975      -1.67814302     -0.679873049    
   10.1000004     -0.920021892      -1.56113589     -0.641113997    
   10.1999998     -0.833422840      -1.42853153     -0.595108688    
   10.3000002     -0.739415705      -1.28165257     -0.542236865    
   10.4000006     -0.639007390      -1.12196755     -0.482960165    
   10.5000000     -0.533258379     -0.951073885     -0.417815506    
   10.6000004     -0.423271477     -0.770675659     -0.347404182    
   10.6999998     -0.310180604     -0.582578957     -0.272398353    
   10.8000002     -0.195139199     -0.388659447     -0.193520248    
   10.9000006      -7.93085173E-02 -0.190856561     -0.111548044    
   11.0000000       3.61539051E-02   8.85139592E-03  -2.73025092E-02
   11.1000004      0.150105760      0.208472818       5.83670586E-02
   11.1999998      0.261431098      0.406009346      0.144578248    
   11.3000002      0.369051218      0.599491060      0.230439842    
   11.4000006      0.471934885      0.786982775      0.315047890    
   11.5000000      0.569108248      0.966609538      0.397501290    
   11.6000004      0.659663737       1.13657987      0.476916134    
   11.6999998      0.742768586       1.29519236      0.552423775    
   11.8000002      0.817672312       1.44086528      0.623192966    
   11.9000006      0.883713305       1.57214129      0.688427985    
   12.0000000      0.940324426       1.68770790      0.747383475    
   12.1000004      0.987037897       1.78641260      0.799374700    
   12.1999998       1.02348876       1.86726713      0.843778372    
   12.3000002       1.04941773       1.92946529      0.880047560    
   12.4000006       1.06467235       1.97238481      0.907712460    
   12.5000000       1.06920767       1.99559653      0.926388860    
   12.6000004       1.06308556       1.99886918      0.935783625    
   12.6999998       1.04647315       1.98216975      0.935696602    
   12.8000002       1.01963985       1.94566500      0.926025152    
   12.9000006      0.982954085       1.88971972      0.906765640    
   13.0000000      0.936878204       1.81489360      0.878015399    
   13.1000004      0.881963134       1.72193289      0.839969754    
   13.1999998      0.818842173       1.61176813      0.792925954    
   13.3000002      0.748223603       1.48549807      0.737274468    
   13.4000006      0.670883179       1.34438527      0.673502088    
   13.5000000      0.587655544       1.18984127      0.602185726    
   13.6000004      0.499425471       1.02340734      0.523981869    
   13.6999998      0.407118559      0.846749425      0.439630866    
   13.8000002      0.311691642      0.661629379      0.349937737    
   13.9000006      0.214123011      0.469898522      0.255775511    
   14.0000000      0.115402393      0.273474425      0.158072025    
   14.1000004       1.65211111E-02   7.43160099E-02   5.77948987E-02
   14.1999998      -8.15378055E-02 -0.125583068      -4.40452620E-02
   14.3000002     -0.177809298     -0.324229240     -0.146419942    
   14.4000006     -0.271355689     -0.519635797     -0.248280108    
   14.5000000     -0.361275673     -0.709848523     -0.348572850    
   14.6000004     -0.446712971     -0.892970443     -0.446257472    
   14.6999998     -0.526864290      -1.06716847     -0.540304184    
   14.8000002     -0.600986838      -1.23070526     -0.629718423    
   14.9000006     -0.668405056      -1.38194513     -0.713540077    
   15.0000000     -0.728516698      -1.51937580     -0.790859103    
   15.1000004     -0.780798018      -1.64162660     -0.860828578    
   15.1999998     -0.824808180      -1.74747384     -0.922665656    
   15.3000002     -0.860192955      -1.83586168     -0.975668728    
   15.4000006     -0.886687100      -1.90590620      -1.01921916    
   15.5000000     -0.904116392      -1.95690691      -1.05279052    
   15.6000004     -0.912398219      -1.98835528      -1.07595706    
   15.6999998     -0.911541700      -1.99993658      -1.08839488    
   15.8000002     -0.901646435      -1.99153519      -1.08988881    
   15.9000006     -0.882900774      -1.96323490      -1.08033419    
   16.0000000     -0.855579138      -1.91531897      -1.05973983    
   16.1000004     -0.820038199      -1.84826529      -1.02822709    
   16.2000008     -0.776712656      -1.76274431     -0.986031651    
   16.3000011     -0.726110220      -1.65961027     -0.933500051    
   16.3999996     -0.668805718      -1.53989637     -0.871090651    
   16.5000000     -0.605434775      -1.40479410     -0.799359322    
   16.6000004     -0.536686897      -1.25565553     -0.718968630    
   16.7000008     -0.463297993      -1.09397066     -0.630672693    
   16.8000011     -0.386042804     -0.921355128     -0.535312295    
   16.8999996     -0.305726647     -0.739537239     -0.433810592    
   17.0000000     -0.223177254     -0.550326705     -0.327149451    
   17.1000004     -0.139236197     -0.355617404     -0.216381207    
   17.2000008      -5.47504947E-02 -0.157354861     -0.102604367    
   17.3000011       2.94358730E-02   4.24799062E-02   1.30440332E-02
   17.3999996      0.112490319      0.241886437      0.129396111    
   17.5000000      0.193599805      0.438879937      0.245280132    
   17.6000004      0.271978706      0.631488204      0.359509498    
   17.7000008      0.346876323      0.817786872      0.470910549    
   17.8000011      0.417584002      0.995914400      0.578330398    
   17.8999996      0.483441740       1.16408789      0.680646181    
   18.0000000      0.543844283       1.32063341      0.776789129    
   18.1000004      0.598246515       1.46398354      0.865737021    
   18.2000008      0.646168351       1.59270585      0.946537495    
   18.3000011      0.687198758       1.70551431       1.01831555    
   18.3999996      0.720999241       1.80128002       1.08028078    
   18.5000000      0.747306466       1.87904978       1.13174331    
   18.6000004      0.765934110       1.93804455       1.17211044    
   18.7000008      0.776773810       1.97767496       1.20090115    
   18.8000011      0.779795766       1.99754488       1.21774912    
   18.8999996      0.775047898       1.99745595       1.22240806    
   19.0000000      0.762654841       1.97740924       1.21475434    
   19.1000004      0.742815852       1.93760478       1.19478893    
   19.2000008      0.715802133       1.87844014       1.16263795    
   19.3000011      0.681953371       1.80050671       1.11855340    
   19.3999996      0.641673684       1.70458508       1.06291139    
   19.5000000      0.595427036       1.59162998      0.996202946    
   19.6000004      0.543731928       1.46277165      0.919039726    
   19.7000008      0.487155795       1.31929779      0.832141995    
   19.8000011      0.426308841       1.16264176      0.736332893    
   19.8999996      0.361837626      0.994372249      0.632534623    
   20.0000000      0.294418186      0.816164136      0.521745920    
   20.1000004      0.224749088      0.629801095      0.405052006    
   20.2000008      0.153544232      0.437145233      0.283600986    
   20.3000011       8.15256760E-02  0.240121558      0.158595890    
   20.3999996       9.41634178E-03   4.07024510E-02   3.12861092E-02
   20.5000000      -6.20671511E-02 -0.159127131      -9.70599800E-02
   20.6000004     -0.132221580     -0.357366771     -0.225145191    
   20.7000008     -0.200363874     -0.552035689     -0.351671815    
   20.8000011     -0.265837789     -0.741188765     -0.475350976    
   20.8999996     -0.328020096     -0.922932744     -0.594912648    
   21.0000000     -0.386326432      -1.09545851     -0.709132075    
   21.1000004     -0.440216780      -1.25703871     -0.816821933    
   21.2000008     -0.489200324      -1.40605903     -0.916858673    
   21.3000011     -0.532839835      -1.54103029      -1.00819039    
   21.3999996     -0.570755482      -1.66060174      -1.08984625    
   21.5000000     -0.602627993      -1.76358342      -1.16095543    
   21.6000004     -0.628201365      -1.84894383      -1.22074246    
   21.7000008     -0.647284567      -1.91583002      -1.26854539    
   21.8000011     -0.659752965      -1.96357381      -1.30382085    
   21.8999996     -0.665548742      -1.99169767      -1.32614899    
   22.0000000     -0.664681017      -1.99992168      -1.33524060    
   22.1000004     -0.657224774      -1.98816299      -1.33093822    
   22.2000008     -0.643319786      -1.95653903      -1.31321931    
   22.3000011     -0.623168409      -1.90536594      -1.28219748    
   22.3999996     -0.597032964      -1.83515644      -1.23812342    
   22.5000000     -0.565232515      -1.74660933      -1.18137681    
   22.6000004     -0.528139174      -1.64061046      -1.11247134    
   22.7000008     -0.486173928      -1.51821911      -1.03204513    
   22.8000011     -0.439801902      -1.38065815     -0.940856218    
   22.8999996     -0.389527291      -1.22930491     -0.839777589    
   23.0000000     -0.335888028      -1.06566608     -0.729778051    
   23.1000004     -0.279450029     -0.891379297     -0.611929297    
   23.2000008     -0.220801398     -0.708186150     -0.487384737    
   23.3000011     -0.160546273     -0.517916977     -0.357370704    
   23.3999996      -9.92987305E-02 -0.322476685     -0.223177955    
   23.5000000      -3.76765691E-02 -0.123810589      -8.61340165E-02
   23.6000004       2.37048604E-02   7.60925859E-02   5.23877256E-02
   23.7000008       8.42387304E-02  0.275235474      0.190996736    
   23.8000011      0.143332690      0.471628278      0.328295588    
   23.8999996      0.200414568      0.663305104      0.462890536    
   24.0000000      0.254937887      0.848358035      0.593420148    
   24.1000004      0.306387007       1.02493441      0.718547404    
   24.2000008      0.354281962       1.19126987      0.836987913    
   24.3000011      0.398182839       1.34570253      0.947519660    
   24.3999996      0.437693745       1.48668659       1.04899287    
   24.5000000      0.472466290       1.61281896       1.14035273    
   24.6000004      0.502202630       1.72283649       1.22063386    
   24.7000008      0.526657879       1.81563985       1.28898191    
   24.8000011      0.545641959       1.89030182       1.34465981    
   24.8999996      0.559021056       1.94607544       1.38705444    
   25.0000000      0.566718280       1.98240566       1.41568732    
   25.1000004      0.568713903       1.99892819       1.43021429    
   25.2000008      0.565044999       1.99547791       1.43043292    
   25.3000011      0.555804491       1.97208929       1.41628480    
   25.3999996      0.541139603       1.92899704       1.38785744    
   25.5000000      0.521250069       1.86663020       1.34538007    
   25.6000004      0.496385396       1.78561246       1.28922701    
   25.7000008      0.466841996       1.68675327       1.21991134    
   25.8000011      0.432959795       1.57104051       1.13808072    
   25.8999996      0.395118326       1.43963301       1.04451466    
   26.0000000      0.353732675       1.29383862      0.940105915    
   26.1000004      0.309248954       1.13511658      0.825867653    
   26.2000008      0.262139589      0.965052724      0.702913165    
   26.3000011      0.212898344      0.785346329      0.572448015    
   26.3999996      0.162035212      0.597796559      0.435761333    
   26.5000000      0.110071190      0.404270232      0.294199049    
   26.6000004       5.75330332E-02  0.206704572      0.149171531    
   26.7000008       4.94790822E-03   7.07357051E-03   2.12566229E-03
   26.8000011      -4.71617877E-02 -0.192628115     -0.145466328    
   26.8999996      -9.82835963E-02 -0.390401363     -0.292117774    
   27.0000000     -0.147919983     -0.584277630     -0.436357647    
   27.1000004     -0.195593104     -0.772315919     -0.576722801    
   27.2000008     -0.240849376     -0.952637434     -0.711788058    
   27.3000011     -0.283263713      -1.12344050     -0.840176821    
   27.3999996     -0.322443515      -1.28301537     -0.960571885    
   27.5000000     -0.358032167      -1.42977393      -1.07174182    
   27.6000004     -0.389712274      -1.56224656      -1.17253423    
   27.7000008     -0.417208374      -1.67910957      -1.26190114    
   27.8000011     -0.440289289      -1.77919543      -1.33890617    
   27.8999996     -0.458770007      -1.86150253      -1.40273249    
   28.0000000     -0.472512960      -1.92521179      -1.45269883    
   28.1000004     -0.481429011      -1.96968472      -1.48825574    
   28.2000008     -0.485477835      -1.99447715      -1.50899935    
   28.3000011     -0.484667778      -1.99934125      -1.51467347    
   28.3999996     -0.479055345      -1.98422885      -1.50517344    
   28.5000000     -0.468744159      -1.94929051      -1.48054636    
   28.6000004     -0.453883439      -1.89487541      -1.44099200    
   28.7000008     -0.434666038      -1.82152712      -1.38686109    
   28.8000011     -0.411326170      -1.72997856      -1.31865239    
   28.8999996     -0.384136587      -1.62114680      -1.23701024    
   29.0000000     -0.353405565      -1.49611509      -1.14270949    
   29.1000004     -0.319473445      -1.35613453      -1.03666115    
   29.2000008     -0.282708943      -1.20260370     -0.919894755    
   29.3000011     -0.243505210      -1.03705692     -0.793551683    
   29.3999996     -0.202275693     -0.861151516     -0.658875823    
   29.5000000     -0.159449801     -0.676638424     -0.517188609    
   29.6000004     -0.115468517     -0.485364556     -0.369896054    
   29.7000008      -7.07798898E-02 -0.289241046     -0.218461156    
   29.8000011      -2.58345231E-02  -9.02274922E-02  -6.43929690E-02
   29.8999996       1.89189278E-02  0.109683760       9.07648355E-02
   30.0000000       6.30381852E-02  0.308502913      0.245464727    
   30.1000004      0.106091686      0.504239559      0.398147881    
   30.2000008      0.147662744      0.694938004      0.547275245    
   30.3000011      0.187353536      0.878692746      0.691339195    
   30.3999996      0.224788889       1.05366457      0.828875661    
   30.5000000      0.259619743       1.21811199      0.958492279    
   30.6000004      0.291526347       1.37038827       1.07886195    
   30.7000008      0.320221215       1.50897193       1.18875074    
   30.8000011      0.345451593       1.63247836       1.28702676    
   30.8999996      0.367001593       1.73967159       1.37266994    
   31.0000000      0.384694040       1.82948470       1.44479060    
   31.1000004      0.398391843       1.90101802       1.50262618    
   31.2000008      0.407998860       1.95355690       1.54555798    
   31.3000011      0.413460553       1.98657632       1.57311583    
   31.3999996      0.414764076       1.99974632       1.58498228    
   31.5000000      0.411937952       1.99293578       1.58099782    
   31.6000004      0.405051440       1.96621239       1.56116092    
   31.7000008      0.394213378       1.91984308       1.52562976    
   31.8000011      0.379570752       1.85429120       1.47472048    
   31.8999996      0.361306846       1.77021337       1.40890646    
   32.0000000      0.339639068       1.66844678       1.32880771    
   32.1000023      0.314816415       1.55000687       1.23519039    
   32.2000008      0.287116736       1.41608465       1.12896788    
   32.2999992      0.256843656       1.26801372       1.01117003    
   32.4000015      0.224323332       1.10726738      0.882944047    
   32.5000000      0.189900920      0.935463667      0.745562732    
   32.6000023      0.153937057      0.754306436      0.600369394    
   32.7000008      0.116804078      0.565619349      0.448815286    
   32.7999992       7.88821876E-02  0.371280938      0.292398751    
   32.9000015       4.05556448E-02  0.173225358      0.132669717    
   33.0000000       2.20888108E-03  -2.65534949E-02  -2.87623759E-02
   33.1000023      -3.57772931E-02 -0.226074621     -0.190297335    
   33.2000008      -7.30294585E-02 -0.423329324     -0.350299865    
   33.2999992     -0.109185204     -0.616354406     -0.507169187    
   33.4000015     -0.143896610     -0.803228199     -0.659331560    
   33.5000000     -0.176833540     -0.982069433     -0.805235863    
   33.6000023     -0.207686812      -1.15110469     -0.943417907    
   33.7000008     -0.236170977      -1.30863225      -1.07246125    
   33.7999992     -0.262026966      -1.45308471      -1.19105768    
   33.9000015     -0.285024345      -1.58302355      -1.29799914    
   34.0000000     -0.304963410      -1.69714057      -1.39217710    
   34.1000023     -0.321676731      -1.79430425      -1.47262752    
   34.2000008     -0.335030615      -1.87353623      -1.53850555    
   34.2999992     -0.344926029      -1.93404913      -1.58912313    
   34.4000015     -0.351299256      -1.97523940      -1.62394011    
   34.5000000     -0.354122192      -1.99669242      -1.64257026    
   34.6000023     -0.353402197      -1.99819541      -1.64479327    
   34.7000008     -0.349181801      -1.97973335      -1.63055158    
   34.7999992     -0.341537774      -1.94149101      -1.59995317    
   34.9000015     -0.330580145      -1.88384783      -1.55326772    
   35.0000000     -0.316450745      -1.80738437      -1.49093366    
   35.1000023     -0.299321413      -1.71285880      -1.41353738    
   35.2000008     -0.279392123      -1.60122263      -1.32183051    
   35.2999992     -0.256888568      -1.47358799      -1.21669936    
   35.4000015     -0.232059821      -1.33122468      -1.09916484    
   35.5000000     -0.205175489      -1.17556560     -0.970390081    
   35.6000023     -0.176522911      -1.00815451     -0.831631601    
   35.7000008     -0.146404102     -0.830676734     -0.684272647    
   35.7999992     -0.115132630     -0.644899368     -0.529766738    
   35.9000015      -8.30303729E-02 -0.452671170     -0.369640797    
   36.0000000      -5.04242368E-02 -0.255927384     -0.205503151    
   36.1000023      -1.76428743E-02  -5.66188879E-02  -3.89760137E-02
   36.2000008       1.49866045E-02  0.143247738      0.128261134    
   36.2999992       4.71418574E-02  0.341683120      0.294541270    
   36.4000015       7.85084665E-02  0.536711991      0.458203524    
   36.5000000      0.108782977      0.726370811      0.617587805    
   36.6000023      0.137675792      0.908779025      0.771103263    
   36.7000008      0.164913937       1.08210015      0.917186201    
   36.7999992      0.190243572       1.24460971       1.05436611    
   36.9000015      0.213432327       1.39468932       1.18125701    
   37.0000000      0.234271407       1.53082812       1.29655671    
   37.1000023      0.252577424       1.65167618       1.39909875    
   37.2000008      0.268193930       1.75601673       1.48782277    
   37.2999992      0.280992776       1.84281242       1.56181967    
   37.4000015      0.290875018       1.91119802       1.62032294    
   37.5000000      0.297771692       1.96048534       1.66271365    
   37.6000023      0.301644117       1.99018538       1.68854129    
   37.7000008      0.302484006       1.99999917       1.69751513    
   37.7999992      0.300313294       1.98983037       1.68951702    
   37.9000015      0.295183539       1.95977890       1.66459537    
   38.0000000      0.287175208       1.91014731       1.62297213    
   38.1000023      0.276396453       1.84142780       1.56503129    
   38.2000008      0.262981921       1.75431204       1.49133015    
   38.2999992      0.247091040       1.64966846       1.40257740    
   38.4000015      0.228906229       1.52853751       1.29963124    
   38.5000000      0.208630860       1.39213860       1.18350768    
   38.6000023      0.186487019       1.24182439       1.05533743    
   38.7000008      0.162713140       1.07910824      0.916395068    
   38.7999992      0.137561440      0.905610204      0.768048763    
   38.9000015      0.111295298      0.723056793      0.611761510    
   39.0000000       8.41865242E-02  0.533285856      0.449099332    
   39.1000023       5.65125868E-02  0.338179171      0.281666577    
   39.2000008       2.85537969E-02  0.139700964      0.111147165    
   39.2999992       5.90492040E-04  -6.01730533E-02  -6.07635453E-02
   39.4000015      -2.70997398E-02 -0.259453416     -0.232353672    
   39.5000000      -5.42447865E-02 -0.456133872     -0.401889086    
   39.6000023      -8.05806667E-02 -0.648264110     -0.567683458    
   39.7000008     -0.105854064     -0.833909929     -0.728055835    
   39.7999992     -0.129824728      -1.01122379     -0.881399035    
   39.9000015     -0.152267754      -1.17844033      -1.02617264    
   40.0000000     -0.172975615      -1.33387613      -1.16090047    
   40.1000023     -0.191760078      -1.47598982      -1.28422976    
   40.2000008     -0.208453909      -1.60335064      -1.39489675    
   40.2999992     -0.222912252      -1.71469176      -1.49177957    
   40.4000015     -0.235013917      -1.80890405      -1.57389009    
   40.5000000     -0.244662300      -1.88503897      -1.64037669    
   40.6000023     -0.251786113      -1.94234169      -1.69055557    
   40.7000008     -0.256339818      -1.98023510      -1.72389531    
   40.7999992     -0.258303851      -1.99834335      -1.74003947    
   40.9000015     -0.257684559      -1.99648488      -1.73880029    
   41.0000000     -0.254513860      -1.97467852      -1.72016466    
   41.1000023     -0.248848692      -1.93314052      -1.68429184    
   41.2000008     -0.240770146      -1.87228894      -1.63151884    
   41.2999992     -0.230382472      -1.79273069      -1.56234825    
   41.4000015     -0.217811823      -1.69525659      -1.47744477    
   41.5000000     -0.203204721      -1.58084798      -1.37764323    
   41.6000023     -0.186726466      -1.45063925      -1.26391280    
   41.7000008     -0.168559283      -1.30594122      -1.13738191    
   41.7999992     -0.148900330      -1.14819515     -0.999294817    
   41.9000015     -0.127959594     -0.978970408     -0.851010799    
   42.0000000     -0.105957709     -0.799970627     -0.694012940    
   42.1000023      -8.31236392E-02 -0.612970769     -0.529847145    
   42.2000008      -5.96923158E-02 -0.419853538     -0.360161215    
   42.2999992      -3.59022617E-02 -0.222541377     -0.186639115    
   42.4000015      -1.19931716E-02  -2.29980890E-02  -1.10049173E-02
   42.5000000       1.17964614E-02  0.176767394      0.164970934    
   42.6000023       3.52317095E-02  0.374774218      0.339542508    
   42.7000008       5.80835044E-02  0.569028974      0.510945439    
   42.7999992       8.01308602E-02  0.757598341      0.677467465    
   42.9000015      0.101162978      0.938604951      0.837441981    
   43.0000000      0.120981231       1.11022663      0.989245415    
   43.1000023      0.139401019       1.27076149       1.13136053    
   43.2000008      0.156253487       1.41859329       1.26233983    
   43.2999992      0.171387002       1.55225146       1.38086450    
   43.4000015      0.184668496       1.67040479       1.48573625    
   43.5000000      0.195984632       1.77186358       1.57587898    
   43.6000023      0.205242693       1.85562193       1.65037918    
   43.7000008      0.212371320       1.92083657       1.70846522    
   43.7999992      0.217320994       1.96685946       1.74953842    
   43.9000015      0.220064327       1.99323130       1.77316701    
   44.0000000      0.220596105       1.99968660       1.77909052    
   44.1000023      0.218933105       1.98616147       1.76722836    
   44.2000008      0.215113729       1.95279205       1.73767829    
   44.2999992      0.209197387       1.89991152       1.69071412    
   44.4000015      0.201263726       1.82804525       1.62678146    
   44.5000000      0.191411614       1.73791659       1.54650497    
   44.6000023      0.179757968       1.63041937       1.45066142    
   44.7000008      0.166436419       1.50663590       1.34019947    
   44.7999992      0.151595831       1.36779904       1.21620321    
   44.9000015      0.135398656       1.21528995       1.07989132    
   45.0000000      0.118019186       1.05064392      0.932624757    
   45.1000023       9.96417031E-02  0.875493824      0.775852144    
   45.2000008       8.04585665E-02  0.691602767      0.611144185    
   45.2999992       6.06682114E-02  0.500801623      0.440133423    
   45.4000015       4.04731184E-02  0.304989278      0.264516175    
   45.5000000       2.00777669E-02  0.106137075       8.60593095E-02
   45.6000023      -3.13417986E-04  -9.37832221E-02  -9.34698060E-02
   45.7000008      -2.04980895E-02 -0.292758882     -0.272260785    
   45.7999992      -4.02779691E-02 -0.488809466     -0.448531508    
   45.9000015      -5.94607741E-02 -0.679983377     -0.620522618    
   46.0000000      -7.78620690E-02 -0.864355862     -0.786493778    
   46.1000023      -9.53070074E-02  -1.04009879     -0.944791794    
   46.2000008     -0.111631989      -1.20544291      -1.09381092    
   46.2999992     -0.126686156      -1.35874295      -1.23205686    
   46.4000015     -0.140332758      -1.49847233      -1.35813951    
   46.5000000     -0.152450398      -1.62322438      -1.47077394    
   46.6000023     -0.162934065      -1.73176205      -1.56882799    
   46.7000008     -0.171695992      -1.82299244      -1.65129650    
   46.7999992     -0.178666398      -1.89600885      -1.71734250    
   46.9000015     -0.183793962      -1.95008302      -1.76628900    
   47.0000000     -0.187046170      -1.98467100      -1.79762483    
   47.1000023     -0.188409463      -1.99942946      -1.81102002    
   47.2000008     -0.187889144      -1.99420989      -1.80632079    
   47.2999992     -0.185509175      -1.96906555      -1.78355634    
   47.4000015     -0.181311712      -1.92424548      -1.74293375    
   47.5000000     -0.175356552      -1.86020088      -1.68484437    
   47.6000023     -0.167720348      -1.77756679      -1.60984647    
   47.7000008     -0.158495650      -1.67717516      -1.51867950    
   47.7999992     -0.147789851      -1.56002641      -1.41223657    
   47.9000015     -0.135723993      -1.42728543      -1.29156148    
   48.0000000     -0.122431397      -1.28028870      -1.15785730    
   48.1000023     -0.108056232      -1.12049377      -1.01243758    
   48.2000008      -9.27519798E-02 -0.949509501     -0.856757522    
   48.2999992      -7.66797960E-02 -0.769038320     -0.692358494    
   48.4000015      -6.00068681E-02 -0.580876112     -0.520869255    
   48.5000000      -4.29046713E-02 -0.386917204     -0.344012529    
   48.6000023      -2.55472269E-02 -0.189084858     -0.163537636    
   48.7000008      -8.10936093E-03   1.06292143E-02   1.87385753E-02
   48.7999992       9.23504867E-03  0.210237086      0.201002032    
   48.9000015       2.63147894E-02  0.407751888      0.381437093    
   49.0000000       4.29629758E-02  0.601185083      0.558222115    
   49.1000023       5.90186790E-02  0.788618624      0.729599953    
   49.2000008       7.43284523E-02  0.968165576      0.893837094    
   49.2999992       8.87477845E-02   1.13803911       1.04929137    
   49.4000015      0.102142438       1.29654801       1.19440556    
   49.5000000      0.114389695       1.44209635       1.32770669    
   49.6000023      0.125379443       1.57324076       1.44786131    
   49.7000008      0.135015145       1.68866122       1.55364609    
   49.7999992      0.143214673       1.78720951       1.64399481    
   49.9000015      0.149910957       1.86790395       1.71799302    
   50.0000000      0.155052543       1.92993200       1.77487946    
   50.1000023      0.158603907       1.97267878       1.81407487    
   50.2000008      0.160545662       1.99571371       1.83516800    
   50.2999992      0.160874590       1.99880874       1.83793414    
   50.4000015      0.159603521       1.98193192       1.82232845    
   50.5000000      0.156761035       1.94525313       1.78849208    
   50.6000023      0.152391002       1.88913608       1.73674512    
   50.7000008      0.146552041       1.81414580       1.66759372    
   50.7999992      0.139316767       1.72102976       1.58171296    
   50.9000015      0.130770907       1.61071372       1.47994280    
   51.0000000      0.121012352       1.48430836       1.36329603    
   51.1000023      0.110150062       1.34306705       1.23291695    
   51.2000008       9.83028561E-02   1.18841183       1.09010899    
   51.2999992       8.55981484E-02   1.02188277      0.936284602    
   51.4000015       7.21705854E-02  0.845136702      0.772966146    
   51.5000000       5.81606552E-02  0.659953177      0.601792514    
   51.6000023       4.37132120E-02  0.468168408      0.424455196    
   51.7000008       2.89760195E-02  0.271713197      0.242737174    
   51.7999992       1.40982354E-02   7.25431815E-02   5.84449470E-02
   51.9000015      -7.71069899E-04 -0.127359256     -0.126588181    
   52.0000000      -1.54844020E-02 -0.325981557     -0.310497165    
   52.1000023      -2.98972819E-02 -0.521354258     -0.491456985    
   52.2000008      -4.38696556E-02 -0.711510360     -0.667640686    
   52.2999992      -5.72672412E-02 -0.894557476     -0.837290227    
   52.4000015      -6.99627921E-02  -1.06867325     -0.998710454    
   52.5000000      -8.18373039E-02  -1.23210466      -1.15026736    
   52.6000023      -9.27811116E-02  -1.38323116      -1.29045010    
   52.7000008     -0.102694884      -1.52053130      -1.41783643    
   52.7999992     -0.111490488      -1.64263928      -1.53114879    
   52.9000015     -0.119091786      -1.74833870      -1.62924695    
   53.0000000     -0.125435248      -1.83656561      -1.71113038    
   53.1000023     -0.130470455      -1.90644491      -1.77597451    
   53.2000008     -0.134160489      -1.95727324      -1.82311273    
   53.2999992     -0.136482134      -1.98854566      -1.85206354    
   53.4000015     -0.137426004      -1.99994993      -1.86252391    
   53.5000000     -0.136996463      -1.99137115      -1.85437465    
   53.6000023     -0.135211483      -1.96289444      -1.82768297    
   53.7000008     -0.132102311      -1.91480637      -1.78270411    
   53.7999992     -0.127712995      -1.84758675      -1.71987379    
   53.9000015     -0.122099884      -1.76190364      -1.63980377    
   54.0000000     -0.115330890      -1.65861964      -1.54328871    
   54.1000023     -0.107484728      -1.53875887      -1.43127418    
   54.2000008      -9.86500233E-02  -1.40352809      -1.30487812    
   54.2999992      -8.89243186E-02  -1.25427413      -1.16534984    
   54.4000015      -7.84130320E-02  -1.09248197      -1.01406896    
   54.5000000      -6.72283247E-02 -0.919780195     -0.852551877    
   54.6000023      -5.54879270E-02 -0.737881541     -0.682393610    
   54.7000008      -4.33139093E-02 -0.548617244     -0.505303323    
   54.7999992      -3.08314264E-02 -0.353871495     -0.323040068    
   54.9000015      -1.81674473E-02 -0.155582473     -0.137415022    
   55.0000000      -5.44947293E-03   4.42535132E-02   4.97029871E-02
   55.1000023       7.19572604E-03  0.243654922      0.236459196    
   55.2000008       1.96433701E-02  0.440614253      0.420970887    
   55.2999992       3.17718834E-02  0.633171260      0.601399362    
   55.4000015       4.34640720E-02  0.819408953      0.775944889    
   55.5000000       5.46082370E-02  0.997452438      0.942844212    
   55.6000023       6.50992393E-02   1.16553617       1.10043693    
   55.7000008       7.48394653E-02   1.32196808       1.24712861    
   55.7999992       8.37397352E-02   1.46519160       1.38145185    
   55.9000015       9.17200893E-02   1.59378052       1.50206041    
   56.0000000       9.87104923E-02   1.70644021       1.60772967    
   56.1000023      0.104651436       1.80205357       1.69740212    
   56.2000008      0.109494433       1.87965786       1.77016342    
   56.2999992      0.113202356       1.93848193       1.82527959    
   56.4000015      0.115749732       1.97793901       1.86218929    
   56.5000000      0.117122851       1.99763191       1.88050902    
   56.6000023      0.117319800       1.99736536       1.88004553    
   56.7000008      0.116350360       1.97714198       1.86079156    
   56.7999992      0.114235781       1.93716431       1.82292855    
   56.9000015      0.111008480       1.87782907       1.76682055    
   57.0000000      0.106711581       1.79973364       1.69302201    
   57.1000023      0.101398408       1.70365250       1.60225415    
   57.2000008       9.51318294E-02   1.59055281       1.49542093    
   57.2999992       8.79835486E-02   1.46156132       1.37357783    
   57.4000015       8.00333172E-02   1.31796110       1.23792779    
   57.5000000       7.13680387E-02   1.16119778       1.08982968    
   57.6000023       6.20808490E-02  0.992826045      0.930745184    
   57.7000008       5.22701293E-02  0.814540744      0.762270629    
   57.7999992       4.20384780E-02  0.628117085      0.586078584    
   57.9000015       3.14916447E-02  0.435410231      0.403918594    
   58.0000000       2.07374543E-02  0.238360271      0.217622817    
   58.1000023       9.88471229E-03   3.89211476E-02   2.90364362E-02
   58.2000008      -9.57882032E-04 -0.160899282     -0.159941405    
   58.2999992      -1.16828140E-02 -0.359112084     -0.347429276    
   58.4000015      -2.21848097E-02 -0.553744197     -0.531559408    
   58.5000000      -3.23618576E-02 -0.742836177     -0.710474312    
   58.6000023      -4.21161912E-02 -0.924512982     -0.882396817    
   58.7000008      -5.13552129E-02  -1.09694552      -1.04559028    
   58.7999992      -5.99923618E-02  -1.25841808      -1.19842577    
   58.9000015      -6.79479167E-02  -1.40732276      -1.33937490    
   59.0000000      -7.51497149E-02  -1.54216039      -1.46701074    
   59.1000023      -8.15337896E-02  -1.66159403      -1.58006024    
   59.2000008      -8.70449394E-02  -1.76442122      -1.67737627    
   59.2999992      -9.16371793E-02  -1.84961951      -1.75798237    
   59.4000015      -9.52740833E-02  -1.91633964      -1.82106555    
   59.5000000      -9.79290903E-02  -1.96390998      -1.86598086    
   59.6000023      -9.95856449E-02  -1.99185896      -1.89227331    
   59.7000008     -0.100237265      -1.99990511      -1.89966786    
   59.7999992      -9.98875052E-02  -1.98796952      -1.88808203    
   59.9000015      -9.85498279E-02  -1.95616972      -1.85761988    
   60.0000000      -9.62473601E-02  -1.90482593      -1.80857861    
   60.1000023      -9.30125788E-02  -1.83444738      -1.74143481    
   60.2000008      -8.88868943E-02  -1.74574244      -1.65685558    
   60.2999992      -8.39201361E-02  -1.63959527      -1.55567515    
   60.4000015      -7.81699941E-02  -1.51706123      -1.43889129    
   60.5000000      -7.17013553E-02  -1.37937403      -1.30767262    
   60.6000023      -6.45855814E-02  -1.22789907      -1.16331351    
   60.7000008      -5.68997636E-02  -1.06416118      -1.00726140    
   60.7999992      -4.87258658E-02 -0.889790893     -0.841065049    
   60.9000015      -4.01498862E-02 -0.706523240     -0.666373372    
   61.0000000      -3.12609524E-02 -0.516203284     -0.484942317    
   61.1000023      -2.21504141E-02 -0.320718199     -0.298567772    
   61.2000008      -1.29109053E-02 -0.122036107     -0.109125204    
   61.2999992      -3.63541674E-03   7.78653026E-02   8.15007165E-02
   61.4000015       5.58363274E-03  0.276996285      0.271412641    
   61.5000000       1.46553023E-02  0.473352075      0.458696783    
   61.6000023       2.34910250E-02  0.664985597      0.641494572    
   61.7000008       3.20054553E-02  0.849967659      0.817962229    
   61.7999992       4.01172936E-02   1.02645731      0.986340046    
   61.9000015       4.77500409E-02   1.19269741       1.14494741    
   62.0000000       5.48327193E-02   1.34701431       1.29218161    
   62.1000023       6.13005199E-02   1.48787785       1.42657733    
   62.2000008       6.70953840E-02   1.61386967       1.54677427    
   62.2999992       7.21665025E-02   1.72373688       1.65157032    
   62.4000015       7.64707699E-02   1.81638467       1.73991394    
   62.5000000       7.99731091E-02   1.89088047       1.81090736    
   62.6000023       8.26467574E-02   1.94648564       1.86383891    
   62.7000008       8.44734460E-02   1.98264015       1.89816666    
   62.7999992       8.54434967E-02   1.99898541       1.91354191    
   62.9000015       8.55558217E-02   1.99535763       1.90980184    
   63.0000000       8.48178640E-02   1.97179317       1.88697529    
   63.1000023       8.32454264E-02   1.92852581       1.84528041    
   63.2000008       8.08624402E-02   1.86599112       1.78512871    
   63.2999992       7.77006447E-02   1.78481269       1.70711207    
   63.4000015       7.37991929E-02   1.68579733       1.61199808    
   63.5000000       6.92041814E-02   1.56994212       1.50073791    
   63.6000023       6.39681369E-02   1.43839562       1.37442744    
   63.7000008       5.81494235E-02   1.29248238       1.23433292    
   63.7999992       5.18116020E-02   1.13365555       1.08184397    
   63.9000015       4.50227596E-02  0.963495135      0.918472350    
   64.0000000       3.78547721E-02  0.783714473      0.745859683    
   64.0999985       3.03825680E-02  0.596103370      0.565720797    
   64.2000046       2.26833448E-02  0.402521461      0.379838109    
   64.3000031       1.48357833E-02  0.204932377      0.190096587    
   64.4000015       6.91925175E-03   5.29573904E-03  -1.62351271E-03
   64.5000000      -9.86986794E-04 -0.194393814     -0.193406820    
   64.5999985      -8.80456530E-03 -0.392141104     -0.383336544    
   64.7000046      -1.64567754E-02 -0.585984945     -0.569528162    
   64.8000031      -2.38693170E-02 -0.773959041     -0.750089705    
   64.9000015      -3.09710093E-02 -0.954200268     -0.923229277    
   65.0000000      -3.76944691E-02  -1.12490773      -1.08721328    
   65.0999985      -4.39767353E-02  -1.28437579      -1.24039900    
   65.2000046      -4.97598536E-02  -1.43102181      -1.38126194    
   65.3000031      -5.49914092E-02  -1.56335831      -1.50836694    
   65.4000015      -5.96249737E-02  -1.68007481      -1.62044978    
   65.5000000      -6.36205301E-02  -1.78000498      -1.71638441    
   65.5999985      -6.69447780E-02  -1.86215043      -1.79520559    
   65.7000046      -6.95714206E-02  -1.92569470      -1.85612333    
   65.8000031      -7.14813545E-02  -1.96999300      -1.89851165    
   65.9000015      -7.26627633E-02  -1.99460840      -1.92194569    
   66.0000000      -7.31111914E-02  -1.99929488      -1.92618370    
   66.0999985      -7.28294998E-02  -1.98400581      -1.91117632    
   66.2000046      -7.18277693E-02  -1.94889021      -1.87706244    
   66.3000031      -7.01231211E-02  -1.89430463      -1.82418156    
   66.4000015      -6.77394867E-02  -1.82079232      -1.75305283    
   66.5000000      -6.47072941E-02  -1.72908771      -1.66438043    
   66.5999985      -6.10631146E-02  -1.62010729      -1.55904412    
   66.7000046      -5.68492189E-02  -1.49492955      -1.43808031    
   66.8000031      -5.21131158E-02  -1.35482442      -1.30271125    
   66.9000015      -4.69070189E-02  -1.20118272      -1.15427566    
   67.0000000      -4.12872881E-02  -1.03553963     -0.994252324    
   67.0999985      -3.53138261E-02 -0.859549999     -0.824236155    
   67.2000046      -2.90494524E-02 -0.674957991     -0.645908535    
   67.3000031      -2.25592423E-02 -0.483635962     -0.461076707    
   67.4000015      -1.59098655E-02 -0.287481755     -0.271571875    
   67.5000000      -9.16890800E-03  -8.84552449E-02  -7.92863369E-02
   67.5999985      -2.40418734E-03  0.111455075      0.113859266    
   67.7000046       4.31691762E-03  0.310266882      0.305949956    
   67.8000031       1.09281335E-02  0.505963445      0.495035321    
   67.9000015       1.73649378E-02  0.696604788      0.679239869    
   68.0000000       2.35651843E-02  0.880286038      0.856720865    
   68.0999985       2.94696931E-02   1.05517209       1.02570236    
   68.2000046       3.50228101E-02   1.21952760       1.18450475    
   68.3000031       4.01729234E-02   1.37168539       1.33151245    
   68.4000015       4.48729396E-02   1.51013815       1.46526527    
   68.5000000       4.90806960E-02   1.63350260       1.58442187    
   68.5999985       5.27593419E-02   1.74054611       1.68778682    
   68.7000046       5.58776446E-02   1.83020544       1.77432775    
   68.8000031       5.84102422E-02   1.90157092       1.84316063    
   68.9000015       6.03378415E-02   1.95393705       1.89359927    
   69.0000000       6.16473444E-02   1.98678076       1.92513347    
   69.0999985       6.23319186E-02   1.99977386       1.93744195    
   69.2000046       6.23910055E-02   1.99278510       1.93039405    
   69.3000031       6.18302561E-02   1.96588552       1.90405524    
   69.4000015       6.06614202E-02   1.91934407       1.85868263    
   69.5000000       5.89021631E-02   1.85362566       1.79472351    
   69.5999985       5.65758348E-02   1.76938713       1.71281123    
   69.7000046       5.37111834E-02   1.66746151       1.61375034    
   69.8000031       5.03420085E-02   1.54888284       1.49854088    
   69.9000015       4.65067849E-02   1.41482866       1.36832190    
   70.0000000       4.22482267E-02   1.26663840       1.22439015    
   70.0999985       3.76128256E-02   1.10579276       1.06817997    
   70.2000046       3.26503441E-02  0.933885157      0.901234806    
   70.3000031       2.74133012E-02  0.752659559      0.725246251    
   70.4000015       2.19564140E-02  0.563913822      0.541957378    
   70.5000000       1.63360350E-02  0.369533867      0.353197843    
   70.5999985       1.06095802E-02  0.171461731      0.160852149    
   70.7000046       4.83494438E-03  -2.83387955E-02  -3.31737399E-02
   70.8000031      -9.30077396E-04 -0.227840975     -0.226910904    
   70.9000015      -6.62836200E-03 -0.425066710     -0.418438345    
   71.0000000      -1.22040184E-02 -0.618045449     -0.605841458    
   71.0999985      -1.76029298E-02 -0.804849088     -0.787246168    
   71.2000046      -2.27732733E-02 -0.983624458     -0.960851192    
   71.3000031      -2.76660118E-02  -1.15255809      -1.12489212    
   71.4000015      -3.22353542E-02  -1.30997610      -1.27774072    
   71.5000000      -3.64391729E-02  -1.45430565      -1.41786647    
   71.5999985      -4.02393900E-02  -1.58410478      -1.54386544    
   71.7000046      -4.36023138E-02  -1.69808459      -1.65448225    
   71.8000031      -4.64989282E-02  -1.79508877      -1.74858987    
   71.9000015      -4.89051342E-02  -1.87415767      -1.82525253    
   72.0000000      -5.08019440E-02  -1.93450117      -1.88369918    
   72.0999985      -5.21756113E-02  -1.97551632      -1.92334068    
   72.2000046      -5.30177206E-02  -1.99679434      -1.94377661    
   72.3000031      -5.33252172E-02  -1.99811912      -1.94479394    
   72.4000015      -5.31003773E-02  -1.97948003      -1.92637968    
   72.5000000      -5.23507483E-02  -1.94106328      -1.88871253    
   72.5999985      -5.10890000E-02  -1.88325262      -1.83216357    
   72.7000046      -4.93327677E-02  -1.80661917      -1.75728643    
   72.8000031      -4.71044146E-02  -1.71194029      -1.66483593    
   72.9000015      -4.44307663E-02  -1.60015678      -1.55572605    
   73.0000000      -4.13427986E-02  -1.47238541      -1.43104255    
   73.0999985      -3.78752984E-02  -1.32990301      -1.29202771    
   73.2000046      -3.40664648E-02  -1.17412066      -1.14005423    
   73.3000031      -2.99575049E-02  -1.00661874     -0.976661205    
   73.4000015      -2.55921967E-02 -0.829059184     -0.803466976    
   73.5000000      -2.10164227E-02 -0.643216252     -0.622199833    
   73.5999985      -1.62776988E-02 -0.450946718     -0.434669018    
   73.7000046      -1.14246840E-02 -0.254156500     -0.242731810    
   73.8000031      -6.50668517E-03  -5.48417419E-02  -4.83350568E-02
   73.9000015      -1.57316308E-03  0.145020947      0.146594107    
   74.0000000       3.32676107E-03  0.343434691      0.340107918    
   74.0999985       8.14479031E-03  0.538417041      0.530272245    
   74.2000046       1.28339194E-02  0.728034079      0.715200186    
   74.3000031       1.73488948E-02  0.910362363      0.893013477    
   74.4000015       2.16466412E-02   1.08359492       1.06194830    
   74.5000000       2.56866701E-02   1.24600089       1.22031426    
   74.5999985       2.94314530E-02   1.39595759       1.36652613    
   74.7000046       3.28467675E-02   1.53197646       1.49912965    
   74.8000031       3.59020010E-02   1.65267801       1.61677599    
   74.9000015       3.85704227E-02   1.75686705       1.71829665    
   75.0000000       4.08294052E-02   1.84350252       1.80267310    
   75.0999985       4.26606126E-02   1.91171896       1.86905837    
   75.2000046       4.40501347E-02   1.96083772       1.91678762    
   75.3000031       4.49885912E-02   1.99036050       1.94537187    
   75.4000015       4.54711616E-02   1.99999678       1.95452559    
   75.5000000       4.54976074E-02   1.98965049       1.94415283    
   75.5999985       4.50722128E-02   1.95942485       1.91435266    
   75.7000046       4.42037098E-02   1.90961742       1.86541367    
   75.8000031       4.29051369E-02   1.84073329       1.79782820    
   75.9000015       4.11936715E-02   1.75345767       1.71226394    
   76.0000000       3.90904211E-02   1.64866269       1.60957229    
   76.0999985       3.66201699E-02   1.52739525       1.49077511    
   76.2000046       3.38110924E-02   1.39085615       1.35704505    
   76.3000031       3.06944530E-02   1.24043036       1.20973587    
   76.4000015       2.73042526E-02   1.07761085       1.05030656    
   76.5000000       2.36768667E-02  0.904024661      0.880347788    
   76.5999985       1.98506657E-02  0.721406043      0.701555371    
   76.7000046       1.58656090E-02  0.531564832      0.515699208    
   76.8000031       1.17628332E-02  0.336426795      0.324663967    
   76.9000015       7.58423330E-03  0.137927413      0.130343184    
   77.0000000       3.37203965E-03  -6.19500652E-02  -6.53221011E-02
   77.0999985      -8.31605401E-04 -0.261208564     -0.260376960    
   77.2000046      -4.98506567E-03 -0.457872093     -0.452887028    
   77.3000031      -9.04761720E-03 -0.649945736     -0.640898108    
   77.4000015      -1.29798446E-02 -0.835525513     -0.822545648    
   77.5000000      -1.67440195E-02  -1.01275730     -0.996013284    
   77.5999985      -2.03044582E-02  -1.17987025      -1.15956581    
   77.7000046      -2.36278549E-02  -1.33520591      -1.31157804    
   77.8000031      -2.66835876E-02  -1.47718894      -1.45050538    
   77.9000015      -2.94439979E-02  -1.60441267      -1.57496870    
   78.0000000      -3.18846330E-02  -1.71560621      -1.68372154    
   78.0999985      -3.39844599E-02  -1.80965841      -1.77567399    
   78.2000046      -3.57260369E-02  -1.88563490      -1.84990883    
   78.3000031      -3.70956548E-02  -1.94276464      -1.90566897    
   78.4000015      -3.80834267E-02  -1.98048365      -1.94240022    
   78.5000000      -3.86833586E-02  -1.99841487      -1.95973146    
   78.5999985      -3.88933606E-02  -1.99637926      -1.95748591    
   78.7000046      -3.87152433E-02  -1.97439456      -1.93567932    
   78.8000031      -3.81546430E-02  -1.93268394      -1.89452934    
   78.9000015      -3.72209400E-02  -1.87166309      -1.83444214    
   79.0000000      -3.59271243E-02  -1.79194188      -1.75601470    
   79.0999985      -3.42896283E-02  -1.69431674      -1.66002715    
   79.2000046      -3.23281363E-02  -1.57975364      -1.54742551    
   79.3000031      -3.00653428E-02  -1.44941473      -1.41934943    
   79.4000015      -2.75267158E-02  -1.30459428      -1.27706754    
   79.5000000      -2.47402005E-02  -1.14673901      -1.12199879    
   79.5999985      -2.17359290E-02 -0.977426350     -0.955690444    
   79.7000046      -1.85458902E-02 -0.798333883     -0.779788017    
   79.8000031      -1.52035998E-02 -0.611278296     -0.596074700    
   79.9000015      -1.17437486E-02 -0.418115139     -0.406371385    
   80.0000000      -8.20185058E-03 -0.220774487     -0.212572634    
   80.0999985      -4.61387727E-03  -2.12279856E-02  -1.66141093E-02
   80.2000046      -1.01590017E-03  0.178545803      0.179561704    
   80.3000031       2.55627022E-03  0.376520425      0.373964161    
   80.4000015       6.06743619E-03  0.570733070      0.564665616    
   80.5000000       9.48335789E-03  0.759243369      0.749760032    
   80.5999985       1.27710812E-02  0.940167725      0.927396655    
   80.7000046       1.58992540E-02   1.11171126       1.09581196    
   80.8000031       1.88384186E-02   1.27213383       1.25329542    
   80.9000015       2.15612892E-02   1.41984594       1.39828467    
   81.0000000       2.40429975E-02   1.55337191       1.52932894    
   81.0999985       2.62613185E-02   1.67137766       1.64511633    
   81.2000046       2.81968620E-02   1.77269101       1.74449420    
   81.3000031       2.98332367E-02   1.85628450       1.82645130    
   81.4000015       3.11571863E-02   1.92133105       1.89017391    
   81.5000000       3.21586877E-02   1.96718097       1.93502223    
   81.5999985       3.28310169E-02   1.99337602       1.96054494    
   81.7000046       3.31707820E-02   1.99965417       1.96648335    
   81.8000031       3.31779309E-02   1.98595190       1.95277393    
   81.9000015       3.28557082E-02   1.95240724       1.91955149    
   82.0000000       3.22105996E-02   1.89935541       1.86714482    
   82.0999985       3.12522277E-02   1.82732642       1.79607415    
   82.2000046       2.99932286E-02   1.73703229       1.70703912    
   82.3000031       2.84490976E-02   1.62938905       1.60093999    
   82.4000015       2.66380049E-02   1.50546610       1.47882807    
   82.5000000       2.45805886E-02   1.36650145       1.34192085    
   82.5999985       2.22997256E-02   1.21388352       1.19158375    
   82.7000046       1.98202841E-02   1.04912424       1.02930391    
   82.8000031       1.71688534E-02  0.873894989      0.856726110    
   82.9000015       1.43734664E-02  0.689934313      0.675560832    
   83.0000000       1.14633031E-02  0.499080241      0.487616926    
   83.0999985       8.46839324E-03  0.303239673      0.294771284    
   83.2000046       5.41930646E-03  0.104354076       9.89347696E-02
   83.3000031       2.34684628E-03  -9.55590680E-02  -9.79059115E-02
   83.4000015      -7.18259253E-04 -0.294517457     -0.293799192    
   83.5000000      -3.74566135E-03 -0.490533203     -0.486787528    
   83.5999985      -6.70568831E-03 -0.681647837     -0.674942136    
   83.7000046      -9.56963375E-03 -0.865965664     -0.856396019    
   83.8000031      -1.23100299E-02  -1.04161692      -1.02930689    
   83.9000015      -1.49009107E-02  -1.20686102      -1.19196010    
   84.0000000      -1.73180513E-02  -1.36004698      -1.34272897    
   84.0999985      -1.95391960E-02  -1.49964416      -1.48010492    
   84.2000046      -2.15442535E-02  -1.62426674      -1.60272253    
   84.3000031      -2.33154781E-02  -1.73265064      -1.70933521    
   84.4000015      -2.48376224E-02  -1.82372296      -1.79888535    
   84.5000000      -2.60980632E-02  -1.89657390      -1.87047589    
   84.5999985      -2.70869024E-02  -1.95047534      -1.92338848    
   84.7000046      -2.77970340E-02  -1.98489082      -1.95709383    
   84.8000031      -2.82241888E-02  -1.99947107      -1.97124684    
   84.9000015      -2.83669513E-02  -1.99407399      -1.96570706    
   85.0000000      -2.82267407E-02  -1.96875334      -1.94052660    
   85.0999985      -2.78077703E-02  -1.92376208      -1.89595437    
   85.2000046      -2.71169804E-02  -1.85954428      -1.83242726    
   85.3000031      -2.61639375E-02  -1.77675128      -1.75058734    
   85.4000015      -2.49607190E-02  -1.67620599      -1.65124524    
   85.5000000      -2.35217605E-02  -1.55891323      -1.53539145    
   85.5999985      -2.18636971E-02  -1.42604482      -1.40418112    
   85.7000046      -2.00051703E-02  -1.27891648      -1.25891125    
   85.8000031      -1.79666243E-02  -1.11902070      -1.10105407    
   85.9000015      -1.57700907E-02 -0.947944462     -0.932174385    
   86.0000000      -1.34389456E-02 -0.767396867     -0.753957927    
   86.0999985      -1.09976679E-02 -0.579182029     -0.568184376    
   86.2000046      -8.47158767E-03 -0.385165304     -0.376693726    
   86.3000031      -5.88662224E-03 -0.187314913     -0.181428283    
   86.4000015      -3.26901558E-03   1.24070244E-02   1.56760402E-02
   86.5000000      -6.45073829E-04  0.212005004      0.212650076    
   86.5999985       1.95909664E-03  0.409484744      0.407525659    
   86.7000046       4.51784581E-03  0.602887750      0.598369896    
   86.8000031       7.00623076E-03  0.790252149      0.783245921    
   86.9000015       9.40025598E-03  0.969720840      0.960320592    
   87.0000000       1.16771003E-02   1.13950062       1.12782347    
   87.0999985       1.38153350E-02   1.29789531       1.28408003    
   87.2000046       1.57951191E-02   1.44333291       1.42753780    
   87.3000031       1.75983850E-02   1.57433784       1.55673945    
   87.4000015       1.92089956E-02   1.68961310       1.67040408    
   87.5000000       2.06128862E-02   1.78800678       1.76739395    
   87.5999985       2.17981841E-02   1.86853588       1.84673774    
   87.7000046       2.27553062E-02   1.93039978       1.90764451    
   87.8000031       2.34770291E-02   1.97297084       1.94949377    
   87.9000015       2.39585377E-02   1.99582922       1.97187066    
   88.0000000       2.41974480E-02   1.99874651       1.97454906    
   88.0999985       2.41938103E-02   1.98169374       1.95749998    
   88.2000046       2.39500795E-02   1.94483745       1.92088735    
   88.3000031       2.34710686E-02   1.88855171       1.86508060    
   88.4000015       2.27638800E-02   1.81339669       1.79063284    
   88.5000000       2.18378082E-02   1.72012341       1.69828558    
   88.5999985       2.07042284E-02   1.60966372       1.58895946    
   88.7000046       1.93764623E-02   1.48311114       1.46373463    
   88.8000031       1.78696234E-02   1.34174919       1.32387960    
   88.9000015       1.62004549E-02   1.18698144       1.17078102    
   89.0000000       1.43871428E-02   1.02035403       1.00596690    
   89.0999985       1.24491230E-02  0.843532026      0.831082880    
   89.2000046       1.04068741E-02  0.658267498      0.647860646    
   89.3000031       8.28170590E-03  0.466439784      0.458158076    
   89.4000015       6.09553792E-03  0.269951731      0.263856202    
   89.5000000       3.87067744E-03   7.07664788E-02   6.68957978E-02
   89.5999985       1.62959239E-03 -0.129125819     -0.130755410    
   89.7000046      -6.05311710E-04 -0.327743024     -0.327137709    
   89.8000031      -2.81191501E-03 -0.523070395     -0.520258486    
   89.9000015      -4.96859848E-03 -0.713171601     -0.708203018    
   90.0000000      -7.05445465E-03 -0.896147251     -0.889092803    
   90.0999985      -9.04948730E-03  -1.07016909      -1.06111956    
   90.2000046      -1.09348008E-02  -1.23351061      -1.22257578    
   90.3000031      -1.26927774E-02  -1.38451469      -1.37182188    
   90.4000015      -1.43072391E-02  -1.52168560      -1.50737834    
   90.5000000      -1.57635938E-02  -1.64365280      -1.62788916    
   90.5999985      -1.70489643E-02  -1.74919772      -1.73214877    
   90.7000046      -1.81522965E-02  -1.83727181      -1.81911945    
   90.8000031      -1.90644581E-02  -1.90698159      -1.88791716    
   90.9000015      -1.97783019E-02  -1.95763791      -1.93785965    
   91.0000000      -2.02887189E-02  -1.98873496      -1.96844625    
   91.0999985      -2.05926746E-02  -1.99996173      -1.97936904    
   91.2000046      -2.06892118E-02  -1.99120474      -1.97051549    
   91.3000031      -2.05794387E-02  -1.96255279      -1.94197333    
   91.4000015      -2.02665050E-02  -1.91429222      -1.89402568    
   91.5000000      -1.97555423E-02  -1.84690535      -1.82714987    
   91.5999985      -1.90535989E-02  -1.76106536      -1.74201179    
   91.7000046      -1.81695446E-02  -1.65762126      -1.63945174    
   91.8000031      -1.71139725E-02  -1.53762269      -1.52050877    
   91.9000015      -1.58990696E-02  -1.40226102      -1.38636196    
   92.0000000      -1.45384828E-02  -1.25288892      -1.23835039    
   92.0999985      -1.30471690E-02  -1.09099865      -1.07795143    
   92.2000046      -1.14412354E-02 -0.918194413     -0.906753182    
   92.3000031      -9.73776355E-03 -0.736228883     -0.726491094    
   92.4000015      -7.95463379E-03 -0.546907365     -0.538952708    
   92.5000000      -6.11033896E-03 -0.352121562     -0.346011221    
   92.5999985      -4.22379468E-03 -0.153817564     -0.149593771    
   92.7000046      -2.31414614E-03   4.60385270E-02   4.83526736E-02
   92.8000031      -4.00577905E-04  0.245419428      0.245820001    
   92.9000015       1.49787811E-03  0.442348242      0.440850377    
   93.0000000       3.36253038E-03  0.634857416      0.631494880    
   93.0999985       5.17520867E-03  0.821023464      0.815848231    
   93.2000046       6.91844057E-03  0.998999596      0.992081165    
   93.3000031       8.57561640E-03   1.16698050       1.15840495    
   93.4000015       1.01311468E-02   1.32330155       1.31317043    
   93.5000000       1.15706064E-02   1.46640110       1.45483053    
   93.5999985       1.28808664E-02   1.59484935       1.58196843    
   93.7000046       1.40502108E-02   1.70737076       1.69332051    
   93.8000031       1.50684388E-02   1.80282402       1.78775561    
   93.9000015       1.59269515E-02   1.88026452       1.86433756    
   94.0000000       1.66188218E-02   1.93891871       1.92229986    
   94.0999985       1.71388444E-02   1.97820044       1.96106160    
   94.2000046       1.74835734E-02   1.99771798       1.98023438    
   94.3000031       1.76513344E-02   1.99727333       1.97962201    
   94.4000015       1.76422279E-02   1.97687316       1.95923090    
   94.5000000       1.74581092E-02   1.93672144       1.91926336    
   94.5999985       1.71025507E-02   1.87721908       1.86011648    
   94.7000046       1.65807921E-02   1.79895413       1.78237331    
   94.8000031       1.58996694E-02   1.70272052       1.68682086    
   94.9000015       1.50675327E-02   1.58947432       1.57440674    
   95.0000000       1.40941478E-02   1.46034718       1.44625306    
   95.0999985       1.29905846E-02   1.31662905       1.30363846    
   95.2000046       1.17690945E-02   1.15974367       1.14797461    
   95.3000031       1.04429768E-02  0.991282284      0.980839312    
   95.4000015       9.02643800E-03  0.812916696      0.803890228    
   95.5000000       7.53443968E-03  0.626428962      0.618894517    
   95.5999985       5.98254288E-03  0.433682293      0.427699745    
   95.7000046       4.38674819E-03  0.236587435      0.232200682    
   95.8000031       2.76333187E-03   3.71436290E-02   3.43802981E-02
   95.9000015       1.12868252E-03 -0.162671283     -0.163799971    
   96.0000000      -5.00863767E-04 -0.360860884     -0.360360026    
   96.0999985      -2.10918416E-03 -0.555445015     -0.553335845    
   96.2000046      -3.68052721E-03 -0.744493663     -0.740813136    
   96.3000031      -5.19966614E-03 -0.926089108     -0.920889437    
   96.4000015      -6.65204367E-03  -1.09843171      -1.09177971    
   96.5000000      -8.02391022E-03  -1.25979936      -1.25177550    
   96.5999985      -9.30245314E-03  -1.40858006      -1.39927757    
   96.7000046      -1.04759140E-02  -1.54329669      -1.53282082    
   96.8000031      -1.15336934E-02  -1.66258287      -1.65104914    
   96.9000015      -1.24664465E-02  -1.76525772      -1.75279129    
   97.0000000      -1.32661629E-02  -1.85029507      -1.83702886    
   97.0999985      -1.39262322E-02  -1.91684556      -1.90291929    
   97.2000046      -1.44414958E-02  -1.96424687      -1.94980538    
   97.3000031      -1.48082841E-02  -1.99201846      -1.97721016    
   97.4000015      -1.50244376E-02  -1.99988699      -1.98486257    
   97.5000000      -1.50893135E-02  -1.98777401      -1.97268474    
   97.5999985      -1.50037771E-02  -1.95580041      -1.94079661    
   97.7000046      -1.47701781E-02  -1.90428102      -1.88951087    
   97.8000031      -1.43923117E-02  -1.83373845      -1.81934619    
   97.9000015      -1.38753671E-02  -1.74487424      -1.73099887    
   98.0000000      -1.32258628E-02  -1.63857651      -1.62535059    
   98.0999985      -1.24515668E-02  -1.51590705      -1.50345552    
   98.2000046      -1.15614096E-02  -1.37808061      -1.36651921    
   98.3000031      -1.05653815E-02  -1.22649527      -1.21592987    
   98.4000015      -9.47442465E-03  -1.06265545      -1.05318105    
   98.5000000      -8.30031466E-03 -0.888198316     -0.879898012    
   98.5999985      -7.05553358E-03 -0.704866886     -0.697811365    
   98.7000046      -5.75314090E-03 -0.514478087     -0.508724928    
   98.8000031      -4.40663844E-03 -0.318963259     -0.314556628    
   98.9000015      -3.02983029E-03 -0.120261535     -0.117231704    
   99.0000000      -1.63668406E-03   7.96417594E-02   8.12784433E-02
   99.0999985      -2.41189962E-04  0.278749317      0.278990507    
   99.2000046       1.14277797E-03  0.475086629      0.473943859    
   99.3000031       2.50159856E-03  0.666662037      0.664160430    
   99.4000015       3.82203585E-03  0.851576626      0.847754598    
   99.5000000       5.09136729E-03   1.02798271       1.02289140    
   99.5999985       6.29750360E-03   1.19411802       1.18782055    
   99.7000046       7.42910476E-03   1.34833360       1.34090447    
   99.8000031       8.47568270E-03   1.48906529       1.48058963    
   99.9000015       9.42769740E-03   1.61491907       1.60549140    
   100.000000       1.02766436E-02   1.72463775       1.71436107    
